City,State/Province,County,Date,year,month,day,season,Count,Latitude,Longitude,Days with AQI,Good Days,Moderate Days,Unhealthy for Sensitive Groups Days,Unhealthy Days,Very Unhealthy Days,Hazardous Days,Max AQI,90th Percentile AQI,Median AQI,Days CO,Days NO2,Days Ozone,Days PM2.5,Days PM10
Aberdeen,MD,HARFORD,2023-08-22,2023,8,22,Summer,5,39.5,-76.2,359.0,238.0,111.0,7.0,3.0,0.0,0.0,200.0,74.0,45.0,0.0,0.0,189.0,170.0,0.0
Aberdeen,MD,HARFORD,2023-08-26,2023,8,26,Summer,2,39.5,-76.2,359.0,238.0,111.0,7.0,3.0,0.0,0.0,200.0,74.0,45.0,0.0,0.0,189.0,170.0,0.0
Abilene,TX,TAYLOR,2023-08-15,2023,8,15,Summer,7,32.5,-99.7,,,,,,,,,,,,,,,
Abilene,TX,TAYLOR,2023-08-28,2023,8,28,Summer,7,32.5,-99.7,,,,,,,,,,,,,,,
Abilene,TX,TAYLOR,2023-08-31,2023,8,31,Summer,7,32.5,-99.7,,,,,,,,,,,,,,,
Abilene,TX,TAYLOR,2023-09-06,2023,9,6,Fall,7,32.4,-99.7,,,,,,,,,,,,,,,
Abilene,TX,TAYLOR,2023-09-19,2023,9,19,Fall,7,32.4,-99.8,,,,,,,,,,,,,,,
Abilene,TX,TAYLOR,2023-10-06,2023,10,6,Fall,7,32.4,-99.7,,,,,,,,,,,,,,,
Abington,PA,MONTGOMERY,2023-08-17,2023,8,17,Summer,3,40.1,-75.1,365.0,232.0,127.0,1.0,3.0,2.0,0.0,284.0,67.0,44.0,0.0,0.0,144.0,221.0,0.0
Ada,OK,PONTOTOC,2023-08-31,2023,8,31,Summer,4,34.8,-96.7,358.0,252.0,106.0,0.0,0.0,0.0,0.0,93.0,64.0,42.0,0.0,0.0,258.0,94.0,6.0
Ada,OK,PONTOTOC,2023-09-09,2023,9,9,Fall,4,34.8,-96.7,358.0,252.0,106.0,0.0,0.0,0.0,0.0,93.0,64.0,42.0,0.0,0.0,258.0,94.0,6.0
Ada,OK,PONTOTOC,2023-09-15,2023,9,15,Fall,8,34.8,-96.7,358.0,252.0,106.0,0.0,0.0,0.0,0.0,93.0,64.0,42.0,0.0,0.0,258.0,94.0,6.0
Ada,OK,PONTOTOC,2023-09-17,2023,9,17,Fall,4,34.8,-96.7,358.0,252.0,106.0,0.0,0.0,0.0,0.0,93.0,64.0,42.0,0.0,0.0,258.0,94.0,6.0
Ada,OK,PONTOTOC,2023-09-18,2023,9,18,Fall,16,34.5,-96.6,358.0,252.0,106.0,0.0,0.0,0.0,0.0,93.0,64.0,42.0,0.0,0.0,258.0,94.0,6.0
Ada,OK,PONTOTOC,2023-10-07,2023,10,7,Fall,4,34.8,-96.7,358.0,252.0,106.0,0.0,0.0,0.0,0.0,93.0,64.0,42.0,0.0,0.0,258.0,94.0,6.0
Ada,OK,PONTOTOC,2023-10-08,2023,10,8,Fall,4,34.8,-96.7,358.0,252.0,106.0,0.0,0.0,0.0,0.0,93.0,64.0,42.0,0.0,0.0,258.0,94.0,6.0
Aiken,SC,AIKEN,2023-08-19,2023,8,19,Summer,3,33.5,-81.7,275.0,252.0,23.0,0.0,0.0,0.0,0.0,80.0,49.0,39.0,0.0,0.0,275.0,0.0,0.0
Aiken,SC,AIKEN,2023-08-21,2023,8,21,Summer,3,33.5,-81.7,275.0,252.0,23.0,0.0,0.0,0.0,0.0,80.0,49.0,39.0,0.0,0.0,275.0,0.0,0.0
Aiken,SC,AIKEN,2023-09-06,2023,9,6,Fall,3,33.5,-81.7,275.0,252.0,23.0,0.0,0.0,0.0,0.0,80.0,49.0,39.0,0.0,0.0,275.0,0.0,0.0
Aiken,SC,AIKEN,2023-09-07,2023,9,7,Fall,3,33.5,-81.7,275.0,252.0,23.0,0.0,0.0,0.0,0.0,80.0,49.0,39.0,0.0,0.0,275.0,0.0,0.0
Akron,CO,WASHINGTON,2023-08-15,2023,8,15,Summer,1,39.9,-103.3,,,,,,,,,,,,,,,
Akron,CO,WASHINGTON,2023-08-29,2023,8,29,Summer,1,39.9,-103.3,,,,,,,,,,,,,,,
Akron,OH,SUMMIT,2023-07-22,2023,7,22,Summer,63,41.1,-81.6,348.0,209.0,131.0,5.0,2.0,1.0,0.0,230.0,74.0,46.0,0.0,0.0,150.0,198.0,0.0
Akron,OH,SUMMIT,2023-08-31,2023,8,31,Summer,21,41.2,-81.6,348.0,209.0,131.0,5.0,2.0,1.0,0.0,230.0,74.0,46.0,0.0,0.0,150.0,198.0,0.0
Akron,OH,SUMMIT,2023-09-01,2023,9,1,Fall,42,41.1,-81.5,348.0,209.0,131.0,5.0,2.0,1.0,0.0,230.0,74.0,46.0,0.0,0.0,150.0,198.0,0.0
Akron,OH,SUMMIT,2023-09-07,2023,9,7,Fall,42,41.1,-81.7,348.0,209.0,131.0,5.0,2.0,1.0,0.0,230.0,74.0,46.0,0.0,0.0,150.0,198.0,0.0
Akron,OH,SUMMIT,2023-09-15,2023,9,15,Fall,21,41.2,-81.6,348.0,209.0,131.0,5.0,2.0,1.0,0.0,230.0,74.0,46.0,0.0,0.0,150.0,198.0,0.0
Akron,OH,SUMMIT,2023-10-01,2023,10,1,Fall,21,41.1,-81.5,348.0,209.0,131.0,5.0,2.0,1.0,0.0,230.0,74.0,46.0,0.0,0.0,150.0,198.0,0.0
Alameda,CA,ALAMEDA,2023-02-01,2023,2,1,Winter,4,37.8,-122.3,365.0,198.0,154.0,13.0,0.0,0.0,0.0,130.0,70.0,48.0,1.0,16.0,131.0,217.0,0.0
Alameda,CA,ALAMEDA,2023-03-15,2023,3,15,Spring,4,37.8,-122.3,365.0,198.0,154.0,13.0,0.0,0.0,0.0,130.0,70.0,48.0,1.0,16.0,131.0,217.0,0.0
Alameda,CA,ALAMEDA,2023-03-17,2023,3,17,Spring,2,37.8,-122.2,365.0,198.0,154.0,13.0,0.0,0.0,0.0,130.0,70.0,48.0,1.0,16.0,131.0,217.0,0.0
Alameda,CA,ALAMEDA,2023-07-27,2023,7,27,Summer,2,37.8,-122.3,365.0,198.0,154.0,13.0,0.0,0.0,0.0,130.0,70.0,48.0,1.0,16.0,131.0,217.0,0.0
Alameda,CA,ALAMEDA,2023-08-18,2023,8,18,Summer,2,37.8,-122.2,365.0,198.0,154.0,13.0,0.0,0.0,0.0,130.0,70.0,48.0,1.0,16.0,131.0,217.0,0.0
Alameda,CA,ALAMEDA,2023-08-20,2023,8,20,Summer,8,37.8,-122.2,365.0,198.0,154.0,13.0,0.0,0.0,0.0,130.0,70.0,48.0,1.0,16.0,131.0,217.0,0.0
Alameda,CA,ALAMEDA,2023-09-11,2023,9,11,Fall,4,37.8,-122.2,365.0,198.0,154.0,13.0,0.0,0.0,0.0,130.0,70.0,48.0,1.0,16.0,131.0,217.0,0.0
Alamo,NV,LINCOLN,2023-08-26,2023,8,26,Summer,18,37.2,-115.0,,,,,,,,,,,,,,,
Alamo,NV,LINCOLN,2023-10-14,2023,10,14,Fall,3,37.3,-115.1,,,,,,,,,,,,,,,
Alamo,NV,LINCOLN,2023-10-30,2023,10,30,Fall,6,37.2,-115.1,,,,,,,,,,,,,,,
Alamo,NV,LINCOLN,2023-11-03,2023,11,3,Fall,3,37.2,-115.1,,,,,,,,,,,,,,,
Albany,CA,ALAMEDA,2023-02-07,2023,2,7,Winter,3,37.9,-122.3,365.0,198.0,154.0,13.0,0.0,0.0,0.0,130.0,70.0,48.0,1.0,16.0,131.0,217.0,0.0
Albany,NY,ALBANY,2023-07-20,2023,7,20,Summer,46,42.7,-73.8,365.0,245.0,113.0,4.0,3.0,0.0,0.0,186.0,62.0,42.0,0.0,0.0,115.0,250.0,0.0
Albany,NY,ALBANY,2023-10-20,2023,10,20,Fall,46,42.6,-73.8,365.0,245.0,113.0,4.0,3.0,0.0,0.0,186.0,62.0,42.0,0.0,0.0,115.0,250.0,0.0
Albion,IN,NOBLE,2023-06-21,2023,6,21,Summer,9,41.3,-85.5,,,,,,,,,,,,,,,
Albion,IN,NOBLE,2023-06-28,2023,6,28,Summer,9,41.3,-85.5,,,,,,,,,,,,,,,
Albion,IN,NOBLE,2023-07-03,2023,7,3,Summer,9,41.3,-85.5,,,,,,,,,,,,,,,
Albion,IN,NOBLE,2023-07-05,2023,7,5,Summer,9,41.3,-85.5,,,,,,,,,,,,,,,
Albion,IN,NOBLE,2023-07-10,2023,7,10,Summer,18,41.3,-85.5,,,,,,,,,,,,,,,
Albuquerque,NM,BERNALILLO,2023-06-03,2023,6,3,Summer,30,35.1,-106.5,365.0,97.0,264.0,3.0,0.0,1.0,0.0,207.0,84.0,59.0,0.0,1.0,193.0,88.0,83.0
Albuquerque,NM,BERNALILLO,2023-08-01,2023,8,1,Summer,15,35.2,-106.7,365.0,97.0,264.0,3.0,0.0,1.0,0.0,207.0,84.0,59.0,0.0,1.0,193.0,88.0,83.0
Albuquerque,NM,BERNALILLO,2023-08-05,2023,8,5,Summer,15,35.2,-106.7,365.0,97.0,264.0,3.0,0.0,1.0,0.0,207.0,84.0,59.0,0.0,1.0,193.0,88.0,83.0
Albuquerque,NM,BERNALILLO,2023-08-14,2023,8,14,Summer,15,35.2,-106.7,365.0,97.0,264.0,3.0,0.0,1.0,0.0,207.0,84.0,59.0,0.0,1.0,193.0,88.0,83.0
Albuquerque,NM,BERNALILLO,2023-08-17,2023,8,17,Summer,15,35.2,-106.7,365.0,97.0,264.0,3.0,0.0,1.0,0.0,207.0,84.0,59.0,0.0,1.0,193.0,88.0,83.0
Albuquerque,NM,BERNALILLO,2023-08-29,2023,8,29,Summer,30,35.2,-106.7,365.0,97.0,264.0,3.0,0.0,1.0,0.0,207.0,84.0,59.0,0.0,1.0,193.0,88.0,83.0
Albuquerque,NM,BERNALILLO,2023-11-07,2023,11,7,Fall,15,35.1,-106.6,365.0,97.0,264.0,3.0,0.0,1.0,0.0,207.0,84.0,59.0,0.0,1.0,193.0,88.0,83.0
Alderson,WV,MONROE,2023-06-28,2023,6,28,Summer,2,37.7,-80.7,,,,,,,,,,,,,,,
Alderson,WV,MONROE,2023-08-05,2023,8,5,Summer,4,37.7,-80.7,,,,,,,,,,,,,,,
Alexander,NC,BUNCOMBE,2023-05-17,2023,5,17,Spring,1,35.7,-82.6,365.0,261.0,104.0,0.0,0.0,0.0,0.0,99.0,60.0,43.0,0.0,0.0,133.0,232.0,0.0
Alexander,NC,BUNCOMBE,2023-05-18,2023,5,18,Spring,1,35.7,-82.6,365.0,261.0,104.0,0.0,0.0,0.0,0.0,99.0,60.0,43.0,0.0,0.0,133.0,232.0,0.0
Alexander,NC,BUNCOMBE,2023-05-21,2023,5,21,Spring,2,35.7,-82.6,365.0,261.0,104.0,0.0,0.0,0.0,0.0,99.0,60.0,43.0,0.0,0.0,133.0,232.0,0.0
Alexander,NC,BUNCOMBE,2023-06-06,2023,6,6,Summer,1,35.7,-82.6,365.0,261.0,104.0,0.0,0.0,0.0,0.0,99.0,60.0,43.0,0.0,0.0,133.0,232.0,0.0
Alexander,NC,BUNCOMBE,2023-06-08,2023,6,8,Summer,1,35.7,-82.6,365.0,261.0,104.0,0.0,0.0,0.0,0.0,99.0,60.0,43.0,0.0,0.0,133.0,232.0,0.0
Alexander,NC,BUNCOMBE,2023-08-17,2023,8,17,Summer,1,35.7,-82.6,365.0,261.0,104.0,0.0,0.0,0.0,0.0,99.0,60.0,43.0,0.0,0.0,133.0,232.0,0.0
Alexander,NC,BUNCOMBE,2023-09-02,2023,9,2,Fall,2,35.7,-82.6,365.0,261.0,104.0,0.0,0.0,0.0,0.0,99.0,60.0,43.0,0.0,0.0,133.0,232.0,0.0
Alexander,NC,BUNCOMBE,2023-09-03,2023,9,3,Fall,2,35.7,-82.6,365.0,261.0,104.0,0.0,0.0,0.0,0.0,99.0,60.0,43.0,0.0,0.0,133.0,232.0,0.0
Alexander,NC,BUNCOMBE,2023-09-09,2023,9,9,Fall,1,35.7,-82.6,365.0,261.0,104.0,0.0,0.0,0.0,0.0,99.0,60.0,43.0,0.0,0.0,133.0,232.0,0.0
Alexander,NC,BUNCOMBE,2023-09-15,2023,9,15,Fall,1,35.7,-82.6,365.0,261.0,104.0,0.0,0.0,0.0,0.0,99.0,60.0,43.0,0.0,0.0,133.0,232.0,0.0
Alexander,NC,BUNCOMBE,2023-09-20,2023,9,20,Fall,1,35.7,-82.6,365.0,261.0,104.0,0.0,0.0,0.0,0.0,99.0,60.0,43.0,0.0,0.0,133.0,232.0,0.0
Alexander,NC,BUNCOMBE,2023-10-02,2023,10,2,Fall,1,35.7,-82.6,365.0,261.0,104.0,0.0,0.0,0.0,0.0,99.0,60.0,43.0,0.0,0.0,133.0,232.0,0.0
Alexander,NC,BUNCOMBE,2023-10-06,2023,10,6,Fall,1,35.7,-82.6,365.0,261.0,104.0,0.0,0.0,0.0,0.0,99.0,60.0,43.0,0.0,0.0,133.0,232.0,0.0
Alexander,NC,BUNCOMBE,2023-10-26,2023,10,26,Fall,1,35.7,-82.6,365.0,261.0,104.0,0.0,0.0,0.0,0.0,99.0,60.0,43.0,0.0,0.0,133.0,232.0,0.0
Alexandria,VA,FAIRFAX,2023-08-11,2023,8,11,Summer,10,38.8,-77.1,365.0,217.0,138.0,7.0,2.0,1.0,0.0,222.0,69.0,46.0,0.0,19.0,130.0,216.0,0.0
Alexandria,VA,FAIRFAX,2023-08-30,2023,8,30,Summer,20,38.8,-77.0,365.0,217.0,138.0,7.0,2.0,1.0,0.0,222.0,69.0,46.0,0.0,19.0,130.0,216.0,0.0
Alhambra,CA,LOS ANGELES,2023-07-30,2023,7,30,Summer,6,34.1,-118.1,365.0,41.0,237.0,52.0,32.0,3.0,0.0,210.0,147.0,67.0,0.0,5.0,150.0,203.0,7.0
Allegan,MI,ALLEGAN,2023-09-10,2023,9,10,Fall,2,42.6,-85.8,360.0,246.0,102.0,11.0,1.0,0.0,0.0,161.0,80.0,42.0,0.0,0.0,200.0,160.0,0.0
Allen,TX,COLLIN,2023-03-23,2023,3,23,Spring,3,33.1,-96.7,356.0,261.0,74.0,19.0,2.0,0.0,0.0,154.0,80.0,41.0,0.0,0.0,356.0,0.0,0.0
Allen,TX,COLLIN,2023-06-06,2023,6,6,Summer,3,33.1,-96.6,356.0,261.0,74.0,19.0,2.0,0.0,0.0,154.0,80.0,41.0,0.0,0.0,356.0,0.0,0.0
Allen,TX,COLLIN,2023-08-11,2023,8,11,Summer,3,33.1,-96.6,356.0,261.0,74.0,19.0,2.0,0.0,0.0,154.0,80.0,41.0,0.0,0.0,356.0,0.0,0.0
Allen,TX,COLLIN,2023-10-08,2023,10,8,Fall,24,33.1,-96.6,356.0,261.0,74.0,19.0,2.0,0.0,0.0,154.0,80.0,41.0,0.0,0.0,356.0,0.0,0.0
Allen Park,MI,WAYNE,2023-08-01,2023,8,1,Summer,2,42.2,-83.2,365.0,70.0,272.0,19.0,3.0,1.0,0.0,226.0,89.0,61.0,0.0,2.0,33.0,329.0,1.0
Allenton,MI,SAINT CLAIR,2023-07-23,2023,7,23,Summer,10,42.9,-82.9,362.0,186.0,163.0,9.0,4.0,0.0,0.0,197.0,71.0,49.0,0.0,0.0,106.0,256.0,0.0
Allenton,MI,SAINT CLAIR,2023-10-02,2023,10,2,Fall,5,42.9,-82.9,362.0,186.0,163.0,9.0,4.0,0.0,0.0,197.0,71.0,49.0,0.0,0.0,106.0,256.0,0.0
Allenton,MI,SAINT CLAIR,2023-10-18,2023,10,18,Fall,5,42.9,-82.9,362.0,186.0,163.0,9.0,4.0,0.0,0.0,197.0,71.0,49.0,0.0,0.0,106.0,256.0,0.0
Alpharetta,GA,FULTON,2023-08-26,2023,8,26,Summer,3,34.1,-84.2,365.0,155.0,198.0,10.0,2.0,0.0,0.0,172.0,71.0,53.0,1.0,2.0,105.0,257.0,0.0
Alpharetta,GA,FULTON,2023-10-19,2023,10,19,Fall,18,34.1,-84.3,365.0,155.0,198.0,10.0,2.0,0.0,0.0,172.0,71.0,53.0,1.0,2.0,105.0,257.0,0.0
Alpine,TX,BREWSTER,2023-03-11,2023,3,11,Spring,2,30.3,-103.6,359.0,262.0,96.0,1.0,0.0,0.0,0.0,101.0,58.0,43.0,0.0,0.0,228.0,131.0,0.0
Alpine,TX,BREWSTER,2023-03-14,2023,3,14,Spring,2,30.3,-103.6,359.0,262.0,96.0,1.0,0.0,0.0,0.0,101.0,58.0,43.0,0.0,0.0,228.0,131.0,0.0
Alpine,UT,UTAH,2023-08-20,2023,8,20,Summer,4,40.4,-111.8,365.0,201.0,163.0,1.0,0.0,0.0,0.0,104.0,74.0,48.0,0.0,1.0,231.0,133.0,0.0
Alto,MI,KENT,2023-09-14,2023,9,14,Fall,1,42.8,-85.4,365.0,188.0,165.0,9.0,2.0,1.0,0.0,220.0,80.0,49.0,1.0,13.0,153.0,198.0,0.0
Altoona,PA,BLAIR,2023-08-10,2023,8,10,Summer,1,40.5,-78.4,358.0,229.0,123.0,1.0,4.0,1.0,0.0,213.0,67.0,43.0,0.0,0.0,120.0,238.0,0.0
Altoona,PA,BLAIR,2023-08-18,2023,8,18,Summer,4,40.5,-78.4,358.0,229.0,123.0,1.0,4.0,1.0,0.0,213.0,67.0,43.0,0.0,0.0,120.0,238.0,0.0
Alva,FL,LEE,2023-01-11,2023,1,11,Winter,8,26.7,-81.6,364.0,343.0,20.0,1.0,0.0,0.0,0.0,101.0,46.0,35.0,0.0,0.0,364.0,0.0,0.0
Alvin,TX,BRAZORIA,2023-04-11,2023,4,11,Spring,1,29.4,-95.2,365.0,301.0,47.0,16.0,1.0,0.0,0.0,156.0,67.0,36.0,0.0,7.0,336.0,22.0,0.0
Alvin,TX,BRAZORIA,2023-10-13,2023,10,13,Fall,1,29.4,-95.2,365.0,301.0,47.0,16.0,1.0,0.0,0.0,156.0,67.0,36.0,0.0,7.0,336.0,22.0,0.0
Alvin,TX,BRAZORIA,2023-10-19,2023,10,19,Fall,1,29.4,-95.2,365.0,301.0,47.0,16.0,1.0,0.0,0.0,156.0,67.0,36.0,0.0,7.0,336.0,22.0,0.0
Alvin,TX,BRAZORIA,2023-11-03,2023,11,3,Fall,1,29.4,-95.2,365.0,301.0,47.0,16.0,1.0,0.0,0.0,156.0,67.0,36.0,0.0,7.0,336.0,22.0,0.0
Alvin,TX,BRAZORIA,2023-12-18,2023,12,18,Winter,0,29.4,-95.2,365.0,301.0,47.0,16.0,1.0,0.0,0.0,156.0,67.0,36.0,0.0,7.0,336.0,22.0,0.0
American Fork,UT,UTAH,2023-07-01,2023,7,1,Summer,8,40.4,-111.8,365.0,201.0,163.0,1.0,0.0,0.0,0.0,104.0,74.0,48.0,0.0,1.0,231.0,133.0,0.0
American Fork,UT,UTAH,2023-07-06,2023,7,6,Summer,4,40.4,-111.8,365.0,201.0,163.0,1.0,0.0,0.0,0.0,104.0,74.0,48.0,0.0,1.0,231.0,133.0,0.0
American Fork,UT,UTAH,2023-07-09,2023,7,9,Summer,12,40.4,-111.8,365.0,201.0,163.0,1.0,0.0,0.0,0.0,104.0,74.0,48.0,0.0,1.0,231.0,133.0,0.0
American Fork,UT,UTAH,2023-07-28,2023,7,28,Summer,88,40.4,-111.8,365.0,201.0,163.0,1.0,0.0,0.0,0.0,104.0,74.0,48.0,0.0,1.0,231.0,133.0,0.0
American Fork,UT,UTAH,2023-08-02,2023,8,2,Summer,56,40.4,-111.8,365.0,201.0,163.0,1.0,0.0,0.0,0.0,104.0,74.0,48.0,0.0,1.0,231.0,133.0,0.0
American Fork,UT,UTAH,2023-08-04,2023,8,4,Summer,108,40.4,-111.8,365.0,201.0,163.0,1.0,0.0,0.0,0.0,104.0,74.0,48.0,0.0,1.0,231.0,133.0,0.0
American Fork,UT,UTAH,2023-08-05,2023,8,5,Summer,68,40.4,-111.8,365.0,201.0,163.0,1.0,0.0,0.0,0.0,104.0,74.0,48.0,0.0,1.0,231.0,133.0,0.0
American Fork,UT,UTAH,2023-08-08,2023,8,8,Summer,48,40.4,-111.8,365.0,201.0,163.0,1.0,0.0,0.0,0.0,104.0,74.0,48.0,0.0,1.0,231.0,133.0,0.0
American Fork,UT,UTAH,2023-08-29,2023,8,29,Summer,40,40.4,-111.8,365.0,201.0,163.0,1.0,0.0,0.0,0.0,104.0,74.0,48.0,0.0,1.0,231.0,133.0,0.0
American Fork,UT,UTAH,2023-09-10,2023,9,10,Fall,20,40.4,-111.8,365.0,201.0,163.0,1.0,0.0,0.0,0.0,104.0,74.0,48.0,0.0,1.0,231.0,133.0,0.0
Amherst,NH,HILLSBOROUGH,2023-08-21,2023,8,21,Summer,1,42.9,-71.6,365.0,305.0,55.0,5.0,0.0,0.0,0.0,119.0,58.0,39.0,3.0,0.0,293.0,69.0,0.0
Amherst,WI,PORTAGE,2023-09-28,2023,9,28,Fall,1,44.4,-89.3,,,,,,,,,,,,,,,
Anaheim,CA,ORANGE,2023-07-27,2023,7,27,Summer,7,33.8,-117.9,365.0,160.0,195.0,9.0,1.0,0.0,0.0,166.0,77.0,52.0,0.0,14.0,142.0,204.0,5.0
Anderson,SC,ANDERSON,2023-10-10,2023,10,10,Fall,6,34.5,-82.8,270.0,233.0,37.0,0.0,0.0,0.0,0.0,97.0,58.0,42.0,0.0,0.0,270.0,0.0,0.0
Andover,MN,ANOKA,2023-07-01,2023,7,1,Summer,70,45.2,-93.3,365.0,217.0,131.0,15.0,2.0,0.0,0.0,175.0,83.0,46.0,0.0,6.0,194.0,164.0,1.0
Andover,MN,ANOKA,2023-08-24,2023,8,24,Summer,225,45.2,-93.3,365.0,217.0,131.0,15.0,2.0,0.0,0.0,175.0,83.0,46.0,0.0,6.0,194.0,164.0,1.0
Andover,MN,ANOKA,2023-10-03,2023,10,3,Fall,5,45.2,-93.3,365.0,217.0,131.0,15.0,2.0,0.0,0.0,175.0,83.0,46.0,0.0,6.0,194.0,164.0,1.0
Angleton,TX,BRAZORIA,2023-10-19,2023,10,19,Fall,7,29.2,-95.4,365.0,301.0,47.0,16.0,1.0,0.0,0.0,156.0,67.0,36.0,0.0,7.0,336.0,22.0,0.0
Ankeny,IA,POLK,2023-07-31,2023,7,31,Summer,1,41.7,-93.6,365.0,168.0,182.0,12.0,3.0,0.0,0.0,166.0,73.0,52.0,0.0,3.0,81.0,281.0,0.0
Ann Arbor,MI,WASHTENAW,2023-07-03,2023,7,3,Summer,11,42.3,-83.8,365.0,168.0,184.0,9.0,2.0,2.0,0.0,218.0,76.0,52.0,0.0,0.0,121.0,244.0,0.0
Ann Arbor,MI,WASHTENAW,2023-07-04,2023,7,4,Summer,0,42.3,-83.8,365.0,168.0,184.0,9.0,2.0,2.0,0.0,218.0,76.0,52.0,0.0,0.0,121.0,244.0,0.0
Ann Arbor,MI,WASHTENAW,2023-07-05,2023,7,5,Summer,11,42.3,-83.9,365.0,168.0,184.0,9.0,2.0,2.0,0.0,218.0,76.0,52.0,0.0,0.0,121.0,244.0,0.0
Ann Arbor,MI,WASHTENAW,2023-07-18,2023,7,18,Summer,11,42.3,-83.9,365.0,168.0,184.0,9.0,2.0,2.0,0.0,218.0,76.0,52.0,0.0,0.0,121.0,244.0,0.0
Ann Arbor,MI,WASHTENAW,2023-07-22,2023,7,22,Summer,22,42.3,-83.8,365.0,168.0,184.0,9.0,2.0,2.0,0.0,218.0,76.0,52.0,0.0,0.0,121.0,244.0,0.0
Ann Arbor,MI,WASHTENAW,2023-07-23,2023,7,23,Summer,22,42.3,-83.8,365.0,168.0,184.0,9.0,2.0,2.0,0.0,218.0,76.0,52.0,0.0,0.0,121.0,244.0,0.0
Ann Arbor,MI,WASHTENAW,2023-07-28,2023,7,28,Summer,22,42.3,-83.7,365.0,168.0,184.0,9.0,2.0,2.0,0.0,218.0,76.0,52.0,0.0,0.0,121.0,244.0,0.0
Ann Arbor,MI,WASHTENAW,2023-08-20,2023,8,20,Summer,11,42.3,-83.7,365.0,168.0,184.0,9.0,2.0,2.0,0.0,218.0,76.0,52.0,0.0,0.0,121.0,244.0,0.0
Ann Arbor,MI,WASHTENAW,2023-08-21,2023,8,21,Summer,11,42.3,-83.9,365.0,168.0,184.0,9.0,2.0,2.0,0.0,218.0,76.0,52.0,0.0,0.0,121.0,244.0,0.0
Ann Arbor,MI,WASHTENAW,2023-10-04,2023,10,4,Fall,11,42.3,-83.8,365.0,168.0,184.0,9.0,2.0,2.0,0.0,218.0,76.0,52.0,0.0,0.0,121.0,244.0,0.0
Annandale,VA,FAIRFAX,2023-08-26,2023,8,26,Summer,1,38.8,-77.2,365.0,217.0,138.0,7.0,2.0,1.0,0.0,222.0,69.0,46.0,0.0,19.0,130.0,216.0,0.0
Annapolis,MD,ANNE ARUNDEL,2023-08-02,2023,8,2,Summer,10,38.9,-76.5,263.0,225.0,36.0,2.0,0.0,0.0,0.0,150.0,58.0,40.0,0.0,0.0,244.0,0.0,19.0
Annapolis,MD,ANNE ARUNDEL,2023-08-16,2023,8,16,Summer,10,39.0,-76.5,263.0,225.0,36.0,2.0,0.0,0.0,0.0,150.0,58.0,40.0,0.0,0.0,244.0,0.0,19.0
Annapolis,MD,ANNE ARUNDEL,2023-10-09,2023,10,9,Fall,50,39.0,-76.4,263.0,225.0,36.0,2.0,0.0,0.0,0.0,150.0,58.0,40.0,0.0,0.0,244.0,0.0,19.0
Annapolis,MD,ANNE ARUNDEL,2023-11-07,2023,11,7,Fall,10,38.9,-76.5,263.0,225.0,36.0,2.0,0.0,0.0,0.0,150.0,58.0,40.0,0.0,0.0,244.0,0.0,19.0
Ansonia,CT,NEW HAVEN,2023-07-26,2023,7,26,Summer,1,41.3,-73.1,365.0,205.0,148.0,9.0,2.0,1.0,0.0,208.0,74.0,47.0,0.0,9.0,158.0,198.0,0.0
Ansonia,CT,NEW HAVEN,2023-07-28,2023,7,28,Summer,3,41.3,-73.1,365.0,205.0,148.0,9.0,2.0,1.0,0.0,208.0,74.0,47.0,0.0,9.0,158.0,198.0,0.0
Ansonia,CT,NEW HAVEN,2023-07-29,2023,7,29,Summer,1,41.3,-73.1,365.0,205.0,148.0,9.0,2.0,1.0,0.0,208.0,74.0,47.0,0.0,9.0,158.0,198.0,0.0
Ansonia,CT,NEW HAVEN,2023-07-31,2023,7,31,Summer,1,41.3,-73.1,365.0,205.0,148.0,9.0,2.0,1.0,0.0,208.0,74.0,47.0,0.0,9.0,158.0,198.0,0.0
Ansonia,CT,NEW HAVEN,2023-10-24,2023,10,24,Fall,1,41.3,-73.1,365.0,205.0,148.0,9.0,2.0,1.0,0.0,208.0,74.0,47.0,0.0,9.0,158.0,198.0,0.0
Antioch,IL,LAKE,2023-05-29,2023,5,29,Spring,3,42.5,-88.1,243.0,182.0,47.0,13.0,1.0,0.0,0.0,179.0,84.0,42.0,0.0,0.0,243.0,0.0,0.0
Antioch,IL,LAKE,2023-06-20,2023,6,20,Summer,3,42.5,-88.1,243.0,182.0,47.0,13.0,1.0,0.0,0.0,179.0,84.0,42.0,0.0,0.0,243.0,0.0,0.0
Antioch,IL,LAKE,2023-06-22,2023,6,22,Summer,3,42.5,-88.1,243.0,182.0,47.0,13.0,1.0,0.0,0.0,179.0,84.0,42.0,0.0,0.0,243.0,0.0,0.0
Antioch,IL,LAKE,2023-06-26,2023,6,26,Summer,3,42.5,-88.1,243.0,182.0,47.0,13.0,1.0,0.0,0.0,179.0,84.0,42.0,0.0,0.0,243.0,0.0,0.0
Antioch,IL,LAKE,2023-06-30,2023,6,30,Summer,9,42.5,-88.1,243.0,182.0,47.0,13.0,1.0,0.0,0.0,179.0,84.0,42.0,0.0,0.0,243.0,0.0,0.0
Apalachicola,FL,FRANKLIN,2023-11-04,2023,11,4,Fall,3,29.7,-85.0,,,,,,,,,,,,,,,
Apex,NC,WAKE,2023-05-02,2023,5,2,Spring,1,35.8,-78.9,365.0,190.0,170.0,5.0,0.0,0.0,0.0,130.0,66.0,49.0,0.0,1.0,108.0,256.0,0.0
Apex,NC,WAKE,2023-05-18,2023,5,18,Spring,2,35.8,-78.9,365.0,190.0,170.0,5.0,0.0,0.0,0.0,130.0,66.0,49.0,0.0,1.0,108.0,256.0,0.0
Apex,NC,WAKE,2023-08-26,2023,8,26,Summer,3,35.7,-78.9,365.0,190.0,170.0,5.0,0.0,0.0,0.0,130.0,66.0,49.0,0.0,1.0,108.0,256.0,0.0
Apex,NC,WAKE,2023-10-02,2023,10,2,Fall,1,35.8,-78.9,365.0,190.0,170.0,5.0,0.0,0.0,0.0,130.0,66.0,49.0,0.0,1.0,108.0,256.0,0.0
Apex,NC,WAKE,2023-10-16,2023,10,16,Fall,1,35.8,-78.9,365.0,190.0,170.0,5.0,0.0,0.0,0.0,130.0,66.0,49.0,0.0,1.0,108.0,256.0,0.0
Apex,NC,WAKE,2023-10-19,2023,10,19,Fall,1,35.8,-78.9,365.0,190.0,170.0,5.0,0.0,0.0,0.0,130.0,66.0,49.0,0.0,1.0,108.0,256.0,0.0
Apex,NC,WAKE,2023-10-30,2023,10,30,Fall,1,35.8,-78.9,365.0,190.0,170.0,5.0,0.0,0.0,0.0,130.0,66.0,49.0,0.0,1.0,108.0,256.0,0.0
Appleton,WI,OUTAGAMIE,2023-05-20,2023,5,20,Spring,5,44.2,-88.4,360.0,195.0,152.0,8.0,5.0,0.0,0.0,186.0,78.0,48.0,0.0,0.0,85.0,275.0,0.0
Appleton,WI,OUTAGAMIE,2023-07-28,2023,7,28,Summer,25,44.3,-88.4,360.0,195.0,152.0,8.0,5.0,0.0,0.0,186.0,78.0,48.0,0.0,0.0,85.0,275.0,0.0
Appleton,WI,OUTAGAMIE,2023-07-30,2023,7,30,Summer,40,44.2,-88.4,360.0,195.0,152.0,8.0,5.0,0.0,0.0,186.0,78.0,48.0,0.0,0.0,85.0,275.0,0.0
Appleton,WI,OUTAGAMIE,2023-08-03,2023,8,3,Summer,5,44.3,-88.4,360.0,195.0,152.0,8.0,5.0,0.0,0.0,186.0,78.0,48.0,0.0,0.0,85.0,275.0,0.0
Appleton,WI,OUTAGAMIE,2023-08-04,2023,8,4,Summer,5,44.3,-88.4,360.0,195.0,152.0,8.0,5.0,0.0,0.0,186.0,78.0,48.0,0.0,0.0,85.0,275.0,0.0
Appleton,WI,OUTAGAMIE,2023-08-06,2023,8,6,Summer,20,44.4,-88.5,360.0,195.0,152.0,8.0,5.0,0.0,0.0,186.0,78.0,48.0,0.0,0.0,85.0,275.0,0.0
Appleton,WI,OUTAGAMIE,2023-09-01,2023,9,1,Fall,15,44.3,-88.4,360.0,195.0,152.0,8.0,5.0,0.0,0.0,186.0,78.0,48.0,0.0,0.0,85.0,275.0,0.0
Arcade,NY,WYOMING,2023-09-17,2023,9,17,Fall,6,42.5,-78.4,,,,,,,,,,,,,,,
Arcadia,MI,MANISTEE,2023-08-15,2023,8,15,Summer,1,44.5,-86.2,309.0,244.0,57.0,7.0,1.0,0.0,0.0,161.0,69.0,39.0,0.0,0.0,230.0,79.0,0.0
Arcadia,OK,OKLAHOMA,2023-08-14,2023,8,14,Summer,2,35.7,-97.3,365.0,150.0,210.0,5.0,0.0,0.0,0.0,136.0,74.0,53.0,0.0,12.0,140.0,208.0,5.0
Archbald,PA,LACKAWANNA,2023-10-13,2023,10,13,Fall,2,41.5,-75.6,365.0,230.0,127.0,3.0,4.0,1.0,0.0,292.0,64.0,44.0,0.0,7.0,140.0,218.0,0.0
Arden,NC,BUNCOMBE,2023-09-28,2023,9,28,Fall,4,35.5,-82.5,365.0,261.0,104.0,0.0,0.0,0.0,0.0,99.0,60.0,43.0,0.0,0.0,133.0,232.0,0.0
Arden,NC,BUNCOMBE,2023-09-29,2023,9,29,Fall,8,35.5,-82.5,365.0,261.0,104.0,0.0,0.0,0.0,0.0,99.0,60.0,43.0,0.0,0.0,133.0,232.0,0.0
Arden,NC,BUNCOMBE,2023-10-03,2023,10,3,Fall,4,35.5,-82.6,365.0,261.0,104.0,0.0,0.0,0.0,0.0,99.0,60.0,43.0,0.0,0.0,133.0,232.0,0.0
Arden,NC,BUNCOMBE,2023-10-04,2023,10,4,Fall,16,35.5,-82.5,365.0,261.0,104.0,0.0,0.0,0.0,0.0,99.0,60.0,43.0,0.0,0.0,133.0,232.0,0.0
Arden,NC,BUNCOMBE,2023-10-08,2023,10,8,Fall,4,35.5,-82.5,365.0,261.0,104.0,0.0,0.0,0.0,0.0,99.0,60.0,43.0,0.0,0.0,133.0,232.0,0.0
Arden,NC,BUNCOMBE,2023-10-10,2023,10,10,Fall,4,35.5,-82.6,365.0,261.0,104.0,0.0,0.0,0.0,0.0,99.0,60.0,43.0,0.0,0.0,133.0,232.0,0.0
Arden,NC,BUNCOMBE,2023-10-11,2023,10,11,Fall,4,35.5,-82.6,365.0,261.0,104.0,0.0,0.0,0.0,0.0,99.0,60.0,43.0,0.0,0.0,133.0,232.0,0.0
Arden,NC,BUNCOMBE,2023-10-19,2023,10,19,Fall,40,35.5,-82.6,365.0,261.0,104.0,0.0,0.0,0.0,0.0,99.0,60.0,43.0,0.0,0.0,133.0,232.0,0.0
Arden,NC,BUNCOMBE,2023-10-25,2023,10,25,Fall,8,35.5,-82.5,365.0,261.0,104.0,0.0,0.0,0.0,0.0,99.0,60.0,43.0,0.0,0.0,133.0,232.0,0.0
Arden,NC,BUNCOMBE,2023-10-27,2023,10,27,Fall,4,35.5,-82.5,365.0,261.0,104.0,0.0,0.0,0.0,0.0,99.0,60.0,43.0,0.0,0.0,133.0,232.0,0.0
Arden,NC,BUNCOMBE,2023-11-07,2023,11,7,Fall,4,35.5,-82.5,365.0,261.0,104.0,0.0,0.0,0.0,0.0,99.0,60.0,43.0,0.0,0.0,133.0,232.0,0.0
Ardmore,OK,CARTER,2023-10-01,2023,10,1,Fall,3,34.1,-97.1,344.0,189.0,138.0,17.0,0.0,0.0,0.0,136.0,87.0,48.0,0.0,0.0,210.0,134.0,0.0
Argyle,NY,WASHINGTON,2023-08-02,2023,8,2,Summer,3,43.2,-73.5,,,,,,,,,,,,,,,
Arlington,TX,TARRANT,2023-04-01,2023,4,1,Spring,6,32.8,-97.1,365.0,99.0,239.0,23.0,4.0,0.0,0.0,172.0,93.0,57.0,0.0,4.0,122.0,239.0,0.0
Arlington,TX,TARRANT,2023-04-05,2023,4,5,Spring,6,32.7,-97.2,365.0,99.0,239.0,23.0,4.0,0.0,0.0,172.0,93.0,57.0,0.0,4.0,122.0,239.0,0.0
Arlington,TX,TARRANT,2023-06-10,2023,6,10,Summer,6,32.8,-97.1,365.0,99.0,239.0,23.0,4.0,0.0,0.0,172.0,93.0,57.0,0.0,4.0,122.0,239.0,0.0
Arlington,TX,TARRANT,2023-09-28,2023,9,28,Fall,24,32.7,-97.1,365.0,99.0,239.0,23.0,4.0,0.0,0.0,172.0,93.0,57.0,0.0,4.0,122.0,239.0,0.0
Arlington,TX,TARRANT,2023-10-10,2023,10,10,Fall,12,32.6,-97.1,365.0,99.0,239.0,23.0,4.0,0.0,0.0,172.0,93.0,57.0,0.0,4.0,122.0,239.0,0.0
Arlington,TX,TARRANT,2023-10-13,2023,10,13,Fall,12,32.6,-97.1,365.0,99.0,239.0,23.0,4.0,0.0,0.0,172.0,93.0,57.0,0.0,4.0,122.0,239.0,0.0
Arlington,TX,TARRANT,2023-10-19,2023,10,19,Fall,6,32.6,-97.1,365.0,99.0,239.0,23.0,4.0,0.0,0.0,172.0,93.0,57.0,0.0,4.0,122.0,239.0,0.0
Arlington,VA,ARLINGTON,2023-08-21,2023,8,21,Summer,17,38.9,-77.1,365.0,302.0,58.0,3.0,2.0,0.0,0.0,181.0,58.0,38.0,2.0,52.0,259.0,52.0,0.0
Arlington,VA,ARLINGTON,2023-08-22,2023,8,22,Summer,17,38.9,-77.1,365.0,302.0,58.0,3.0,2.0,0.0,0.0,181.0,58.0,38.0,2.0,52.0,259.0,52.0,0.0
Arlington,VA,ARLINGTON,2023-09-07,2023,9,7,Fall,17,38.9,-77.1,365.0,302.0,58.0,3.0,2.0,0.0,0.0,181.0,58.0,38.0,2.0,52.0,259.0,52.0,0.0
Arlington,VA,ARLINGTON,2023-09-14,2023,9,14,Fall,51,38.9,-77.1,365.0,302.0,58.0,3.0,2.0,0.0,0.0,181.0,58.0,38.0,2.0,52.0,259.0,52.0,0.0
Arlington,WI,COLUMBIA,2023-07-28,2023,7,28,Summer,6,43.3,-89.4,203.0,133.0,52.0,16.0,2.0,0.0,0.0,159.0,93.0,44.0,0.0,0.0,203.0,0.0,0.0
Arlington Heights,IL,COOK,2023-06-19,2023,6,19,Summer,2,42.1,-88.0,365.0,104.0,227.0,27.0,5.0,2.0,0.0,223.0,93.0,57.0,0.0,8.0,97.0,252.0,8.0
Arlington Heights,IL,COOK,2023-07-25,2023,7,25,Summer,2,42.1,-88.0,365.0,104.0,227.0,27.0,5.0,2.0,0.0,223.0,93.0,57.0,0.0,8.0,97.0,252.0,8.0
Arlington Heights,IL,COOK,2023-08-02,2023,8,2,Summer,4,42.1,-88.0,365.0,104.0,227.0,27.0,5.0,2.0,0.0,223.0,93.0,57.0,0.0,8.0,97.0,252.0,8.0
Arlington Heights,IL,COOK,2023-10-01,2023,10,1,Fall,2,42.1,-88.0,365.0,104.0,227.0,27.0,5.0,2.0,0.0,223.0,93.0,57.0,0.0,8.0,97.0,252.0,8.0
Arlington Heights,IL,COOK,2023-10-10,2023,10,10,Fall,2,42.1,-88.0,365.0,104.0,227.0,27.0,5.0,2.0,0.0,223.0,93.0,57.0,0.0,8.0,97.0,252.0,8.0
Arnold,CA,CALAVERAS,2023-08-15,2023,8,15,Summer,4,38.2,-120.4,365.0,292.0,72.0,1.0,0.0,0.0,0.0,101.0,56.0,40.0,0.0,0.0,277.0,87.0,1.0
Arnold,MD,ANNE ARUNDEL,2023-08-03,2023,8,3,Summer,1,39.1,-76.5,263.0,225.0,36.0,2.0,0.0,0.0,0.0,150.0,58.0,40.0,0.0,0.0,244.0,0.0,19.0
Arnold,MD,ANNE ARUNDEL,2023-08-04,2023,8,4,Summer,1,39.1,-76.5,263.0,225.0,36.0,2.0,0.0,0.0,0.0,150.0,58.0,40.0,0.0,0.0,244.0,0.0,19.0
Arnold,MD,ANNE ARUNDEL,2023-10-29,2023,10,29,Fall,1,39.1,-76.5,263.0,225.0,36.0,2.0,0.0,0.0,0.0,150.0,58.0,40.0,0.0,0.0,244.0,0.0,19.0
Arvada,CO,JEFFERSON,2023-07-19,2023,7,19,Summer,6,39.9,-105.1,365.0,206.0,141.0,18.0,0.0,0.0,0.0,143.0,90.0,49.0,0.0,2.0,363.0,0.0,0.0
Arvada,CO,JEFFERSON,2023-07-23,2023,7,23,Summer,2,39.9,-105.1,365.0,206.0,141.0,18.0,0.0,0.0,0.0,143.0,90.0,49.0,0.0,2.0,363.0,0.0,0.0
Arvada,CO,JEFFERSON,2023-10-03,2023,10,3,Fall,2,39.8,-105.2,365.0,206.0,141.0,18.0,0.0,0.0,0.0,143.0,90.0,49.0,0.0,2.0,363.0,0.0,0.0
Asbury Park,NJ,MONMOUTH,2023-07-22,2023,7,22,Summer,18,40.2,-74.0,247.0,210.0,35.0,2.0,0.0,0.0,0.0,140.0,61.0,39.0,0.0,0.0,247.0,0.0,0.0
Asbury Park,NJ,MONMOUTH,2023-08-13,2023,8,13,Summer,6,40.2,-74.0,247.0,210.0,35.0,2.0,0.0,0.0,0.0,140.0,61.0,39.0,0.0,0.0,247.0,0.0,0.0
Asbury Park,NJ,MONMOUTH,2023-08-20,2023,8,20,Summer,18,40.2,-74.0,247.0,210.0,35.0,2.0,0.0,0.0,0.0,140.0,61.0,39.0,0.0,0.0,247.0,0.0,0.0
Asbury Park,NJ,MONMOUTH,2023-08-26,2023,8,26,Summer,12,40.2,-74.0,247.0,210.0,35.0,2.0,0.0,0.0,0.0,140.0,61.0,39.0,0.0,0.0,247.0,0.0,0.0
Ash Grove,MO,GREENE,2023-09-10,2023,9,10,Fall,2,37.3,-93.6,365.0,188.0,171.0,6.0,0.0,0.0,0.0,122.0,68.0,49.0,0.0,0.0,111.0,254.0,0.0
Ash Grove,MO,GREENE,2023-09-21,2023,9,21,Fall,4,37.4,-93.6,365.0,188.0,171.0,6.0,0.0,0.0,0.0,122.0,68.0,49.0,0.0,0.0,111.0,254.0,0.0
Ashby,MN,GRANT,2023-08-28,2023,8,28,Summer,1,46.1,-95.8,,,,,,,,,,,,,,,
Asheville,NC,BUNCOMBE,2023-07-21,2023,7,21,Summer,9,35.6,-82.5,365.0,261.0,104.0,0.0,0.0,0.0,0.0,99.0,60.0,43.0,0.0,0.0,133.0,232.0,0.0
Asheville,NC,BUNCOMBE,2023-07-23,2023,7,23,Summer,18,35.6,-82.5,365.0,261.0,104.0,0.0,0.0,0.0,0.0,99.0,60.0,43.0,0.0,0.0,133.0,232.0,0.0
Asheville,NC,BUNCOMBE,2023-07-25,2023,7,25,Summer,27,35.6,-82.5,365.0,261.0,104.0,0.0,0.0,0.0,0.0,99.0,60.0,43.0,0.0,0.0,133.0,232.0,0.0
Asheville,NC,BUNCOMBE,2023-07-26,2023,7,26,Summer,18,35.6,-82.5,365.0,261.0,104.0,0.0,0.0,0.0,0.0,99.0,60.0,43.0,0.0,0.0,133.0,232.0,0.0
Asheville,NC,BUNCOMBE,2023-07-27,2023,7,27,Summer,9,35.6,-82.5,365.0,261.0,104.0,0.0,0.0,0.0,0.0,99.0,60.0,43.0,0.0,0.0,133.0,232.0,0.0
Asheville,NC,BUNCOMBE,2023-08-07,2023,8,7,Summer,9,35.6,-82.6,365.0,261.0,104.0,0.0,0.0,0.0,0.0,99.0,60.0,43.0,0.0,0.0,133.0,232.0,0.0
Asheville,NC,BUNCOMBE,2023-08-18,2023,8,18,Summer,9,35.6,-82.5,365.0,261.0,104.0,0.0,0.0,0.0,0.0,99.0,60.0,43.0,0.0,0.0,133.0,232.0,0.0
Asheville,NC,BUNCOMBE,2023-09-01,2023,9,1,Fall,9,35.6,-82.6,365.0,261.0,104.0,0.0,0.0,0.0,0.0,99.0,60.0,43.0,0.0,0.0,133.0,232.0,0.0
Asheville,NC,BUNCOMBE,2023-09-02,2023,9,2,Fall,9,35.6,-82.6,365.0,261.0,104.0,0.0,0.0,0.0,0.0,99.0,60.0,43.0,0.0,0.0,133.0,232.0,0.0
Asheville,NC,BUNCOMBE,2023-09-03,2023,9,3,Fall,9,35.6,-82.5,365.0,261.0,104.0,0.0,0.0,0.0,0.0,99.0,60.0,43.0,0.0,0.0,133.0,232.0,0.0
Asheville,NC,BUNCOMBE,2023-09-10,2023,9,10,Fall,9,35.6,-82.6,365.0,261.0,104.0,0.0,0.0,0.0,0.0,99.0,60.0,43.0,0.0,0.0,133.0,232.0,0.0
Asheville,NC,BUNCOMBE,2023-09-14,2023,9,14,Fall,9,35.6,-82.6,365.0,261.0,104.0,0.0,0.0,0.0,0.0,99.0,60.0,43.0,0.0,0.0,133.0,232.0,0.0
Asheville,NC,BUNCOMBE,2023-09-21,2023,9,21,Fall,18,35.6,-82.6,365.0,261.0,104.0,0.0,0.0,0.0,0.0,99.0,60.0,43.0,0.0,0.0,133.0,232.0,0.0
Asheville,NC,BUNCOMBE,2023-09-23,2023,9,23,Fall,45,35.6,-82.5,365.0,261.0,104.0,0.0,0.0,0.0,0.0,99.0,60.0,43.0,0.0,0.0,133.0,232.0,0.0
Asheville,NC,BUNCOMBE,2023-09-24,2023,9,24,Fall,9,35.6,-82.6,365.0,261.0,104.0,0.0,0.0,0.0,0.0,99.0,60.0,43.0,0.0,0.0,133.0,232.0,0.0
Asheville,NC,BUNCOMBE,2023-09-25,2023,9,25,Fall,9,35.6,-82.6,365.0,261.0,104.0,0.0,0.0,0.0,0.0,99.0,60.0,43.0,0.0,0.0,133.0,232.0,0.0
Asheville,NC,BUNCOMBE,2023-09-30,2023,9,30,Fall,9,35.6,-82.6,365.0,261.0,104.0,0.0,0.0,0.0,0.0,99.0,60.0,43.0,0.0,0.0,133.0,232.0,0.0
Asheville,NC,BUNCOMBE,2023-10-01,2023,10,1,Fall,18,35.6,-82.6,365.0,261.0,104.0,0.0,0.0,0.0,0.0,99.0,60.0,43.0,0.0,0.0,133.0,232.0,0.0
Asheville,NC,BUNCOMBE,2023-10-03,2023,10,3,Fall,45,35.6,-82.6,365.0,261.0,104.0,0.0,0.0,0.0,0.0,99.0,60.0,43.0,0.0,0.0,133.0,232.0,0.0
Asheville,NC,BUNCOMBE,2023-10-05,2023,10,5,Fall,27,35.6,-82.6,365.0,261.0,104.0,0.0,0.0,0.0,0.0,99.0,60.0,43.0,0.0,0.0,133.0,232.0,0.0
Asheville,NC,BUNCOMBE,2023-10-10,2023,10,10,Fall,9,35.6,-82.5,365.0,261.0,104.0,0.0,0.0,0.0,0.0,99.0,60.0,43.0,0.0,0.0,133.0,232.0,0.0
Asheville,NC,BUNCOMBE,2023-10-13,2023,10,13,Fall,9,35.6,-82.6,365.0,261.0,104.0,0.0,0.0,0.0,0.0,99.0,60.0,43.0,0.0,0.0,133.0,232.0,0.0
Asheville,NC,BUNCOMBE,2023-10-19,2023,10,19,Fall,36,35.6,-82.5,365.0,261.0,104.0,0.0,0.0,0.0,0.0,99.0,60.0,43.0,0.0,0.0,133.0,232.0,0.0
Asheville,NC,BUNCOMBE,2023-11-04,2023,11,4,Fall,9,35.6,-82.6,365.0,261.0,104.0,0.0,0.0,0.0,0.0,99.0,60.0,43.0,0.0,0.0,133.0,232.0,0.0
Ashland,KY,BOYD,2023-08-16,2023,8,16,Summer,12,38.4,-82.6,363.0,226.0,133.0,2.0,2.0,0.0,0.0,159.0,64.0,46.0,0.0,1.0,119.0,242.0,1.0
Ashland,KY,BOYD,2023-09-27,2023,9,27,Fall,12,38.4,-82.6,363.0,226.0,133.0,2.0,2.0,0.0,0.0,159.0,64.0,46.0,0.0,1.0,119.0,242.0,1.0
Ashland,KY,BOYD,2023-09-28,2023,9,28,Fall,24,38.4,-82.6,363.0,226.0,133.0,2.0,2.0,0.0,0.0,159.0,64.0,46.0,0.0,1.0,119.0,242.0,1.0
Ashland,KY,BOYD,2023-09-30,2023,9,30,Fall,12,38.4,-82.6,363.0,226.0,133.0,2.0,2.0,0.0,0.0,159.0,64.0,46.0,0.0,1.0,119.0,242.0,1.0
Ashland,KY,BOYD,2023-10-01,2023,10,1,Fall,12,38.4,-82.6,363.0,226.0,133.0,2.0,2.0,0.0,0.0,159.0,64.0,46.0,0.0,1.0,119.0,242.0,1.0
Ashland,KY,BOYD,2023-10-02,2023,10,2,Fall,24,38.4,-82.6,363.0,226.0,133.0,2.0,2.0,0.0,0.0,159.0,64.0,46.0,0.0,1.0,119.0,242.0,1.0
Ashland,KY,BOYD,2023-10-03,2023,10,3,Fall,12,38.5,-82.7,363.0,226.0,133.0,2.0,2.0,0.0,0.0,159.0,64.0,46.0,0.0,1.0,119.0,242.0,1.0
Ashland,KY,BOYD,2023-10-06,2023,10,6,Fall,12,38.4,-82.6,363.0,226.0,133.0,2.0,2.0,0.0,0.0,159.0,64.0,46.0,0.0,1.0,119.0,242.0,1.0
Ashland,KY,BOYD,2023-10-09,2023,10,9,Fall,36,38.4,-82.6,363.0,226.0,133.0,2.0,2.0,0.0,0.0,159.0,64.0,46.0,0.0,1.0,119.0,242.0,1.0
Ashland,KY,BOYD,2023-10-10,2023,10,10,Fall,36,38.4,-82.6,363.0,226.0,133.0,2.0,2.0,0.0,0.0,159.0,64.0,46.0,0.0,1.0,119.0,242.0,1.0
Ashland,KY,BOYD,2023-10-19,2023,10,19,Fall,24,38.4,-82.6,363.0,226.0,133.0,2.0,2.0,0.0,0.0,159.0,64.0,46.0,0.0,1.0,119.0,242.0,1.0
Ashland,KY,BOYD,2023-10-25,2023,10,25,Fall,24,38.4,-82.6,363.0,226.0,133.0,2.0,2.0,0.0,0.0,159.0,64.0,46.0,0.0,1.0,119.0,242.0,1.0
Ashland,OR,JACKSON,2023-08-01,2023,8,1,Summer,2,42.2,-122.7,365.0,216.0,135.0,2.0,7.0,5.0,0.0,237.0,69.0,45.0,0.0,0.0,98.0,267.0,0.0
Athens,GA,CLARKE,2023-06-19,2023,6,19,Summer,3,34.0,-83.4,365.0,173.0,189.0,3.0,0.0,0.0,0.0,147.0,71.0,52.0,0.0,0.0,98.0,267.0,0.0
Athens,GA,CLARKE,2023-09-23,2023,9,23,Fall,3,33.9,-83.4,365.0,173.0,189.0,3.0,0.0,0.0,0.0,147.0,71.0,52.0,0.0,0.0,98.0,267.0,0.0
Athens,OH,ATHENS,2023-08-01,2023,8,1,Summer,1,39.3,-82.1,244.0,208.0,35.0,0.0,1.0,0.0,0.0,157.0,54.0,31.0,0.0,0.0,0.0,244.0,0.0
Athens,TN,MCMINN,2023-04-10,2023,4,10,Spring,1,35.4,-84.6,355.0,238.0,115.0,2.0,0.0,0.0,0.0,114.0,61.0,39.0,0.0,0.0,0.0,355.0,0.0
Atlanta,GA,COBB,2023-04-01,2023,4,1,Spring,8,33.9,-84.2,323.0,215.0,105.0,3.0,0.0,0.0,0.0,125.0,65.0,43.0,0.0,0.0,183.0,140.0,0.0
Atlanta,GA,COBB,2023-05-21,2023,5,21,Spring,8,33.9,-84.2,323.0,215.0,105.0,3.0,0.0,0.0,0.0,125.0,65.0,43.0,0.0,0.0,183.0,140.0,0.0
Atlanta,GA,COBB,2023-08-26,2023,8,26,Summer,8,33.8,-84.3,323.0,215.0,105.0,3.0,0.0,0.0,0.0,125.0,65.0,43.0,0.0,0.0,183.0,140.0,0.0
Atlanta,GA,COBB,2023-08-31,2023,8,31,Summer,8,33.8,-84.4,323.0,215.0,105.0,3.0,0.0,0.0,0.0,125.0,65.0,43.0,0.0,0.0,183.0,140.0,0.0
Atlanta,GA,COBB,2023-10-03,2023,10,3,Fall,16,33.9,-84.2,323.0,215.0,105.0,3.0,0.0,0.0,0.0,125.0,65.0,43.0,0.0,0.0,183.0,140.0,0.0
Atlanta,GA,COBB,2023-10-05,2023,10,5,Fall,8,33.9,-84.4,323.0,215.0,105.0,3.0,0.0,0.0,0.0,125.0,65.0,43.0,0.0,0.0,183.0,140.0,0.0
Atlanta,GA,COBB,2023-10-06,2023,10,6,Fall,8,33.9,-84.2,323.0,215.0,105.0,3.0,0.0,0.0,0.0,125.0,65.0,43.0,0.0,0.0,183.0,140.0,0.0
Atlanta,GA,COBB,2023-10-07,2023,10,7,Fall,8,33.9,-84.2,323.0,215.0,105.0,3.0,0.0,0.0,0.0,125.0,65.0,43.0,0.0,0.0,183.0,140.0,0.0
Atlanta,GA,COBB,2023-10-08,2023,10,8,Fall,8,33.9,-84.2,323.0,215.0,105.0,3.0,0.0,0.0,0.0,125.0,65.0,43.0,0.0,0.0,183.0,140.0,0.0
Atlanta,GA,COBB,2023-10-09,2023,10,9,Fall,8,33.9,-84.2,323.0,215.0,105.0,3.0,0.0,0.0,0.0,125.0,65.0,43.0,0.0,0.0,183.0,140.0,0.0
Atlanta,GA,COBB,2023-10-16,2023,10,16,Fall,16,33.9,-84.2,323.0,215.0,105.0,3.0,0.0,0.0,0.0,125.0,65.0,43.0,0.0,0.0,183.0,140.0,0.0
Atlanta,GA,COBB,2023-10-20,2023,10,20,Fall,48,33.9,-84.2,323.0,215.0,105.0,3.0,0.0,0.0,0.0,125.0,65.0,43.0,0.0,0.0,183.0,140.0,0.0
Atlanta,GA,COBB,2023-10-21,2023,10,21,Fall,64,33.9,-84.2,323.0,215.0,105.0,3.0,0.0,0.0,0.0,125.0,65.0,43.0,0.0,0.0,183.0,140.0,0.0
Atlanta,GA,COBB,2023-10-22,2023,10,22,Fall,16,33.9,-84.2,323.0,215.0,105.0,3.0,0.0,0.0,0.0,125.0,65.0,43.0,0.0,0.0,183.0,140.0,0.0
Atlanta,GA,COBB,2023-10-23,2023,10,23,Fall,32,33.8,-84.4,323.0,215.0,105.0,3.0,0.0,0.0,0.0,125.0,65.0,43.0,0.0,0.0,183.0,140.0,0.0
Atlanta,GA,COBB,2023-10-25,2023,10,25,Fall,8,33.8,-84.4,323.0,215.0,105.0,3.0,0.0,0.0,0.0,125.0,65.0,43.0,0.0,0.0,183.0,140.0,0.0
Atlanta,GA,DEKALB,2023-04-01,2023,4,1,Spring,17,33.9,-84.2,365.0,140.0,218.0,7.0,0.0,0.0,0.0,136.0,70.0,53.0,0.0,20.0,63.0,282.0,0.0
Atlanta,GA,DEKALB,2023-05-21,2023,5,21,Spring,17,33.9,-84.2,365.0,140.0,218.0,7.0,0.0,0.0,0.0,136.0,70.0,53.0,0.0,20.0,63.0,282.0,0.0
Atlanta,GA,DEKALB,2023-08-26,2023,8,26,Summer,17,33.8,-84.3,365.0,140.0,218.0,7.0,0.0,0.0,0.0,136.0,70.0,53.0,0.0,20.0,63.0,282.0,0.0
Atlanta,GA,DEKALB,2023-08-31,2023,8,31,Summer,17,33.8,-84.4,365.0,140.0,218.0,7.0,0.0,0.0,0.0,136.0,70.0,53.0,0.0,20.0,63.0,282.0,0.0
Atlanta,GA,DEKALB,2023-10-03,2023,10,3,Fall,34,33.9,-84.2,365.0,140.0,218.0,7.0,0.0,0.0,0.0,136.0,70.0,53.0,0.0,20.0,63.0,282.0,0.0
Atlanta,GA,DEKALB,2023-10-05,2023,10,5,Fall,17,33.9,-84.4,365.0,140.0,218.0,7.0,0.0,0.0,0.0,136.0,70.0,53.0,0.0,20.0,63.0,282.0,0.0
Atlanta,GA,DEKALB,2023-10-06,2023,10,6,Fall,17,33.9,-84.2,365.0,140.0,218.0,7.0,0.0,0.0,0.0,136.0,70.0,53.0,0.0,20.0,63.0,282.0,0.0
Atlanta,GA,DEKALB,2023-10-07,2023,10,7,Fall,17,33.9,-84.2,365.0,140.0,218.0,7.0,0.0,0.0,0.0,136.0,70.0,53.0,0.0,20.0,63.0,282.0,0.0
Atlanta,GA,DEKALB,2023-10-08,2023,10,8,Fall,17,33.9,-84.2,365.0,140.0,218.0,7.0,0.0,0.0,0.0,136.0,70.0,53.0,0.0,20.0,63.0,282.0,0.0
Atlanta,GA,DEKALB,2023-10-09,2023,10,9,Fall,17,33.9,-84.2,365.0,140.0,218.0,7.0,0.0,0.0,0.0,136.0,70.0,53.0,0.0,20.0,63.0,282.0,0.0
Atlanta,GA,DEKALB,2023-10-16,2023,10,16,Fall,34,33.9,-84.2,365.0,140.0,218.0,7.0,0.0,0.0,0.0,136.0,70.0,53.0,0.0,20.0,63.0,282.0,0.0
Atlanta,GA,DEKALB,2023-10-20,2023,10,20,Fall,102,33.9,-84.2,365.0,140.0,218.0,7.0,0.0,0.0,0.0,136.0,70.0,53.0,0.0,20.0,63.0,282.0,0.0
Atlanta,GA,DEKALB,2023-10-21,2023,10,21,Fall,136,33.9,-84.2,365.0,140.0,218.0,7.0,0.0,0.0,0.0,136.0,70.0,53.0,0.0,20.0,63.0,282.0,0.0
Atlanta,GA,DEKALB,2023-10-22,2023,10,22,Fall,34,33.9,-84.2,365.0,140.0,218.0,7.0,0.0,0.0,0.0,136.0,70.0,53.0,0.0,20.0,63.0,282.0,0.0
Atlanta,GA,DEKALB,2023-10-23,2023,10,23,Fall,68,33.8,-84.4,365.0,140.0,218.0,7.0,0.0,0.0,0.0,136.0,70.0,53.0,0.0,20.0,63.0,282.0,0.0
Atlanta,GA,DEKALB,2023-10-25,2023,10,25,Fall,17,33.8,-84.4,365.0,140.0,218.0,7.0,0.0,0.0,0.0,136.0,70.0,53.0,0.0,20.0,63.0,282.0,0.0
Atlanta,GA,FULTON,2023-04-01,2023,4,1,Spring,29,33.9,-84.2,365.0,155.0,198.0,10.0,2.0,0.0,0.0,172.0,71.0,53.0,1.0,2.0,105.0,257.0,0.0
Atlanta,GA,FULTON,2023-05-21,2023,5,21,Spring,29,33.9,-84.2,365.0,155.0,198.0,10.0,2.0,0.0,0.0,172.0,71.0,53.0,1.0,2.0,105.0,257.0,0.0
Atlanta,GA,FULTON,2023-08-26,2023,8,26,Summer,29,33.8,-84.3,365.0,155.0,198.0,10.0,2.0,0.0,0.0,172.0,71.0,53.0,1.0,2.0,105.0,257.0,0.0
Atlanta,GA,FULTON,2023-08-31,2023,8,31,Summer,29,33.8,-84.4,365.0,155.0,198.0,10.0,2.0,0.0,0.0,172.0,71.0,53.0,1.0,2.0,105.0,257.0,0.0
Atlanta,GA,FULTON,2023-10-03,2023,10,3,Fall,58,33.9,-84.2,365.0,155.0,198.0,10.0,2.0,0.0,0.0,172.0,71.0,53.0,1.0,2.0,105.0,257.0,0.0
Atlanta,GA,FULTON,2023-10-05,2023,10,5,Fall,29,33.9,-84.4,365.0,155.0,198.0,10.0,2.0,0.0,0.0,172.0,71.0,53.0,1.0,2.0,105.0,257.0,0.0
Atlanta,GA,FULTON,2023-10-06,2023,10,6,Fall,29,33.9,-84.2,365.0,155.0,198.0,10.0,2.0,0.0,0.0,172.0,71.0,53.0,1.0,2.0,105.0,257.0,0.0
Atlanta,GA,FULTON,2023-10-07,2023,10,7,Fall,29,33.9,-84.2,365.0,155.0,198.0,10.0,2.0,0.0,0.0,172.0,71.0,53.0,1.0,2.0,105.0,257.0,0.0
Atlanta,GA,FULTON,2023-10-08,2023,10,8,Fall,29,33.9,-84.2,365.0,155.0,198.0,10.0,2.0,0.0,0.0,172.0,71.0,53.0,1.0,2.0,105.0,257.0,0.0
Atlanta,GA,FULTON,2023-10-09,2023,10,9,Fall,29,33.9,-84.2,365.0,155.0,198.0,10.0,2.0,0.0,0.0,172.0,71.0,53.0,1.0,2.0,105.0,257.0,0.0
Atlanta,GA,FULTON,2023-10-16,2023,10,16,Fall,58,33.9,-84.2,365.0,155.0,198.0,10.0,2.0,0.0,0.0,172.0,71.0,53.0,1.0,2.0,105.0,257.0,0.0
Atlanta,GA,FULTON,2023-10-20,2023,10,20,Fall,174,33.9,-84.2,365.0,155.0,198.0,10.0,2.0,0.0,0.0,172.0,71.0,53.0,1.0,2.0,105.0,257.0,0.0
Atlanta,GA,FULTON,2023-10-21,2023,10,21,Fall,232,33.9,-84.2,365.0,155.0,198.0,10.0,2.0,0.0,0.0,172.0,71.0,53.0,1.0,2.0,105.0,257.0,0.0
Atlanta,GA,FULTON,2023-10-22,2023,10,22,Fall,58,33.9,-84.2,365.0,155.0,198.0,10.0,2.0,0.0,0.0,172.0,71.0,53.0,1.0,2.0,105.0,257.0,0.0
Atlanta,GA,FULTON,2023-10-23,2023,10,23,Fall,116,33.8,-84.4,365.0,155.0,198.0,10.0,2.0,0.0,0.0,172.0,71.0,53.0,1.0,2.0,105.0,257.0,0.0
Atlanta,GA,FULTON,2023-10-25,2023,10,25,Fall,29,33.8,-84.4,365.0,155.0,198.0,10.0,2.0,0.0,0.0,172.0,71.0,53.0,1.0,2.0,105.0,257.0,0.0
Atlanta,TX,CASS,2023-09-10,2023,9,10,Fall,4,33.1,-94.2,,,,,,,,,,,,,,,
Auburn,AL,LEE,2023-09-29,2023,9,29,Fall,2,32.6,-85.5,,,,,,,,,,,,,,,
Auburn,MA,WORCESTER,2023-09-19,2023,9,19,Fall,1,42.2,-71.8,365.0,268.0,93.0,4.0,0.0,0.0,0.0,148.0,58.0,39.0,0.0,5.0,190.0,170.0,0.0
Auburn,NH,ROCKINGHAM,2023-09-20,2023,9,20,Fall,1,43.0,-71.3,365.0,276.0,89.0,0.0,0.0,0.0,0.0,100.0,59.0,40.0,0.0,0.0,239.0,126.0,0.0
Augusta,GA,COLUMBIA,2023-12-27,2023,12,27,Winter,2,33.5,-82.0,242.0,233.0,9.0,0.0,0.0,0.0,0.0,74.0,47.0,36.0,0.0,0.0,242.0,0.0,0.0
Augusta,GA,RICHMOND,2023-12-27,2023,12,27,Winter,4,33.5,-82.0,365.0,170.0,195.0,0.0,0.0,0.0,0.0,93.0,69.0,51.0,0.0,0.0,58.0,307.0,0.0
Aurora,CO,ADAMS,2023-07-28,2023,7,28,Summer,20,39.7,-104.7,365.0,179.0,181.0,3.0,2.0,0.0,0.0,174.0,71.0,51.0,0.0,34.0,180.0,112.0,39.0
Aurora,CO,ADAMS,2023-07-29,2023,7,29,Summer,10,39.7,-104.8,365.0,179.0,181.0,3.0,2.0,0.0,0.0,174.0,71.0,51.0,0.0,34.0,180.0,112.0,39.0
Aurora,CO,ADAMS,2023-07-30,2023,7,30,Summer,5,39.7,-104.7,365.0,179.0,181.0,3.0,2.0,0.0,0.0,174.0,71.0,51.0,0.0,34.0,180.0,112.0,39.0
Aurora,CO,ADAMS,2023-07-31,2023,7,31,Summer,15,39.6,-104.7,365.0,179.0,181.0,3.0,2.0,0.0,0.0,174.0,71.0,51.0,0.0,34.0,180.0,112.0,39.0
Aurora,CO,ADAMS,2023-08-01,2023,8,1,Summer,10,39.7,-104.7,365.0,179.0,181.0,3.0,2.0,0.0,0.0,174.0,71.0,51.0,0.0,34.0,180.0,112.0,39.0
Aurora,CO,ADAMS,2023-08-02,2023,8,2,Summer,20,39.7,-104.8,365.0,179.0,181.0,3.0,2.0,0.0,0.0,174.0,71.0,51.0,0.0,34.0,180.0,112.0,39.0
Aurora,CO,ADAMS,2023-08-20,2023,8,20,Summer,5,39.6,-104.7,365.0,179.0,181.0,3.0,2.0,0.0,0.0,174.0,71.0,51.0,0.0,34.0,180.0,112.0,39.0
Aurora,CO,ADAMS,2023-10-21,2023,10,21,Fall,5,39.7,-104.8,365.0,179.0,181.0,3.0,2.0,0.0,0.0,174.0,71.0,51.0,0.0,34.0,180.0,112.0,39.0
Aurora,CO,ARAPAHOE,2023-07-28,2023,7,28,Summer,16,39.7,-104.7,365.0,239.0,118.0,8.0,0.0,0.0,0.0,136.0,74.0,47.0,0.0,0.0,351.0,14.0,0.0
Aurora,CO,ARAPAHOE,2023-07-29,2023,7,29,Summer,8,39.7,-104.8,365.0,239.0,118.0,8.0,0.0,0.0,0.0,136.0,74.0,47.0,0.0,0.0,351.0,14.0,0.0
Aurora,CO,ARAPAHOE,2023-07-30,2023,7,30,Summer,4,39.7,-104.7,365.0,239.0,118.0,8.0,0.0,0.0,0.0,136.0,74.0,47.0,0.0,0.0,351.0,14.0,0.0
Aurora,CO,ARAPAHOE,2023-07-31,2023,7,31,Summer,12,39.6,-104.7,365.0,239.0,118.0,8.0,0.0,0.0,0.0,136.0,74.0,47.0,0.0,0.0,351.0,14.0,0.0
Aurora,CO,ARAPAHOE,2023-08-01,2023,8,1,Summer,8,39.7,-104.7,365.0,239.0,118.0,8.0,0.0,0.0,0.0,136.0,74.0,47.0,0.0,0.0,351.0,14.0,0.0
Aurora,CO,ARAPAHOE,2023-08-02,2023,8,2,Summer,16,39.7,-104.8,365.0,239.0,118.0,8.0,0.0,0.0,0.0,136.0,74.0,47.0,0.0,0.0,351.0,14.0,0.0
Aurora,CO,ARAPAHOE,2023-08-20,2023,8,20,Summer,4,39.6,-104.7,365.0,239.0,118.0,8.0,0.0,0.0,0.0,136.0,74.0,47.0,0.0,0.0,351.0,14.0,0.0
Aurora,CO,ARAPAHOE,2023-10-21,2023,10,21,Fall,4,39.7,-104.8,365.0,239.0,118.0,8.0,0.0,0.0,0.0,136.0,74.0,47.0,0.0,0.0,351.0,14.0,0.0
Aurora,IL,DUPAGE,2023-07-05,2023,7,5,Summer,6,41.7,-88.3,365.0,146.0,202.0,11.0,4.0,2.0,0.0,234.0,77.0,53.0,0.0,0.0,101.0,264.0,0.0
Aurora,IL,DUPAGE,2023-09-02,2023,9,2,Fall,3,41.7,-88.3,365.0,146.0,202.0,11.0,4.0,2.0,0.0,234.0,77.0,53.0,0.0,0.0,101.0,264.0,0.0
Aurora,IL,KANE,2023-07-05,2023,7,5,Summer,8,41.7,-88.3,288.0,178.0,89.0,16.0,5.0,0.0,0.0,174.0,87.0,46.0,0.0,0.0,198.0,90.0,0.0
Aurora,IL,KANE,2023-09-02,2023,9,2,Fall,4,41.7,-88.3,288.0,178.0,89.0,16.0,5.0,0.0,0.0,174.0,87.0,46.0,0.0,0.0,198.0,90.0,0.0
Aurora,IL,WILL,2023-07-05,2023,7,5,Summer,2,41.7,-88.3,365.0,155.0,191.0,14.0,3.0,2.0,0.0,246.0,78.0,53.0,0.0,0.0,85.0,280.0,0.0
Aurora,IL,WILL,2023-09-02,2023,9,2,Fall,1,41.7,-88.3,365.0,155.0,191.0,14.0,3.0,2.0,0.0,246.0,78.0,53.0,0.0,0.0,85.0,280.0,0.0
Aurora,MO,LAWRENCE,2023-09-04,2023,9,4,Fall,4,37.0,-93.7,,,,,,,,,,,,,,,
Aurora,MO,LAWRENCE,2023-09-06,2023,9,6,Fall,2,37.0,-93.7,,,,,,,,,,,,,,,
Aurora,MO,LAWRENCE,2023-09-14,2023,9,14,Fall,2,37.0,-93.7,,,,,,,,,,,,,,,
Aurora,MO,LAWRENCE,2023-09-23,2023,9,23,Fall,2,37.0,-93.7,,,,,,,,,,,,,,,
Aurora,OH,PORTAGE,2023-09-01,2023,9,1,Fall,2,41.3,-81.3,241.0,178.0,60.0,2.0,1.0,0.0,0.0,159.0,71.0,43.0,0.0,0.0,241.0,0.0,0.0
Austin,TX,TRAVIS,2023-03-12,2023,3,12,Spring,43,30.4,-97.7,365.0,147.0,207.0,11.0,0.0,0.0,0.0,122.0,79.0,54.0,0.0,4.0,107.0,254.0,0.0
Austin,TX,TRAVIS,2023-03-25,2023,3,25,Spring,43,30.3,-97.7,365.0,147.0,207.0,11.0,0.0,0.0,0.0,122.0,79.0,54.0,0.0,4.0,107.0,254.0,0.0
Austin,TX,TRAVIS,2023-09-04,2023,9,4,Fall,172,30.3,-97.7,365.0,147.0,207.0,11.0,0.0,0.0,0.0,122.0,79.0,54.0,0.0,4.0,107.0,254.0,0.0
Austin,TX,TRAVIS,2023-09-06,2023,9,6,Fall,43,30.3,-97.9,365.0,147.0,207.0,11.0,0.0,0.0,0.0,122.0,79.0,54.0,0.0,4.0,107.0,254.0,0.0
Austin,TX,TRAVIS,2023-09-19,2023,9,19,Fall,43,30.3,-97.7,365.0,147.0,207.0,11.0,0.0,0.0,0.0,122.0,79.0,54.0,0.0,4.0,107.0,254.0,0.0
Austin,TX,TRAVIS,2023-09-20,2023,9,20,Fall,86,30.5,-97.8,365.0,147.0,207.0,11.0,0.0,0.0,0.0,122.0,79.0,54.0,0.0,4.0,107.0,254.0,0.0
Austin,TX,TRAVIS,2023-09-21,2023,9,21,Fall,129,30.3,-97.8,365.0,147.0,207.0,11.0,0.0,0.0,0.0,122.0,79.0,54.0,0.0,4.0,107.0,254.0,0.0
Austin,TX,TRAVIS,2023-09-25,2023,9,25,Fall,172,30.4,-97.7,365.0,147.0,207.0,11.0,0.0,0.0,0.0,122.0,79.0,54.0,0.0,4.0,107.0,254.0,0.0
Austin,TX,TRAVIS,2023-09-27,2023,9,27,Fall,43,30.3,-97.8,365.0,147.0,207.0,11.0,0.0,0.0,0.0,122.0,79.0,54.0,0.0,4.0,107.0,254.0,0.0
Austin,TX,TRAVIS,2023-09-28,2023,9,28,Fall,43,30.3,-97.8,365.0,147.0,207.0,11.0,0.0,0.0,0.0,122.0,79.0,54.0,0.0,4.0,107.0,254.0,0.0
Austin,TX,TRAVIS,2023-10-20,2023,10,20,Fall,43,30.4,-97.8,365.0,147.0,207.0,11.0,0.0,0.0,0.0,122.0,79.0,54.0,0.0,4.0,107.0,254.0,0.0
Austin,TX,TRAVIS,2023-10-28,2023,10,28,Fall,172,30.2,-97.9,365.0,147.0,207.0,11.0,0.0,0.0,0.0,122.0,79.0,54.0,0.0,4.0,107.0,254.0,0.0
Austin,TX,TRAVIS,2023-10-29,2023,10,29,Fall,43,30.3,-97.7,365.0,147.0,207.0,11.0,0.0,0.0,0.0,122.0,79.0,54.0,0.0,4.0,107.0,254.0,0.0
Austin,TX,TRAVIS,2023-11-01,2023,11,1,Fall,215,30.3,-97.9,365.0,147.0,207.0,11.0,0.0,0.0,0.0,122.0,79.0,54.0,0.0,4.0,107.0,254.0,0.0
Austin,TX,TRAVIS,2023-11-02,2023,11,2,Fall,215,30.2,-97.8,365.0,147.0,207.0,11.0,0.0,0.0,0.0,122.0,79.0,54.0,0.0,4.0,107.0,254.0,0.0
Austin,TX,TRAVIS,2023-11-03,2023,11,3,Fall,43,30.3,-97.8,365.0,147.0,207.0,11.0,0.0,0.0,0.0,122.0,79.0,54.0,0.0,4.0,107.0,254.0,0.0
Austin,TX,TRAVIS,2023-11-04,2023,11,4,Fall,43,30.2,-97.8,365.0,147.0,207.0,11.0,0.0,0.0,0.0,122.0,79.0,54.0,0.0,4.0,107.0,254.0,0.0
Austin,TX,TRAVIS,2023-11-13,2023,11,13,Fall,860,30.4,-97.7,365.0,147.0,207.0,11.0,0.0,0.0,0.0,122.0,79.0,54.0,0.0,4.0,107.0,254.0,0.0
Austin,TX,TRAVIS,2023-11-14,2023,11,14,Fall,129,30.3,-97.7,365.0,147.0,207.0,11.0,0.0,0.0,0.0,122.0,79.0,54.0,0.0,4.0,107.0,254.0,0.0
Austin,TX,TRAVIS,2023-11-15,2023,11,15,Fall,1720,30.4,-97.7,365.0,147.0,207.0,11.0,0.0,0.0,0.0,122.0,79.0,54.0,0.0,4.0,107.0,254.0,0.0
Austin,TX,TRAVIS,2023-12-02,2023,12,2,Winter,43,30.3,-97.7,365.0,147.0,207.0,11.0,0.0,0.0,0.0,122.0,79.0,54.0,0.0,4.0,107.0,254.0,0.0
Austin,TX,TRAVIS,2023-12-04,2023,12,4,Winter,43,30.3,-97.7,365.0,147.0,207.0,11.0,0.0,0.0,0.0,122.0,79.0,54.0,0.0,4.0,107.0,254.0,0.0
Austin,TX,TRAVIS,2023-12-24,2023,12,24,Winter,43,30.3,-97.7,365.0,147.0,207.0,11.0,0.0,0.0,0.0,122.0,79.0,54.0,0.0,4.0,107.0,254.0,0.0
Austin,TX,TRAVIS,2023-12-28,2023,12,28,Winter,86,30.4,-97.7,365.0,147.0,207.0,11.0,0.0,0.0,0.0,122.0,79.0,54.0,0.0,4.0,107.0,254.0,0.0
Austin,TX,WILLIAMSON,2023-03-12,2023,3,12,Spring,3,30.4,-97.7,,,,,,,,,,,,,,,
Austin,TX,WILLIAMSON,2023-03-25,2023,3,25,Spring,3,30.3,-97.7,,,,,,,,,,,,,,,
Austin,TX,WILLIAMSON,2023-09-04,2023,9,4,Fall,12,30.3,-97.7,,,,,,,,,,,,,,,
Austin,TX,WILLIAMSON,2023-09-06,2023,9,6,Fall,3,30.3,-97.9,,,,,,,,,,,,,,,
Austin,TX,WILLIAMSON,2023-09-19,2023,9,19,Fall,3,30.3,-97.7,,,,,,,,,,,,,,,
Austin,TX,WILLIAMSON,2023-09-20,2023,9,20,Fall,6,30.3,-97.8,,,,,,,,,,,,,,,
Austin,TX,WILLIAMSON,2023-09-21,2023,9,21,Fall,9,30.3,-97.8,,,,,,,,,,,,,,,
Austin,TX,WILLIAMSON,2023-09-25,2023,9,25,Fall,12,30.3,-97.7,,,,,,,,,,,,,,,
Austin,TX,WILLIAMSON,2023-09-27,2023,9,27,Fall,3,30.3,-97.8,,,,,,,,,,,,,,,
Austin,TX,WILLIAMSON,2023-09-28,2023,9,28,Fall,3,30.3,-97.8,,,,,,,,,,,,,,,
Austin,TX,WILLIAMSON,2023-10-20,2023,10,20,Fall,3,30.4,-97.8,,,,,,,,,,,,,,,
Austin,TX,WILLIAMSON,2023-10-28,2023,10,28,Fall,12,30.2,-97.9,,,,,,,,,,,,,,,
Austin,TX,WILLIAMSON,2023-10-29,2023,10,29,Fall,3,30.3,-97.7,,,,,,,,,,,,,,,
Austin,TX,WILLIAMSON,2023-11-01,2023,11,1,Fall,15,30.3,-97.9,,,,,,,,,,,,,,,
Austin,TX,WILLIAMSON,2023-11-02,2023,11,2,Fall,15,30.2,-98.0,,,,,,,,,,,,,,,
Austin,TX,WILLIAMSON,2023-11-03,2023,11,3,Fall,3,30.3,-97.8,,,,,,,,,,,,,,,
Austin,TX,WILLIAMSON,2023-11-04,2023,11,4,Fall,3,30.2,-97.8,,,,,,,,,,,,,,,
Austin,TX,WILLIAMSON,2023-11-13,2023,11,13,Fall,60,30.4,-97.7,,,,,,,,,,,,,,,
Austin,TX,WILLIAMSON,2023-11-14,2023,11,14,Fall,9,30.3,-97.7,,,,,,,,,,,,,,,
Austin,TX,WILLIAMSON,2023-11-15,2023,11,15,Fall,120,30.4,-97.7,,,,,,,,,,,,,,,
Austin,TX,WILLIAMSON,2023-12-02,2023,12,2,Winter,3,30.3,-97.7,,,,,,,,,,,,,,,
Austin,TX,WILLIAMSON,2023-12-04,2023,12,4,Winter,3,30.3,-97.7,,,,,,,,,,,,,,,
Austin,TX,WILLIAMSON,2023-12-24,2023,12,24,Winter,3,30.3,-97.7,,,,,,,,,,,,,,,
Austin,TX,WILLIAMSON,2023-12-28,2023,12,28,Winter,6,30.4,-97.7,,,,,,,,,,,,,,,
Avoca,NY,STEUBEN,2023-09-18,2023,9,18,Fall,2,42.4,-77.4,365.0,274.0,83.0,3.0,4.0,1.0,0.0,256.0,64.0,40.0,0.0,0.0,212.0,153.0,0.0
Avon,MN,STEARNS,2023-09-04,2023,9,4,Fall,8,45.6,-94.5,365.0,199.0,152.0,11.0,3.0,0.0,0.0,184.0,83.0,48.0,0.0,0.0,112.0,253.0,0.0
Avon,OH,LORAIN,2023-09-07,2023,9,7,Fall,2,41.5,-82.0,243.0,221.0,22.0,0.0,0.0,0.0,0.0,90.0,50.0,37.0,0.0,0.0,243.0,0.0,0.0
Avon Lake,OH,LORAIN,2023-08-19,2023,8,19,Summer,3,41.5,-82.0,243.0,221.0,22.0,0.0,0.0,0.0,0.0,90.0,50.0,37.0,0.0,0.0,243.0,0.0,0.0
Avondale,AZ,MARICOPA,2023-10-12,2023,10,12,Fall,4,33.3,-112.3,365.0,41.0,255.0,62.0,7.0,0.0,0.0,183.0,119.0,72.0,0.0,0.0,193.0,91.0,81.0
Avondale Estates,GA,DEKALB,2023-09-06,2023,9,6,Fall,2,33.8,-84.3,365.0,140.0,218.0,7.0,0.0,0.0,0.0,136.0,70.0,53.0,0.0,20.0,63.0,282.0,0.0
Avondale Estates,GA,DEKALB,2023-09-24,2023,9,24,Fall,2,33.8,-84.3,365.0,140.0,218.0,7.0,0.0,0.0,0.0,136.0,70.0,53.0,0.0,20.0,63.0,282.0,0.0
Avondale Estates,GA,DEKALB,2023-09-25,2023,9,25,Fall,2,33.8,-84.3,365.0,140.0,218.0,7.0,0.0,0.0,0.0,136.0,70.0,53.0,0.0,20.0,63.0,282.0,0.0
Babylon,NY,SUFFOLK,2023-08-30,2023,8,30,Summer,8,40.7,-73.3,365.0,278.0,74.0,11.0,2.0,0.0,0.0,195.0,62.0,41.0,0.0,1.0,278.0,86.0,0.0
Baden,PA,BEAVER,2023-07-31,2023,7,31,Summer,1,40.7,-80.2,365.0,158.0,197.0,8.0,0.0,2.0,0.0,235.0,78.0,52.0,0.0,1.0,89.0,275.0,0.0
Bagdad,KY,SHELBY,2023-10-31,2023,10,31,Fall,1,38.2,-85.1,,,,,,,,,,,,,,,
Baileys Harbor,WI,DOOR,2023-07-28,2023,7,28,Summer,20,45.1,-87.1,204.0,155.0,40.0,8.0,1.0,0.0,0.0,159.0,87.0,41.0,0.0,0.0,204.0,0.0,0.0
Baileys Harbor,WI,DOOR,2023-08-05,2023,8,5,Summer,4,45.1,-87.1,204.0,155.0,40.0,8.0,1.0,0.0,0.0,159.0,87.0,41.0,0.0,0.0,204.0,0.0,0.0
Bainbridge,PA,LANCASTER,2023-10-08,2023,10,8,Fall,4,40.1,-76.7,365.0,108.0,243.0,9.0,3.0,1.0,1.0,321.0,85.0,58.0,0.0,0.0,61.0,304.0,0.0
Bakersfield,CA,KERN,2023-10-28,2023,10,28,Fall,3,35.4,-119.0,365.0,85.0,210.0,58.0,12.0,0.0,0.0,174.0,122.0,69.0,0.0,1.0,217.0,135.0,12.0
Balaton,MN,LYON,2023-09-02,2023,9,2,Fall,3,44.2,-95.8,361.0,206.0,142.0,10.0,3.0,0.0,0.0,173.0,78.0,46.0,0.0,0.0,120.0,241.0,0.0
Baldwinsville,NY,ONONDAGA,2023-07-14,2023,7,14,Summer,6,43.2,-76.4,361.0,273.0,80.0,4.0,3.0,1.0,0.0,258.0,59.0,40.0,0.0,0.0,184.0,177.0,0.0
Baldwinsville,NY,ONONDAGA,2023-07-19,2023,7,19,Summer,6,43.2,-76.3,361.0,273.0,80.0,4.0,3.0,1.0,0.0,258.0,59.0,40.0,0.0,0.0,184.0,177.0,0.0
Ballwin,MO,SAINT LOUIS,2023-07-23,2023,7,23,Summer,28,38.6,-90.5,365.0,218.0,130.0,14.0,3.0,0.0,0.0,166.0,74.0,46.0,0.0,13.0,168.0,184.0,0.0
Ballwin,MO,SAINT LOUIS,2023-07-25,2023,7,25,Summer,14,38.6,-90.5,365.0,218.0,130.0,14.0,3.0,0.0,0.0,166.0,74.0,46.0,0.0,13.0,168.0,184.0,0.0
Ballwin,MO,SAINT LOUIS,2023-07-27,2023,7,27,Summer,7,38.6,-90.5,365.0,218.0,130.0,14.0,3.0,0.0,0.0,166.0,74.0,46.0,0.0,13.0,168.0,184.0,0.0
Ballwin,MO,SAINT LOUIS,2023-08-04,2023,8,4,Summer,7,38.6,-90.5,365.0,218.0,130.0,14.0,3.0,0.0,0.0,166.0,74.0,46.0,0.0,13.0,168.0,184.0,0.0
Ballwin,MO,SAINT LOUIS,2023-08-15,2023,8,15,Summer,7,38.6,-90.5,365.0,218.0,130.0,14.0,3.0,0.0,0.0,166.0,74.0,46.0,0.0,13.0,168.0,184.0,0.0
Ballwin,MO,SAINT LOUIS,2023-09-12,2023,9,12,Fall,7,38.5,-90.5,365.0,218.0,130.0,14.0,3.0,0.0,0.0,166.0,74.0,46.0,0.0,13.0,168.0,184.0,0.0
Ballwin,MO,SAINT LOUIS,2023-09-19,2023,9,19,Fall,14,38.6,-90.5,365.0,218.0,130.0,14.0,3.0,0.0,0.0,166.0,74.0,46.0,0.0,13.0,168.0,184.0,0.0
Ballwin,MO,SAINT LOUIS,2023-09-20,2023,9,20,Fall,7,38.6,-90.5,365.0,218.0,130.0,14.0,3.0,0.0,0.0,166.0,74.0,46.0,0.0,13.0,168.0,184.0,0.0
Ballwin,MO,SAINT LOUIS,2023-09-21,2023,9,21,Fall,21,38.6,-90.5,365.0,218.0,130.0,14.0,3.0,0.0,0.0,166.0,74.0,46.0,0.0,13.0,168.0,184.0,0.0
Ballwin,MO,SAINT LOUIS,2023-09-26,2023,9,26,Fall,21,38.6,-90.5,365.0,218.0,130.0,14.0,3.0,0.0,0.0,166.0,74.0,46.0,0.0,13.0,168.0,184.0,0.0
Ballwin,MO,SAINT LOUIS,2023-09-28,2023,9,28,Fall,21,38.6,-90.5,365.0,218.0,130.0,14.0,3.0,0.0,0.0,166.0,74.0,46.0,0.0,13.0,168.0,184.0,0.0
Ballwin,MO,SAINT LOUIS,2023-09-29,2023,9,29,Fall,7,38.6,-90.5,365.0,218.0,130.0,14.0,3.0,0.0,0.0,166.0,74.0,46.0,0.0,13.0,168.0,184.0,0.0
Ballwin,MO,SAINT LOUIS,2023-09-30,2023,9,30,Fall,14,38.6,-90.5,365.0,218.0,130.0,14.0,3.0,0.0,0.0,166.0,74.0,46.0,0.0,13.0,168.0,184.0,0.0
Ballwin,MO,SAINT LOUIS,2023-10-01,2023,10,1,Fall,7,38.6,-90.5,365.0,218.0,130.0,14.0,3.0,0.0,0.0,166.0,74.0,46.0,0.0,13.0,168.0,184.0,0.0
Ballwin,MO,SAINT LOUIS,2023-10-03,2023,10,3,Fall,14,38.6,-90.5,365.0,218.0,130.0,14.0,3.0,0.0,0.0,166.0,74.0,46.0,0.0,13.0,168.0,184.0,0.0
Ballwin,MO,SAINT LOUIS,2023-10-04,2023,10,4,Fall,14,38.6,-90.5,365.0,218.0,130.0,14.0,3.0,0.0,0.0,166.0,74.0,46.0,0.0,13.0,168.0,184.0,0.0
Bally,PA,BERKS,2023-07-14,2023,7,14,Summer,2,40.4,-75.6,364.0,205.0,147.0,7.0,3.0,2.0,0.0,287.0,72.0,48.0,0.0,0.0,171.0,193.0,0.0
Baltimore,MD,ANNE ARUNDEL,2023-09-06,2023,9,6,Fall,4,39.4,-76.6,263.0,225.0,36.0,2.0,0.0,0.0,0.0,150.0,58.0,40.0,0.0,0.0,244.0,0.0,19.0
Baltimore,MD,BALTIMORE,2023-09-06,2023,9,6,Fall,6,39.4,-76.6,365.0,228.0,124.0,9.0,3.0,1.0,0.0,205.0,71.0,45.0,0.0,7.0,231.0,127.0,0.0
Baltimore,MD,BALTIMORE CITY,2023-09-06,2023,9,6,Fall,76,39.4,-76.6,365.0,242.0,116.0,4.0,3.0,0.0,0.0,192.0,71.0,44.0,0.0,26.0,168.0,171.0,0.0
Bangor,ME,PENOBSCOT,2023-09-07,2023,9,7,Fall,4,44.8,-68.8,358.0,294.0,64.0,0.0,0.0,0.0,0.0,89.0,55.0,35.0,0.0,0.0,161.0,193.0,4.0
Banner Elk,NC,AVERY,2023-10-03,2023,10,3,Fall,30,36.2,-81.8,283.0,246.0,37.0,0.0,0.0,0.0,0.0,98.0,53.0,39.0,0.0,0.0,218.0,65.0,0.0
Bar Harbor,ME,HANCOCK,2023-09-04,2023,9,4,Fall,1,44.3,-68.2,365.0,314.0,51.0,0.0,0.0,0.0,0.0,93.0,54.0,38.0,0.0,0.0,321.0,44.0,0.0
Baraboo,WI,SAUK,2023-07-28,2023,7,28,Summer,2,43.5,-89.8,362.0,218.0,123.0,16.0,4.0,1.0,0.0,271.0,77.0,44.0,0.0,0.0,124.0,237.0,1.0
Barnardsville,NC,BUNCOMBE,2023-09-30,2023,9,30,Fall,3,35.8,-82.5,365.0,261.0,104.0,0.0,0.0,0.0,0.0,99.0,60.0,43.0,0.0,0.0,133.0,232.0,0.0
Barnesville,MN,CLAY,2023-05-28,2023,5,28,Spring,4,46.7,-96.4,,,,,,,,,,,,,,,
Barnesville,MN,CLAY,2023-07-24,2023,7,24,Summer,10,46.7,-96.4,,,,,,,,,,,,,,,
Barnesville,MN,CLAY,2023-08-09,2023,8,9,Summer,82,46.7,-96.4,,,,,,,,,,,,,,,
Barnesville,MN,CLAY,2023-08-14,2023,8,14,Summer,62,46.7,-96.4,,,,,,,,,,,,,,,
Barnesville,MN,CLAY,2023-08-19,2023,8,19,Summer,24,46.7,-96.4,,,,,,,,,,,,,,,
Barnesville,MN,CLAY,2023-10-03,2023,10,3,Fall,2,46.7,-96.4,,,,,,,,,,,,,,,
Barnstable,MA,BARNSTABLE,2023-07-06,2023,7,6,Summer,1,41.7,-70.3,358.0,331.0,24.0,3.0,0.0,0.0,0.0,140.0,49.0,37.0,0.0,0.0,336.0,22.0,0.0
Barnstable,MA,BARNSTABLE,2023-07-21,2023,7,21,Summer,1,41.6,-70.4,358.0,331.0,24.0,3.0,0.0,0.0,0.0,140.0,49.0,37.0,0.0,0.0,336.0,22.0,0.0
Barnstable,MA,BARNSTABLE,2023-08-14,2023,8,14,Summer,2,41.7,-70.3,358.0,331.0,24.0,3.0,0.0,0.0,0.0,140.0,49.0,37.0,0.0,0.0,336.0,22.0,0.0
Barnstable,MA,BARNSTABLE,2023-08-21,2023,8,21,Summer,1,41.7,-70.3,358.0,331.0,24.0,3.0,0.0,0.0,0.0,140.0,49.0,37.0,0.0,0.0,336.0,22.0,0.0
Barnstable,MA,BARNSTABLE,2023-08-22,2023,8,22,Summer,1,41.7,-70.3,358.0,331.0,24.0,3.0,0.0,0.0,0.0,140.0,49.0,37.0,0.0,0.0,336.0,22.0,0.0
Barnstable,MA,BARNSTABLE,2023-09-03,2023,9,3,Fall,1,41.7,-70.4,358.0,331.0,24.0,3.0,0.0,0.0,0.0,140.0,49.0,37.0,0.0,0.0,336.0,22.0,0.0
Barnum,MN,CARLTON,2023-07-27,2023,7,27,Summer,21,46.5,-92.5,362.0,266.0,91.0,4.0,1.0,0.0,0.0,156.0,63.0,38.0,0.0,0.0,126.0,236.0,0.0
Barnum,MN,CARLTON,2023-08-04,2023,8,4,Summer,21,46.5,-92.5,362.0,266.0,91.0,4.0,1.0,0.0,0.0,156.0,63.0,38.0,0.0,0.0,126.0,236.0,0.0
Baroda,MI,BERRIEN,2023-08-04,2023,8,4,Summer,1,42.0,-86.5,244.0,181.0,52.0,11.0,0.0,0.0,0.0,143.0,80.0,42.0,0.0,0.0,244.0,0.0,0.0
Baroda,MI,BERRIEN,2023-09-13,2023,9,13,Fall,2,42.0,-86.5,244.0,181.0,52.0,11.0,0.0,0.0,0.0,143.0,80.0,42.0,0.0,0.0,244.0,0.0,0.0
Baroda,MI,BERRIEN,2023-09-26,2023,9,26,Fall,1,42.0,-86.5,244.0,181.0,52.0,11.0,0.0,0.0,0.0,143.0,80.0,42.0,0.0,0.0,244.0,0.0,0.0
Baroda,MI,BERRIEN,2023-10-11,2023,10,11,Fall,1,42.0,-86.5,244.0,181.0,52.0,11.0,0.0,0.0,0.0,143.0,80.0,42.0,0.0,0.0,244.0,0.0,0.0
Baroda,MI,BERRIEN,2023-10-24,2023,10,24,Fall,1,42.0,-86.5,244.0,181.0,52.0,11.0,0.0,0.0,0.0,143.0,80.0,42.0,0.0,0.0,244.0,0.0,0.0
Barre,VT,WASHINGTON,2023-09-27,2023,9,27,Fall,9,44.2,-72.4,,,,,,,,,,,,,,,
Bartlesville,OK,WASHINGTON,2023-04-09,2023,4,9,Spring,8,36.9,-96.0,,,,,,,,,,,,,,,
Bartlesville,OK,WASHINGTON,2023-08-27,2023,8,27,Summer,8,36.7,-95.9,,,,,,,,,,,,,,,
Bartlesville,OK,WASHINGTON,2023-09-13,2023,9,13,Fall,32,36.7,-96.0,,,,,,,,,,,,,,,
Bartlesville,OK,WASHINGTON,2023-09-27,2023,9,27,Fall,64,36.9,-96.0,,,,,,,,,,,,,,,
Bartlett,IL,DUPAGE,2023-09-06,2023,9,6,Fall,3,42.0,-88.2,365.0,146.0,202.0,11.0,4.0,2.0,0.0,234.0,77.0,53.0,0.0,0.0,101.0,264.0,0.0
Bartlett,IL,DUPAGE,2023-10-11,2023,10,11,Fall,3,42.0,-88.2,365.0,146.0,202.0,11.0,4.0,2.0,0.0,234.0,77.0,53.0,0.0,0.0,101.0,264.0,0.0
Basehor,KS,LEAVENWORTH,2023-08-09,2023,8,9,Summer,1,39.1,-94.9,364.0,303.0,51.0,10.0,0.0,0.0,0.0,129.0,64.0,37.0,0.0,0.0,364.0,0.0,0.0
Basehor,KS,LEAVENWORTH,2023-08-10,2023,8,10,Summer,3,39.1,-94.9,364.0,303.0,51.0,10.0,0.0,0.0,0.0,129.0,64.0,37.0,0.0,0.0,364.0,0.0,0.0
Basehor,KS,LEAVENWORTH,2023-08-12,2023,8,12,Summer,1,39.1,-94.9,364.0,303.0,51.0,10.0,0.0,0.0,0.0,129.0,64.0,37.0,0.0,0.0,364.0,0.0,0.0
Basehor,KS,LEAVENWORTH,2023-08-27,2023,8,27,Summer,9,39.1,-94.9,364.0,303.0,51.0,10.0,0.0,0.0,0.0,129.0,64.0,37.0,0.0,0.0,364.0,0.0,0.0
Basehor,KS,LEAVENWORTH,2023-08-30,2023,8,30,Summer,1,39.1,-94.9,364.0,303.0,51.0,10.0,0.0,0.0,0.0,129.0,64.0,37.0,0.0,0.0,364.0,0.0,0.0
Basehor,KS,LEAVENWORTH,2023-09-09,2023,9,9,Fall,3,39.1,-94.9,364.0,303.0,51.0,10.0,0.0,0.0,0.0,129.0,64.0,37.0,0.0,0.0,364.0,0.0,0.0
Basehor,KS,LEAVENWORTH,2023-09-16,2023,9,16,Fall,4,39.1,-94.9,364.0,303.0,51.0,10.0,0.0,0.0,0.0,129.0,64.0,37.0,0.0,0.0,364.0,0.0,0.0
Basehor,KS,LEAVENWORTH,2023-09-28,2023,9,28,Fall,7,39.1,-94.9,364.0,303.0,51.0,10.0,0.0,0.0,0.0,129.0,64.0,37.0,0.0,0.0,364.0,0.0,0.0
Basehor,KS,LEAVENWORTH,2023-10-04,2023,10,4,Fall,5,39.1,-94.9,364.0,303.0,51.0,10.0,0.0,0.0,0.0,129.0,64.0,37.0,0.0,0.0,364.0,0.0,0.0
Bassett,NE,ROCK,2023-09-08,2023,9,8,Fall,26,42.3,-99.6,,,,,,,,,,,,,,,
Batavia,IL,KANE,2023-07-03,2023,7,3,Summer,1,41.8,-88.3,288.0,178.0,89.0,16.0,5.0,0.0,0.0,174.0,87.0,46.0,0.0,0.0,198.0,90.0,0.0
Batavia,IL,KANE,2023-07-15,2023,7,15,Summer,1,41.8,-88.3,288.0,178.0,89.0,16.0,5.0,0.0,0.0,174.0,87.0,46.0,0.0,0.0,198.0,90.0,0.0
Batavia,IL,KANE,2023-07-28,2023,7,28,Summer,1,41.8,-88.3,288.0,178.0,89.0,16.0,5.0,0.0,0.0,174.0,87.0,46.0,0.0,0.0,198.0,90.0,0.0
Batavia,IL,KANE,2023-09-12,2023,9,12,Fall,2,41.8,-88.3,288.0,178.0,89.0,16.0,5.0,0.0,0.0,174.0,87.0,46.0,0.0,0.0,198.0,90.0,0.0
Batavia,OH,CLERMONT,2023-09-04,2023,9,4,Fall,6,39.1,-84.2,358.0,279.0,74.0,4.0,1.0,0.0,0.0,175.0,64.0,41.0,0.0,0.0,201.0,157.0,0.0
Bath,IN,FRANKLIN,2023-09-19,2023,9,19,Fall,2,39.5,-84.8,,,,,,,,,,,,,,,
Baton Rouge,LA,EAST BATON ROUGE,2023-03-03,2023,3,3,Spring,17,30.4,-91.1,365.0,149.0,208.0,8.0,0.0,0.0,0.0,147.0,67.0,52.0,0.0,0.0,107.0,258.0,0.0
Baton Rouge,LA,EAST BATON ROUGE,2023-03-04,2023,3,4,Spring,17,30.5,-91.2,365.0,149.0,208.0,8.0,0.0,0.0,0.0,147.0,67.0,52.0,0.0,0.0,107.0,258.0,0.0
Baton Rouge,LA,EAST BATON ROUGE,2023-08-03,2023,8,3,Summer,85,30.4,-91.0,365.0,149.0,208.0,8.0,0.0,0.0,0.0,147.0,67.0,52.0,0.0,0.0,107.0,258.0,0.0
Baton Rouge,LA,EAST BATON ROUGE,2023-09-10,2023,9,10,Fall,68,30.4,-91.0,365.0,149.0,208.0,8.0,0.0,0.0,0.0,147.0,67.0,52.0,0.0,0.0,107.0,258.0,0.0
Baton Rouge,LA,EAST BATON ROUGE,2023-10-29,2023,10,29,Fall,85,30.4,-91.0,365.0,149.0,208.0,8.0,0.0,0.0,0.0,147.0,67.0,52.0,0.0,0.0,107.0,258.0,0.0
Baton Rouge,LA,EAST BATON ROUGE,2023-12-02,2023,12,2,Winter,17,30.4,-91.0,365.0,149.0,208.0,8.0,0.0,0.0,0.0,147.0,67.0,52.0,0.0,0.0,107.0,258.0,0.0
Baton Rouge,LA,EAST BATON ROUGE,2023-12-21,2023,12,21,Winter,17,30.4,-91.1,365.0,149.0,208.0,8.0,0.0,0.0,0.0,147.0,67.0,52.0,0.0,0.0,107.0,258.0,0.0
Baton Rouge,LA,EAST BATON ROUGE,2023-12-22,2023,12,22,Winter,17,30.4,-91.0,365.0,149.0,208.0,8.0,0.0,0.0,0.0,147.0,67.0,52.0,0.0,0.0,107.0,258.0,0.0
Bay City,MI,BAY,2023-07-28,2023,7,28,Summer,1,43.6,-83.9,363.0,229.0,128.0,3.0,3.0,0.0,0.0,192.0,63.0,42.0,0.0,0.0,0.0,363.0,0.0
Bay City,MI,BAY,2023-07-29,2023,7,29,Summer,3,43.6,-83.9,363.0,229.0,128.0,3.0,3.0,0.0,0.0,192.0,63.0,42.0,0.0,0.0,0.0,363.0,0.0
Bay City,MI,BAY,2023-08-02,2023,8,2,Summer,2,43.6,-83.9,363.0,229.0,128.0,3.0,3.0,0.0,0.0,192.0,63.0,42.0,0.0,0.0,0.0,363.0,0.0
Bay City,MI,BAY,2023-08-05,2023,8,5,Summer,2,43.6,-83.9,363.0,229.0,128.0,3.0,3.0,0.0,0.0,192.0,63.0,42.0,0.0,0.0,0.0,363.0,0.0
Bay City,MI,BAY,2023-08-07,2023,8,7,Summer,2,43.6,-83.9,363.0,229.0,128.0,3.0,3.0,0.0,0.0,192.0,63.0,42.0,0.0,0.0,0.0,363.0,0.0
Bay City,MI,BAY,2023-08-16,2023,8,16,Summer,1,43.6,-83.9,363.0,229.0,128.0,3.0,3.0,0.0,0.0,192.0,63.0,42.0,0.0,0.0,0.0,363.0,0.0
Bay City,MI,BAY,2023-08-19,2023,8,19,Summer,1,43.6,-83.9,363.0,229.0,128.0,3.0,3.0,0.0,0.0,192.0,63.0,42.0,0.0,0.0,0.0,363.0,0.0
Bay City,MI,BAY,2023-10-01,2023,10,1,Fall,1,43.6,-83.9,363.0,229.0,128.0,3.0,3.0,0.0,0.0,192.0,63.0,42.0,0.0,0.0,0.0,363.0,0.0
Bay Village,OH,CUYAHOGA,2023-07-07,2023,7,7,Summer,4,41.5,-81.9,365.0,117.0,235.0,9.0,3.0,1.0,0.0,234.0,83.0,57.0,2.0,0.0,83.0,276.0,4.0
Bay Village,OH,CUYAHOGA,2023-07-10,2023,7,10,Summer,2,41.5,-81.9,365.0,117.0,235.0,9.0,3.0,1.0,0.0,234.0,83.0,57.0,2.0,0.0,83.0,276.0,4.0
Bay Village,OH,CUYAHOGA,2023-07-13,2023,7,13,Summer,2,41.5,-81.9,365.0,117.0,235.0,9.0,3.0,1.0,0.0,234.0,83.0,57.0,2.0,0.0,83.0,276.0,4.0
Bay Village,OH,CUYAHOGA,2023-07-25,2023,7,25,Summer,2,41.5,-81.9,365.0,117.0,235.0,9.0,3.0,1.0,0.0,234.0,83.0,57.0,2.0,0.0,83.0,276.0,4.0
Bay Village,OH,CUYAHOGA,2023-07-26,2023,7,26,Summer,4,41.5,-81.9,365.0,117.0,235.0,9.0,3.0,1.0,0.0,234.0,83.0,57.0,2.0,0.0,83.0,276.0,4.0
Bay Village,OH,CUYAHOGA,2023-07-29,2023,7,29,Summer,2,41.5,-81.9,365.0,117.0,235.0,9.0,3.0,1.0,0.0,234.0,83.0,57.0,2.0,0.0,83.0,276.0,4.0
Bay Village,OH,CUYAHOGA,2023-08-04,2023,8,4,Summer,6,41.5,-81.9,365.0,117.0,235.0,9.0,3.0,1.0,0.0,234.0,83.0,57.0,2.0,0.0,83.0,276.0,4.0
Bay Village,OH,CUYAHOGA,2023-09-06,2023,9,6,Fall,8,41.5,-81.9,365.0,117.0,235.0,9.0,3.0,1.0,0.0,234.0,83.0,57.0,2.0,0.0,83.0,276.0,4.0
Bay Village,OH,CUYAHOGA,2023-09-11,2023,9,11,Fall,12,41.5,-81.9,365.0,117.0,235.0,9.0,3.0,1.0,0.0,234.0,83.0,57.0,2.0,0.0,83.0,276.0,4.0
Baytown,TX,HARRIS,2023-10-28,2023,10,28,Fall,52,29.8,-94.9,365.0,44.0,273.0,38.0,9.0,1.0,0.0,205.0,121.0,64.0,0.0,1.0,102.0,239.0,23.0
Beachwood,OH,CUYAHOGA,2023-08-02,2023,8,2,Summer,126,41.5,-81.5,365.0,117.0,235.0,9.0,3.0,1.0,0.0,234.0,83.0,57.0,2.0,0.0,83.0,276.0,4.0
Beachwood,OH,CUYAHOGA,2023-09-11,2023,9,11,Fall,28,41.5,-81.5,365.0,117.0,235.0,9.0,3.0,1.0,0.0,234.0,83.0,57.0,2.0,0.0,83.0,276.0,4.0
Beachwood,OH,CUYAHOGA,2023-09-19,2023,9,19,Fall,98,41.5,-81.5,365.0,117.0,235.0,9.0,3.0,1.0,0.0,234.0,83.0,57.0,2.0,0.0,83.0,276.0,4.0
Beachwood,OH,CUYAHOGA,2023-10-01,2023,10,1,Fall,14,41.5,-81.5,365.0,117.0,235.0,9.0,3.0,1.0,0.0,234.0,83.0,57.0,2.0,0.0,83.0,276.0,4.0
Bealeton,VA,FAUQUIER,2023-07-11,2023,7,11,Summer,2,38.5,-77.7,242.0,223.0,17.0,2.0,0.0,0.0,0.0,115.0,49.0,39.0,0.0,0.0,242.0,0.0,0.0
Beatrice,NE,GAGE,2023-09-12,2023,9,12,Fall,24,40.3,-96.7,351.0,262.0,86.0,2.0,1.0,0.0,0.0,163.0,56.0,34.0,0.0,0.0,0.0,351.0,0.0
Bedford,IN,LAWRENCE,2023-08-30,2023,8,30,Summer,22,38.9,-86.4,,,,,,,,,,,,,,,
Bel Air,MD,HARFORD,2023-10-09,2023,10,9,Fall,1,39.5,-76.3,359.0,238.0,111.0,7.0,3.0,0.0,0.0,200.0,74.0,45.0,0.0,0.0,189.0,170.0,0.0
Bell,CA,LOS ANGELES,2023-08-10,2023,8,10,Summer,2,34.0,-118.2,365.0,41.0,237.0,52.0,32.0,3.0,0.0,210.0,147.0,67.0,0.0,5.0,150.0,203.0,7.0
Bella Vista,CA,SHASTA,2023-08-31,2023,8,31,Summer,17,40.6,-122.2,365.0,247.0,112.0,5.0,0.0,0.0,1.0,1435.0,64.0,45.0,0.0,0.0,272.0,93.0,0.0
Bellefonte,PA,CENTRE,2023-07-02,2023,7,2,Summer,4,40.9,-77.8,365.0,239.0,118.0,3.0,5.0,0.0,0.0,199.0,68.0,45.0,0.0,0.0,188.0,177.0,0.0
Bellefonte,PA,CENTRE,2023-07-08,2023,7,8,Summer,4,40.9,-77.8,365.0,239.0,118.0,3.0,5.0,0.0,0.0,199.0,68.0,45.0,0.0,0.0,188.0,177.0,0.0
Bellefonte,PA,CENTRE,2023-07-30,2023,7,30,Summer,4,40.9,-77.8,365.0,239.0,118.0,3.0,5.0,0.0,0.0,199.0,68.0,45.0,0.0,0.0,188.0,177.0,0.0
Bellefonte,PA,CENTRE,2023-08-06,2023,8,6,Summer,12,40.9,-77.8,365.0,239.0,118.0,3.0,5.0,0.0,0.0,199.0,68.0,45.0,0.0,0.0,188.0,177.0,0.0
Bellefonte,PA,CENTRE,2023-08-08,2023,8,8,Summer,4,40.9,-77.8,365.0,239.0,118.0,3.0,5.0,0.0,0.0,199.0,68.0,45.0,0.0,0.0,188.0,177.0,0.0
Bellefonte,PA,CENTRE,2023-08-22,2023,8,22,Summer,4,40.9,-77.8,365.0,239.0,118.0,3.0,5.0,0.0,0.0,199.0,68.0,45.0,0.0,0.0,188.0,177.0,0.0
Bellefonte,PA,CENTRE,2023-09-13,2023,9,13,Fall,4,40.9,-77.8,365.0,239.0,118.0,3.0,5.0,0.0,0.0,199.0,68.0,45.0,0.0,0.0,188.0,177.0,0.0
Bellefonte,PA,CENTRE,2023-09-14,2023,9,14,Fall,4,40.9,-77.8,365.0,239.0,118.0,3.0,5.0,0.0,0.0,199.0,68.0,45.0,0.0,0.0,188.0,177.0,0.0
Bellefonte,PA,CENTRE,2023-09-16,2023,9,16,Fall,4,40.9,-77.8,365.0,239.0,118.0,3.0,5.0,0.0,0.0,199.0,68.0,45.0,0.0,0.0,188.0,177.0,0.0
Belleville,IL,SAINT CLAIR,2023-05-15,2023,5,15,Spring,5,38.6,-90.0,365.0,128.0,223.0,12.0,2.0,0.0,0.0,169.0,77.0,54.0,0.0,1.0,76.0,288.0,0.0
Belleville,IL,SAINT CLAIR,2023-05-18,2023,5,18,Spring,5,38.5,-90.0,365.0,128.0,223.0,12.0,2.0,0.0,0.0,169.0,77.0,54.0,0.0,1.0,76.0,288.0,0.0
Belleville,IL,SAINT CLAIR,2023-05-30,2023,5,30,Spring,5,38.5,-90.0,365.0,128.0,223.0,12.0,2.0,0.0,0.0,169.0,77.0,54.0,0.0,1.0,76.0,288.0,0.0
Belleville,MI,WAYNE,2023-08-03,2023,8,3,Summer,4,42.2,-83.5,365.0,70.0,272.0,19.0,3.0,1.0,0.0,226.0,89.0,61.0,0.0,2.0,33.0,329.0,1.0
Belleville,NJ,ESSEX,2023-09-17,2023,9,17,Fall,1,40.8,-74.2,,,,,,,,,,,,,,,
Belleville,WI,DANE,2023-09-15,2023,9,15,Fall,1,42.9,-89.5,365.0,184.0,157.0,20.0,1.0,3.0,0.0,268.0,80.0,50.0,0.0,0.0,105.0,260.0,0.0
Bellevue,IA,JACKSON,2023-10-15,2023,10,15,Fall,1,42.3,-90.4,,,,,,,,,,,,,,,
Bellevue,NE,SARPY,2023-06-05,2023,6,5,Summer,4,41.1,-96.0,330.0,230.0,98.0,1.0,1.0,0.0,0.0,152.0,59.0,37.0,0.0,0.0,0.0,330.0,0.0
Bellevue,NE,SARPY,2023-06-06,2023,6,6,Summer,12,41.1,-96.0,330.0,230.0,98.0,1.0,1.0,0.0,0.0,152.0,59.0,37.0,0.0,0.0,0.0,330.0,0.0
Bellevue,NE,SARPY,2023-06-14,2023,6,14,Summer,4,41.1,-95.9,330.0,230.0,98.0,1.0,1.0,0.0,0.0,152.0,59.0,37.0,0.0,0.0,0.0,330.0,0.0
Bellevue,NE,SARPY,2023-08-21,2023,8,21,Summer,4,41.2,-96.0,330.0,230.0,98.0,1.0,1.0,0.0,0.0,152.0,59.0,37.0,0.0,0.0,0.0,330.0,0.0
Bellevue,NE,SARPY,2023-10-15,2023,10,15,Fall,4,41.2,-95.9,330.0,230.0,98.0,1.0,1.0,0.0,0.0,152.0,59.0,37.0,0.0,0.0,0.0,330.0,0.0
Bellevue,OH,HURON,2023-06-26,2023,6,26,Summer,1,41.3,-82.8,,,,,,,,,,,,,,,
Bellevue,OH,HURON,2023-08-02,2023,8,2,Summer,1,41.3,-82.8,,,,,,,,,,,,,,,
Bellville,OH,RICHLAND,2023-07-10,2023,7,10,Summer,2,40.6,-82.5,,,,,,,,,,,,,,,
Bellville,OH,RICHLAND,2023-09-29,2023,9,29,Fall,2,40.6,-82.5,,,,,,,,,,,,,,,
Bellville,OH,RICHLAND,2023-10-11,2023,10,11,Fall,2,40.6,-82.5,,,,,,,,,,,,,,,
Bellville,OH,RICHLAND,2023-10-27,2023,10,27,Fall,2,40.6,-82.5,,,,,,,,,,,,,,,
Belton,TX,BELL,2023-09-20,2023,9,20,Fall,3,31.1,-97.5,365.0,231.0,128.0,6.0,0.0,0.0,0.0,133.0,74.0,44.0,0.0,0.0,246.0,119.0,0.0
Bemidji,MN,BELTRAMI,2023-08-03,2023,8,3,Summer,10,47.5,-94.8,360.0,247.0,107.0,5.0,1.0,0.0,0.0,156.0,73.0,27.0,0.0,0.0,0.0,360.0,0.0
Benicia,CA,SOLANO,2023-07-25,2023,7,25,Summer,1,38.1,-122.2,365.0,269.0,95.0,1.0,0.0,0.0,0.0,105.0,57.0,40.0,0.0,1.0,242.0,122.0,0.0
Benicia,CA,SOLANO,2023-07-26,2023,7,26,Summer,1,38.1,-122.2,365.0,269.0,95.0,1.0,0.0,0.0,0.0,105.0,57.0,40.0,0.0,1.0,242.0,122.0,0.0
Benicia,CA,SOLANO,2023-07-30,2023,7,30,Summer,1,38.1,-122.2,365.0,269.0,95.0,1.0,0.0,0.0,0.0,105.0,57.0,40.0,0.0,1.0,242.0,122.0,0.0
Benicia,CA,SOLANO,2023-07-31,2023,7,31,Summer,1,38.1,-122.2,365.0,269.0,95.0,1.0,0.0,0.0,0.0,105.0,57.0,40.0,0.0,1.0,242.0,122.0,0.0
Benicia,CA,SOLANO,2023-08-01,2023,8,1,Summer,3,38.1,-122.2,365.0,269.0,95.0,1.0,0.0,0.0,0.0,105.0,57.0,40.0,0.0,1.0,242.0,122.0,0.0
Benicia,CA,SOLANO,2023-10-01,2023,10,1,Fall,2,38.1,-122.2,365.0,269.0,95.0,1.0,0.0,0.0,0.0,105.0,57.0,40.0,0.0,1.0,242.0,122.0,0.0
Benicia,CA,SOLANO,2023-10-08,2023,10,8,Fall,4,38.1,-122.2,365.0,269.0,95.0,1.0,0.0,0.0,0.0,105.0,57.0,40.0,0.0,1.0,242.0,122.0,0.0
Bennington,NE,DOUGLAS,2023-07-30,2023,7,30,Summer,11,41.4,-96.2,365.0,211.0,130.0,22.0,2.0,0.0,0.0,169.0,91.0,45.0,0.0,0.0,221.0,143.0,1.0
Bennington,NE,DOUGLAS,2023-09-08,2023,9,8,Fall,5,41.3,-96.2,365.0,211.0,130.0,22.0,2.0,0.0,0.0,169.0,91.0,45.0,0.0,0.0,221.0,143.0,1.0
Bennington,NE,DOUGLAS,2023-09-10,2023,9,10,Fall,4,41.4,-96.2,365.0,211.0,130.0,22.0,2.0,0.0,0.0,169.0,91.0,45.0,0.0,0.0,221.0,143.0,1.0
Bennington,NE,DOUGLAS,2023-09-12,2023,9,12,Fall,2,41.4,-96.2,365.0,211.0,130.0,22.0,2.0,0.0,0.0,169.0,91.0,45.0,0.0,0.0,221.0,143.0,1.0
Bensalem,PA,BUCKS,2023-09-01,2023,9,1,Fall,10,40.1,-74.9,296.0,241.0,50.0,4.0,1.0,0.0,0.0,200.0,71.0,39.0,0.0,0.0,296.0,0.0,0.0
Bentonville,AR,BENTON,2023-06-01,2023,6,1,Summer,2,36.4,-94.2,,,,,,,,,,,,,,,
Bentonville,AR,BENTON,2023-06-04,2023,6,4,Summer,2,36.4,-94.2,,,,,,,,,,,,,,,
Berkeley,CA,ALAMEDA,2023-01-12,2023,1,12,Winter,4,37.9,-122.2,365.0,198.0,154.0,13.0,0.0,0.0,0.0,130.0,70.0,48.0,1.0,16.0,131.0,217.0,0.0
Berkeley,CA,ALAMEDA,2023-02-13,2023,2,13,Winter,4,37.9,-122.3,365.0,198.0,154.0,13.0,0.0,0.0,0.0,130.0,70.0,48.0,1.0,16.0,131.0,217.0,0.0
Berkeley,CA,ALAMEDA,2023-10-06,2023,10,6,Fall,4,37.9,-122.2,365.0,198.0,154.0,13.0,0.0,0.0,0.0,130.0,70.0,48.0,1.0,16.0,131.0,217.0,0.0
Berkeley,CA,ALAMEDA,2023-11-27,2023,11,27,Fall,8,37.9,-122.2,365.0,198.0,154.0,13.0,0.0,0.0,0.0,130.0,70.0,48.0,1.0,16.0,131.0,217.0,0.0
Berkeley,CA,ALAMEDA,2023-12-11,2023,12,11,Winter,8,37.9,-122.3,365.0,198.0,154.0,13.0,0.0,0.0,0.0,130.0,70.0,48.0,1.0,16.0,131.0,217.0,0.0
Berkeley Springs,WV,MORGAN,2023-08-15,2023,8,15,Summer,8,39.6,-78.2,,,,,,,,,,,,,,,
Berkeley Springs,WV,MORGAN,2023-09-14,2023,9,14,Fall,4,39.5,-78.3,,,,,,,,,,,,,,,
Berkeley Springs,WV,MORGAN,2023-09-25,2023,9,25,Fall,4,39.5,-78.2,,,,,,,,,,,,,,,
Berkeley Springs,WV,MORGAN,2023-09-27,2023,9,27,Fall,12,39.6,-78.2,,,,,,,,,,,,,,,
Berkeley Springs,WV,MORGAN,2023-09-28,2023,9,28,Fall,16,39.5,-78.3,,,,,,,,,,,,,,,
Berkeley Springs,WV,MORGAN,2023-10-02,2023,10,2,Fall,4,39.5,-78.2,,,,,,,,,,,,,,,
Berkeley Springs,WV,MORGAN,2023-10-04,2023,10,4,Fall,4,39.6,-78.2,,,,,,,,,,,,,,,
Berkeley Springs,WV,MORGAN,2023-10-05,2023,10,5,Fall,8,39.5,-78.3,,,,,,,,,,,,,,,
Berkeley Springs,WV,MORGAN,2023-10-10,2023,10,10,Fall,4,39.6,-78.2,,,,,,,,,,,,,,,
Berkeley Springs,WV,MORGAN,2023-10-11,2023,10,11,Fall,4,39.6,-78.2,,,,,,,,,,,,,,,
Berkeley Springs,WV,MORGAN,2023-10-12,2023,10,12,Fall,4,39.5,-78.3,,,,,,,,,,,,,,,
Berkeley Springs,WV,MORGAN,2023-10-28,2023,10,28,Fall,12,39.6,-78.2,,,,,,,,,,,,,,,
Berkley,MI,OAKLAND,2023-07-14,2023,7,14,Summer,1,42.5,-83.2,261.0,193.0,58.0,9.0,1.0,0.0,0.0,169.0,74.0,41.0,0.0,0.0,208.0,53.0,0.0
Berkley,MI,OAKLAND,2023-07-17,2023,7,17,Summer,1,42.5,-83.2,261.0,193.0,58.0,9.0,1.0,0.0,0.0,169.0,74.0,41.0,0.0,0.0,208.0,53.0,0.0
Berkley,MI,OAKLAND,2023-07-19,2023,7,19,Summer,1,42.5,-83.2,261.0,193.0,58.0,9.0,1.0,0.0,0.0,169.0,74.0,41.0,0.0,0.0,208.0,53.0,0.0
Berkley,MI,OAKLAND,2023-07-24,2023,7,24,Summer,1,42.5,-83.2,261.0,193.0,58.0,9.0,1.0,0.0,0.0,169.0,74.0,41.0,0.0,0.0,208.0,53.0,0.0
Berkley,MI,OAKLAND,2023-08-12,2023,8,12,Summer,1,42.5,-83.2,261.0,193.0,58.0,9.0,1.0,0.0,0.0,169.0,74.0,41.0,0.0,0.0,208.0,53.0,0.0
Bernardsville,NJ,SOMERSET,2023-10-10,2023,10,10,Fall,1,40.7,-74.6,,,,,,,,,,,,,,,
Bernville,PA,BERKS,2023-07-24,2023,7,24,Summer,5,40.4,-76.1,364.0,205.0,147.0,7.0,3.0,2.0,0.0,287.0,72.0,48.0,0.0,0.0,171.0,193.0,0.0
Berrien Center,MI,BERRIEN,2023-10-01,2023,10,1,Fall,2,41.9,-86.3,244.0,181.0,52.0,11.0,0.0,0.0,0.0,143.0,80.0,42.0,0.0,0.0,244.0,0.0,0.0
Berwick,ME,YORK,2023-08-17,2023,8,17,Summer,1,43.3,-70.9,327.0,303.0,24.0,0.0,0.0,0.0,0.0,84.0,49.0,35.0,0.0,0.0,327.0,0.0,0.0
Berwyn,IL,COOK,2023-05-19,2023,5,19,Spring,3,41.8,-87.8,365.0,104.0,227.0,27.0,5.0,2.0,0.0,223.0,93.0,57.0,0.0,8.0,97.0,252.0,8.0
Berwyn,IL,COOK,2023-05-25,2023,5,25,Spring,3,41.8,-87.8,365.0,104.0,227.0,27.0,5.0,2.0,0.0,223.0,93.0,57.0,0.0,8.0,97.0,252.0,8.0
Bethany,OK,OKLAHOMA,2023-08-10,2023,8,10,Summer,4,35.5,-97.6,365.0,150.0,210.0,5.0,0.0,0.0,0.0,136.0,74.0,53.0,0.0,12.0,140.0,208.0,5.0
Bethany Beach,DE,SUSSEX,2023-07-28,2023,7,28,Summer,3,38.5,-75.1,365.0,215.0,144.0,3.0,2.0,1.0,0.0,203.0,68.0,47.0,0.0,0.0,140.0,225.0,0.0
Bethel,ME,OXFORD,2023-09-06,2023,9,6,Fall,28,44.4,-70.8,356.0,288.0,68.0,0.0,0.0,0.0,0.0,83.0,56.0,38.0,0.0,0.0,150.0,206.0,0.0
Bethel,ME,OXFORD,2023-09-07,2023,9,7,Fall,16,44.4,-70.8,356.0,288.0,68.0,0.0,0.0,0.0,0.0,83.0,56.0,38.0,0.0,0.0,150.0,206.0,0.0
Bethesda,MD,MONTGOMERY,2023-08-24,2023,8,24,Summer,8,39.0,-77.1,357.0,291.0,61.0,2.0,3.0,0.0,0.0,165.0,61.0,42.0,0.0,0.0,195.0,162.0,0.0
Bethesda,MD,MONTGOMERY,2023-08-25,2023,8,25,Summer,8,39.0,-77.1,357.0,291.0,61.0,2.0,3.0,0.0,0.0,165.0,61.0,42.0,0.0,0.0,195.0,162.0,0.0
Bethesda,MD,MONTGOMERY,2023-09-18,2023,9,18,Fall,32,39.0,-77.1,357.0,291.0,61.0,2.0,3.0,0.0,0.0,165.0,61.0,42.0,0.0,0.0,195.0,162.0,0.0
Bethesda,MD,MONTGOMERY,2023-09-19,2023,9,19,Fall,48,39.0,-77.1,357.0,291.0,61.0,2.0,3.0,0.0,0.0,165.0,61.0,42.0,0.0,0.0,195.0,162.0,0.0
Bettendorf,IA,SCOTT,2023-07-09,2023,7,9,Summer,3,41.6,-90.5,365.0,142.0,200.0,19.0,3.0,1.0,0.0,219.0,77.0,53.0,0.0,0.0,113.0,225.0,27.0
Bettendorf,IA,SCOTT,2023-07-19,2023,7,19,Summer,3,41.6,-90.5,365.0,142.0,200.0,19.0,3.0,1.0,0.0,219.0,77.0,53.0,0.0,0.0,113.0,225.0,27.0
Bettendorf,IA,SCOTT,2023-07-24,2023,7,24,Summer,6,41.6,-90.5,365.0,142.0,200.0,19.0,3.0,1.0,0.0,219.0,77.0,53.0,0.0,0.0,113.0,225.0,27.0
Bettendorf,IA,SCOTT,2023-07-27,2023,7,27,Summer,6,41.6,-90.5,365.0,142.0,200.0,19.0,3.0,1.0,0.0,219.0,77.0,53.0,0.0,0.0,113.0,225.0,27.0
Bettendorf,IA,SCOTT,2023-08-01,2023,8,1,Summer,12,41.6,-90.5,365.0,142.0,200.0,19.0,3.0,1.0,0.0,219.0,77.0,53.0,0.0,0.0,113.0,225.0,27.0
Bettendorf,IA,SCOTT,2023-08-03,2023,8,3,Summer,3,41.6,-90.5,365.0,142.0,200.0,19.0,3.0,1.0,0.0,219.0,77.0,53.0,0.0,0.0,113.0,225.0,27.0
Bettendorf,IA,SCOTT,2023-08-06,2023,8,6,Summer,3,41.6,-90.5,365.0,142.0,200.0,19.0,3.0,1.0,0.0,219.0,77.0,53.0,0.0,0.0,113.0,225.0,27.0
Bettendorf,IA,SCOTT,2023-08-09,2023,8,9,Summer,3,41.6,-90.5,365.0,142.0,200.0,19.0,3.0,1.0,0.0,219.0,77.0,53.0,0.0,0.0,113.0,225.0,27.0
Bettendorf,IA,SCOTT,2023-08-18,2023,8,18,Summer,6,41.6,-90.5,365.0,142.0,200.0,19.0,3.0,1.0,0.0,219.0,77.0,53.0,0.0,0.0,113.0,225.0,27.0
Bettendorf,IA,SCOTT,2023-08-20,2023,8,20,Summer,3,41.6,-90.5,365.0,142.0,200.0,19.0,3.0,1.0,0.0,219.0,77.0,53.0,0.0,0.0,113.0,225.0,27.0
Bettendorf,IA,SCOTT,2023-08-21,2023,8,21,Summer,9,41.6,-90.5,365.0,142.0,200.0,19.0,3.0,1.0,0.0,219.0,77.0,53.0,0.0,0.0,113.0,225.0,27.0
Bettendorf,IA,SCOTT,2023-08-26,2023,8,26,Summer,3,41.6,-90.5,365.0,142.0,200.0,19.0,3.0,1.0,0.0,219.0,77.0,53.0,0.0,0.0,113.0,225.0,27.0
Bettendorf,IA,SCOTT,2023-08-27,2023,8,27,Summer,9,41.6,-90.5,365.0,142.0,200.0,19.0,3.0,1.0,0.0,219.0,77.0,53.0,0.0,0.0,113.0,225.0,27.0
Bettendorf,IA,SCOTT,2023-08-30,2023,8,30,Summer,9,41.6,-90.5,365.0,142.0,200.0,19.0,3.0,1.0,0.0,219.0,77.0,53.0,0.0,0.0,113.0,225.0,27.0
Bettendorf,IA,SCOTT,2023-09-12,2023,9,12,Fall,3,41.6,-90.5,365.0,142.0,200.0,19.0,3.0,1.0,0.0,219.0,77.0,53.0,0.0,0.0,113.0,225.0,27.0
Bettendorf,IA,SCOTT,2023-09-24,2023,9,24,Fall,15,41.5,-90.5,365.0,142.0,200.0,19.0,3.0,1.0,0.0,219.0,77.0,53.0,0.0,0.0,113.0,225.0,27.0
Beverly,WA,GRANT,2023-07-28,2023,7,28,Summer,6,46.8,-119.9,365.0,300.0,59.0,3.0,0.0,2.0,1.0,301.0,57.0,32.0,0.0,0.0,0.0,365.0,0.0
Beverly Hills,FL,CITRUS,2023-02-06,2023,2,6,Winter,2,28.9,-82.5,353.0,230.0,122.0,1.0,0.0,0.0,0.0,118.0,58.0,45.0,0.0,0.0,0.0,353.0,0.0
Beverly Hills,FL,CITRUS,2023-05-07,2023,5,7,Spring,2,28.9,-82.5,353.0,230.0,122.0,1.0,0.0,0.0,0.0,118.0,58.0,45.0,0.0,0.0,0.0,353.0,0.0
Beverly Hills,FL,CITRUS,2023-05-18,2023,5,18,Spring,6,28.9,-82.4,353.0,230.0,122.0,1.0,0.0,0.0,0.0,118.0,58.0,45.0,0.0,0.0,0.0,353.0,0.0
Big Pine,CA,INYO,2023-06-11,2023,6,11,Summer,1,37.2,-118.3,365.0,106.0,236.0,13.0,3.0,1.0,6.0,786.0,90.0,61.0,0.0,0.0,202.0,123.0,40.0
Big Pine,CA,INYO,2023-08-12,2023,8,12,Summer,2,37.2,-118.3,365.0,106.0,236.0,13.0,3.0,1.0,6.0,786.0,90.0,61.0,0.0,0.0,202.0,123.0,40.0
Big Rock,IL,KANE,2023-07-29,2023,7,29,Summer,1,41.7,-88.5,288.0,178.0,89.0,16.0,5.0,0.0,0.0,174.0,87.0,46.0,0.0,0.0,198.0,90.0,0.0
Big Rock,IL,KANE,2023-08-03,2023,8,3,Summer,1,41.7,-88.5,288.0,178.0,89.0,16.0,5.0,0.0,0.0,174.0,87.0,46.0,0.0,0.0,198.0,90.0,0.0
Big Rock,IL,KANE,2023-08-07,2023,8,7,Summer,1,41.7,-88.5,288.0,178.0,89.0,16.0,5.0,0.0,0.0,174.0,87.0,46.0,0.0,0.0,198.0,90.0,0.0
Big Rock,IL,KANE,2023-09-07,2023,9,7,Fall,2,41.7,-88.5,288.0,178.0,89.0,16.0,5.0,0.0,0.0,174.0,87.0,46.0,0.0,0.0,198.0,90.0,0.0
Big Spring,TX,HOWARD,2023-10-06,2023,10,6,Fall,6,32.2,-101.5,,,,,,,,,,,,,,,
Billerica,MA,MIDDLESEX,2023-07-23,2023,7,23,Summer,1,42.6,-71.2,365.0,281.0,83.0,1.0,0.0,0.0,0.0,101.0,57.0,39.0,0.0,7.0,193.0,165.0,0.0
Billerica,MA,MIDDLESEX,2023-07-28,2023,7,28,Summer,1,42.6,-71.2,365.0,281.0,83.0,1.0,0.0,0.0,0.0,101.0,57.0,39.0,0.0,7.0,193.0,165.0,0.0
Billerica,MA,MIDDLESEX,2023-07-29,2023,7,29,Summer,1,42.6,-71.2,365.0,281.0,83.0,1.0,0.0,0.0,0.0,101.0,57.0,39.0,0.0,7.0,193.0,165.0,0.0
Billerica,MA,MIDDLESEX,2023-08-03,2023,8,3,Summer,1,42.6,-71.2,365.0,281.0,83.0,1.0,0.0,0.0,0.0,101.0,57.0,39.0,0.0,7.0,193.0,165.0,0.0
Billerica,MA,MIDDLESEX,2023-08-04,2023,8,4,Summer,1,42.6,-71.2,365.0,281.0,83.0,1.0,0.0,0.0,0.0,101.0,57.0,39.0,0.0,7.0,193.0,165.0,0.0
Billerica,MA,MIDDLESEX,2023-08-11,2023,8,11,Summer,1,42.6,-71.2,365.0,281.0,83.0,1.0,0.0,0.0,0.0,101.0,57.0,39.0,0.0,7.0,193.0,165.0,0.0
Billings,MO,CHRISTIAN,2023-09-30,2023,9,30,Fall,3,37.1,-93.5,,,,,,,,,,,,,,,
Billings,MT,YELLOWSTONE,2023-08-09,2023,8,9,Summer,9,45.9,-108.5,357.0,306.0,47.0,3.0,1.0,0.0,0.0,191.0,53.0,29.0,0.0,0.0,0.0,357.0,0.0
Billings,MT,YELLOWSTONE,2023-08-11,2023,8,11,Summer,9,45.8,-108.6,357.0,306.0,47.0,3.0,1.0,0.0,0.0,191.0,53.0,29.0,0.0,0.0,0.0,357.0,0.0
Biloxi,MS,HARRISON,2023-10-22,2023,10,22,Fall,63,30.4,-88.9,361.0,166.0,193.0,2.0,0.0,0.0,0.0,105.0,68.0,51.0,0.0,0.0,102.0,259.0,0.0
Birdsboro,PA,BERKS,2023-07-04,2023,7,4,Summer,10,40.3,-75.8,364.0,205.0,147.0,7.0,3.0,2.0,0.0,287.0,72.0,48.0,0.0,0.0,171.0,193.0,0.0
Birdsboro,PA,BERKS,2023-08-12,2023,8,12,Summer,10,40.3,-75.8,364.0,205.0,147.0,7.0,3.0,2.0,0.0,287.0,72.0,48.0,0.0,0.0,171.0,193.0,0.0
Birmingham,AL,JEFFERSON,2023-08-02,2023,8,2,Summer,52,33.4,-86.7,365.0,73.0,272.0,15.0,3.0,2.0,0.0,255.0,89.0,61.0,0.0,0.0,53.0,312.0,0.0
Birmingham,AL,JEFFERSON,2023-08-24,2023,8,24,Summer,52,33.5,-86.8,365.0,73.0,272.0,15.0,3.0,2.0,0.0,255.0,89.0,61.0,0.0,0.0,53.0,312.0,0.0
Birmingham,AL,JEFFERSON,2023-09-26,2023,9,26,Fall,104,33.5,-86.7,365.0,73.0,272.0,15.0,3.0,2.0,0.0,255.0,89.0,61.0,0.0,0.0,53.0,312.0,0.0
Birmingham,AL,JEFFERSON,2023-10-10,2023,10,10,Fall,52,33.5,-86.8,365.0,73.0,272.0,15.0,3.0,2.0,0.0,255.0,89.0,61.0,0.0,0.0,53.0,312.0,0.0
Birmingham,AL,JEFFERSON,2023-10-29,2023,10,29,Fall,52,33.4,-86.9,365.0,73.0,272.0,15.0,3.0,2.0,0.0,255.0,89.0,61.0,0.0,0.0,53.0,312.0,0.0
Birmingham,AL,SHELBY,2023-08-02,2023,8,2,Summer,7,33.4,-86.7,242.0,207.0,34.0,1.0,0.0,0.0,0.0,108.0,58.0,40.0,0.0,0.0,242.0,0.0,0.0
Birmingham,AL,SHELBY,2023-08-24,2023,8,24,Summer,7,33.5,-86.8,242.0,207.0,34.0,1.0,0.0,0.0,0.0,108.0,58.0,40.0,0.0,0.0,242.0,0.0,0.0
Birmingham,AL,SHELBY,2023-09-26,2023,9,26,Fall,14,33.5,-86.7,242.0,207.0,34.0,1.0,0.0,0.0,0.0,108.0,58.0,40.0,0.0,0.0,242.0,0.0,0.0
Birmingham,AL,SHELBY,2023-10-10,2023,10,10,Fall,7,33.5,-86.8,242.0,207.0,34.0,1.0,0.0,0.0,0.0,108.0,58.0,40.0,0.0,0.0,242.0,0.0,0.0
Birmingham,AL,SHELBY,2023-10-29,2023,10,29,Fall,7,33.4,-86.9,242.0,207.0,34.0,1.0,0.0,0.0,0.0,108.0,58.0,40.0,0.0,0.0,242.0,0.0,0.0
Birmingham,MI,OAKLAND,2023-07-18,2023,7,18,Summer,2,42.5,-83.2,261.0,193.0,58.0,9.0,1.0,0.0,0.0,169.0,74.0,41.0,0.0,0.0,208.0,53.0,0.0
Bishop,CA,INYO,2023-08-04,2023,8,4,Summer,18,37.4,-118.4,365.0,106.0,236.0,13.0,3.0,1.0,6.0,786.0,90.0,61.0,0.0,0.0,202.0,123.0,40.0
Bishop,CA,INYO,2023-10-21,2023,10,21,Fall,9,37.5,-118.6,365.0,106.0,236.0,13.0,3.0,1.0,6.0,786.0,90.0,61.0,0.0,0.0,202.0,123.0,40.0
Bishopville,MD,WORCESTER,2023-04-26,2023,4,26,Spring,4,38.4,-75.1,,,,,,,,,,,,,,,
Bishopville,MD,WORCESTER,2023-05-18,2023,5,18,Spring,2,38.4,-75.1,,,,,,,,,,,,,,,
Bishopville,MD,WORCESTER,2023-05-21,2023,5,21,Spring,2,38.4,-75.1,,,,,,,,,,,,,,,
Bishopville,MD,WORCESTER,2023-08-14,2023,8,14,Summer,6,38.4,-75.1,,,,,,,,,,,,,,,
Bishopville,MD,WORCESTER,2023-09-01,2023,9,1,Fall,6,38.4,-75.1,,,,,,,,,,,,,,,
Bishopville,MD,WORCESTER,2023-11-01,2023,11,1,Fall,2,38.5,-75.1,,,,,,,,,,,,,,,
Bixby,OK,TULSA,2023-08-09,2023,8,9,Summer,1,36.0,-95.9,365.0,142.0,205.0,16.0,2.0,0.0,0.0,197.0,77.0,53.0,0.0,0.0,154.0,204.0,7.0
Bixby,OK,TULSA,2023-08-16,2023,8,16,Summer,1,36.0,-95.9,365.0,142.0,205.0,16.0,2.0,0.0,0.0,197.0,77.0,53.0,0.0,0.0,154.0,204.0,7.0
Bixby,OK,TULSA,2023-08-31,2023,8,31,Summer,1,36.0,-95.9,365.0,142.0,205.0,16.0,2.0,0.0,0.0,197.0,77.0,53.0,0.0,0.0,154.0,204.0,7.0
Bixby,OK,TULSA,2023-09-06,2023,9,6,Fall,3,36.0,-96.0,365.0,142.0,205.0,16.0,2.0,0.0,0.0,197.0,77.0,53.0,0.0,0.0,154.0,204.0,7.0
Bixby,OK,TULSA,2023-10-03,2023,10,3,Fall,1,35.9,-95.9,365.0,142.0,205.0,16.0,2.0,0.0,0.0,197.0,77.0,53.0,0.0,0.0,154.0,204.0,7.0
Bixby,OK,TULSA,2023-10-16,2023,10,16,Fall,1,35.9,-95.9,365.0,142.0,205.0,16.0,2.0,0.0,0.0,197.0,77.0,53.0,0.0,0.0,154.0,204.0,7.0
Bixby,OK,TULSA,2023-10-26,2023,10,26,Fall,4,35.9,-95.9,365.0,142.0,205.0,16.0,2.0,0.0,0.0,197.0,77.0,53.0,0.0,0.0,154.0,204.0,7.0
Black Creek,WI,OUTAGAMIE,2023-10-03,2023,10,3,Fall,2,44.5,-88.4,360.0,195.0,152.0,8.0,5.0,0.0,0.0,186.0,78.0,48.0,0.0,0.0,85.0,275.0,0.0
Black Diamond,WA,KING,2023-06-23,2023,6,23,Summer,6,47.3,-122.0,365.0,214.0,145.0,5.0,1.0,0.0,0.0,165.0,63.0,46.0,0.0,6.0,86.0,273.0,0.0
Black Mountain,NC,BUNCOMBE,2023-08-01,2023,8,1,Summer,6,35.6,-82.3,365.0,261.0,104.0,0.0,0.0,0.0,0.0,99.0,60.0,43.0,0.0,0.0,133.0,232.0,0.0
Black Mountain,NC,BUNCOMBE,2023-09-16,2023,9,16,Fall,2,35.6,-82.3,365.0,261.0,104.0,0.0,0.0,0.0,0.0,99.0,60.0,43.0,0.0,0.0,133.0,232.0,0.0
Black Mountain,NC,BUNCOMBE,2023-09-24,2023,9,24,Fall,10,35.6,-82.3,365.0,261.0,104.0,0.0,0.0,0.0,0.0,99.0,60.0,43.0,0.0,0.0,133.0,232.0,0.0
Blairsville,GA,UNION,2023-03-27,2023,3,27,Spring,1,35.0,-84.1,,,,,,,,,,,,,,,
Blairsville,GA,UNION,2023-09-26,2023,9,26,Fall,12,34.9,-84.0,,,,,,,,,,,,,,,
Blairsville,GA,UNION,2023-10-18,2023,10,18,Fall,1,34.9,-84.1,,,,,,,,,,,,,,,
Blairsville,GA,UNION,2023-10-19,2023,10,19,Fall,2,34.9,-84.1,,,,,,,,,,,,,,,
Blanchard,OK,MCCLAIN,2023-04-03,2023,4,3,Spring,2,35.2,-97.7,246.0,144.0,91.0,11.0,0.0,0.0,0.0,143.0,87.0,48.0,0.0,0.0,246.0,0.0,0.0
Blanchard,OK,MCCLAIN,2023-09-25,2023,9,25,Fall,4,35.2,-97.7,246.0,144.0,91.0,11.0,0.0,0.0,0.0,143.0,87.0,48.0,0.0,0.0,246.0,0.0,0.0
Blanchard,OK,MCCLAIN,2023-09-26,2023,9,26,Fall,14,35.2,-97.7,246.0,144.0,91.0,11.0,0.0,0.0,0.0,143.0,87.0,48.0,0.0,0.0,246.0,0.0,0.0
Blanchard,OK,MCCLAIN,2023-10-01,2023,10,1,Fall,2,35.2,-97.7,246.0,144.0,91.0,11.0,0.0,0.0,0.0,143.0,87.0,48.0,0.0,0.0,246.0,0.0,0.0
Blanchard,OK,MCCLAIN,2023-10-10,2023,10,10,Fall,2,35.2,-97.7,246.0,144.0,91.0,11.0,0.0,0.0,0.0,143.0,87.0,48.0,0.0,0.0,246.0,0.0,0.0
Bliss,NY,WYOMING,2023-09-22,2023,9,22,Fall,4,42.6,-78.3,,,,,,,,,,,,,,,
Bloomburg,TX,CASS,2023-10-12,2023,10,12,Fall,1,33.1,-94.0,,,,,,,,,,,,,,,
Bloomfield,NJ,ESSEX,2023-05-24,2023,5,24,Spring,4,40.8,-74.2,,,,,,,,,,,,,,,
Bloomfield,NJ,ESSEX,2023-06-25,2023,6,25,Summer,4,40.8,-74.2,,,,,,,,,,,,,,,
Bloomfield,NJ,ESSEX,2023-07-01,2023,7,1,Summer,8,40.8,-74.2,,,,,,,,,,,,,,,
Bloomfield,NJ,ESSEX,2023-07-05,2023,7,5,Summer,8,40.8,-74.2,,,,,,,,,,,,,,,
Bloomfield,NJ,ESSEX,2023-07-12,2023,7,12,Summer,4,40.8,-74.2,,,,,,,,,,,,,,,
Bloomfield,NJ,ESSEX,2023-08-08,2023,8,8,Summer,4,40.8,-74.2,,,,,,,,,,,,,,,
Bloomfield,NJ,ESSEX,2023-08-09,2023,8,9,Summer,8,40.8,-74.2,,,,,,,,,,,,,,,
Bloomfield,NJ,ESSEX,2023-08-13,2023,8,13,Summer,8,40.8,-74.2,,,,,,,,,,,,,,,
Bloomfield,NJ,ESSEX,2023-08-16,2023,8,16,Summer,12,40.8,-74.2,,,,,,,,,,,,,,,
Bloomfield,NJ,ESSEX,2023-08-20,2023,8,20,Summer,12,40.8,-74.2,,,,,,,,,,,,,,,
Bloomfield,NJ,ESSEX,2023-09-22,2023,9,22,Fall,8,40.8,-74.2,,,,,,,,,,,,,,,
Bloomfield,NJ,ESSEX,2023-10-09,2023,10,9,Fall,16,40.8,-74.2,,,,,,,,,,,,,,,
Bloomfield,NJ,ESSEX,2023-10-11,2023,10,11,Fall,16,40.8,-74.2,,,,,,,,,,,,,,,
Bloomfield,NJ,ESSEX,2023-10-19,2023,10,19,Fall,8,40.8,-74.2,,,,,,,,,,,,,,,
Bloomingdale,MI,VAN BUREN,2023-08-05,2023,8,5,Summer,1,42.4,-85.9,,,,,,,,,,,,,,,
Bloomingdale,NJ,PASSAIC,2023-09-05,2023,9,5,Fall,1,41.0,-74.3,353.0,241.0,104.0,4.0,4.0,0.0,0.0,199.0,63.0,42.0,0.0,0.0,133.0,220.0,0.0
Bloomingdale,NJ,PASSAIC,2023-09-06,2023,9,6,Fall,1,41.0,-74.3,353.0,241.0,104.0,4.0,4.0,0.0,0.0,199.0,63.0,42.0,0.0,0.0,133.0,220.0,0.0
Bloomingdale,NJ,PASSAIC,2023-09-12,2023,9,12,Fall,2,41.0,-74.3,353.0,241.0,104.0,4.0,4.0,0.0,0.0,199.0,63.0,42.0,0.0,0.0,133.0,220.0,0.0
Bloomingdale,NJ,PASSAIC,2023-10-04,2023,10,4,Fall,1,41.0,-74.3,353.0,241.0,104.0,4.0,4.0,0.0,0.0,199.0,63.0,42.0,0.0,0.0,133.0,220.0,0.0
Bloomingdale,NJ,PASSAIC,2023-10-11,2023,10,11,Fall,2,41.0,-74.3,353.0,241.0,104.0,4.0,4.0,0.0,0.0,199.0,63.0,42.0,0.0,0.0,133.0,220.0,0.0
Bloomington,IL,MCLEAN,2023-09-13,2023,9,13,Fall,48,40.4,-89.0,365.0,184.0,168.0,10.0,2.0,1.0,0.0,289.0,74.0,50.0,0.0,0.0,112.0,253.0,0.0
Bloomington,IN,MONROE,2023-08-03,2023,8,3,Summer,3,39.3,-86.5,365.0,245.0,115.0,3.0,1.0,1.0,0.0,230.0,61.0,40.0,0.0,0.0,0.0,365.0,0.0
Bloomington,IN,MONROE,2023-10-24,2023,10,24,Fall,6,39.1,-86.5,365.0,245.0,115.0,3.0,1.0,1.0,0.0,230.0,61.0,40.0,0.0,0.0,0.0,365.0,0.0
Bloomington,IN,MONROE,2023-10-25,2023,10,25,Fall,3,39.1,-86.5,365.0,245.0,115.0,3.0,1.0,1.0,0.0,230.0,61.0,40.0,0.0,0.0,0.0,365.0,0.0
Bloomington Springs,TN,PUTNAM,2023-10-27,2023,10,27,Fall,20,36.2,-85.6,356.0,258.0,97.0,1.0,0.0,0.0,0.0,109.0,58.0,38.0,0.0,0.0,0.0,356.0,0.0
Blue Bell,PA,MONTGOMERY,2023-08-05,2023,8,5,Summer,8,40.2,-75.3,365.0,232.0,127.0,1.0,3.0,2.0,0.0,284.0,67.0,44.0,0.0,0.0,144.0,221.0,0.0
Blue Bell,PA,MONTGOMERY,2023-09-27,2023,9,27,Fall,4,40.2,-75.3,365.0,232.0,127.0,1.0,3.0,2.0,0.0,284.0,67.0,44.0,0.0,0.0,144.0,221.0,0.0
Blue Hill,ME,HANCOCK,2023-07-17,2023,7,17,Summer,1,44.4,-68.6,365.0,314.0,51.0,0.0,0.0,0.0,0.0,93.0,54.0,38.0,0.0,0.0,321.0,44.0,0.0
Blue Hill,ME,HANCOCK,2023-08-12,2023,8,12,Summer,1,44.4,-68.6,365.0,314.0,51.0,0.0,0.0,0.0,0.0,93.0,54.0,38.0,0.0,0.0,321.0,44.0,0.0
Blue Hill,ME,HANCOCK,2023-08-23,2023,8,23,Summer,2,44.4,-68.6,365.0,314.0,51.0,0.0,0.0,0.0,0.0,93.0,54.0,38.0,0.0,0.0,321.0,44.0,0.0
Blue Hill,ME,HANCOCK,2023-08-24,2023,8,24,Summer,1,44.4,-68.6,365.0,314.0,51.0,0.0,0.0,0.0,0.0,93.0,54.0,38.0,0.0,0.0,321.0,44.0,0.0
Blue Hill,ME,HANCOCK,2023-09-02,2023,9,2,Fall,1,44.4,-68.6,365.0,314.0,51.0,0.0,0.0,0.0,0.0,93.0,54.0,38.0,0.0,0.0,321.0,44.0,0.0
Blue Hill,ME,HANCOCK,2023-09-03,2023,9,3,Fall,2,44.4,-68.6,365.0,314.0,51.0,0.0,0.0,0.0,0.0,93.0,54.0,38.0,0.0,0.0,321.0,44.0,0.0
Blue Hill,ME,HANCOCK,2023-09-14,2023,9,14,Fall,1,44.4,-68.6,365.0,314.0,51.0,0.0,0.0,0.0,0.0,93.0,54.0,38.0,0.0,0.0,321.0,44.0,0.0
Blue Hill,ME,HANCOCK,2023-09-20,2023,9,20,Fall,1,44.4,-68.6,365.0,314.0,51.0,0.0,0.0,0.0,0.0,93.0,54.0,38.0,0.0,0.0,321.0,44.0,0.0
Blue Hill,ME,HANCOCK,2023-10-28,2023,10,28,Fall,1,44.4,-68.6,365.0,314.0,51.0,0.0,0.0,0.0,0.0,93.0,54.0,38.0,0.0,0.0,321.0,44.0,0.0
Blue Mound,IL,MACON,2023-09-18,2023,9,18,Fall,6,39.7,-89.1,365.0,171.0,178.0,14.0,1.0,1.0,0.0,287.0,76.0,51.0,0.0,0.0,117.0,248.0,0.0
Blue Springs,MO,JACKSON,2023-06-14,2023,6,14,Summer,3,39.0,-94.3,365.0,171.0,192.0,1.0,1.0,0.0,0.0,155.0,68.0,52.0,0.0,21.0,0.0,313.0,31.0
Boca Raton,FL,PALM BEACH,2023-07-15,2023,7,15,Summer,5,26.4,-80.1,365.0,260.0,104.0,1.0,0.0,0.0,0.0,122.0,58.0,43.0,0.0,0.0,123.0,242.0,0.0
Boca Raton,FL,PALM BEACH,2023-09-07,2023,9,7,Fall,5,26.4,-80.1,365.0,260.0,104.0,1.0,0.0,0.0,0.0,122.0,58.0,43.0,0.0,0.0,123.0,242.0,0.0
Boca Raton,FL,PALM BEACH,2023-11-12,2023,11,12,Fall,5,26.3,-80.1,365.0,260.0,104.0,1.0,0.0,0.0,0.0,122.0,58.0,43.0,0.0,0.0,123.0,242.0,0.0
Bohemia,NY,SUFFOLK,2023-10-03,2023,10,3,Fall,1,40.8,-73.1,365.0,278.0,74.0,11.0,2.0,0.0,0.0,195.0,62.0,41.0,0.0,1.0,278.0,86.0,0.0
Bolingbrook,IL,WILL,2023-08-16,2023,8,16,Summer,1,41.7,-88.1,365.0,155.0,191.0,14.0,3.0,2.0,0.0,246.0,78.0,53.0,0.0,0.0,85.0,280.0,0.0
Bonita Springs,FL,LEE,2023-03-20,2023,3,20,Spring,5,26.3,-81.8,364.0,343.0,20.0,1.0,0.0,0.0,0.0,101.0,46.0,35.0,0.0,0.0,364.0,0.0,0.0
Bonita Springs,FL,LEE,2023-03-26,2023,3,26,Spring,5,26.4,-81.7,364.0,343.0,20.0,1.0,0.0,0.0,0.0,101.0,46.0,35.0,0.0,0.0,364.0,0.0,0.0
Boonsboro,MD,WASHINGTON,2023-08-20,2023,8,20,Summer,1,39.5,-77.7,355.0,267.0,82.0,4.0,2.0,0.0,0.0,172.0,60.0,42.0,0.0,0.0,185.0,170.0,0.0
Boonton,NJ,MORRIS,2023-07-11,2023,7,11,Summer,10,40.9,-74.4,363.0,314.0,43.0,4.0,2.0,0.0,0.0,154.0,55.0,37.0,0.0,13.0,311.0,39.0,0.0
Boston,MA,SUFFOLK,2023-08-05,2023,8,5,Summer,20,42.3,-71.1,365.0,231.0,134.0,0.0,0.0,0.0,0.0,99.0,62.0,44.0,0.0,17.0,94.0,254.0,0.0
Boston,MA,SUFFOLK,2023-10-05,2023,10,5,Fall,20,42.4,-71.1,365.0,231.0,134.0,0.0,0.0,0.0,0.0,99.0,62.0,44.0,0.0,17.0,94.0,254.0,0.0
Boulder,CO,BOULDER,2023-08-04,2023,8,4,Summer,6,40.0,-105.2,365.0,192.0,167.0,4.0,2.0,0.0,0.0,181.0,74.0,50.0,0.0,0.0,272.0,93.0,0.0
Boulder,CO,BOULDER,2023-08-15,2023,8,15,Summer,6,40.0,-105.2,365.0,192.0,167.0,4.0,2.0,0.0,0.0,181.0,74.0,50.0,0.0,0.0,272.0,93.0,0.0
Boulder,UT,GARFIELD,2023-10-19,2023,10,19,Fall,2,37.9,-111.3,121.0,121.0,0.0,0.0,0.0,0.0,0.0,38.0,19.0,10.0,0.0,0.0,0.0,121.0,0.0
Boulder,UT,GARFIELD,2023-10-20,2023,10,20,Fall,2,37.9,-111.4,121.0,121.0,0.0,0.0,0.0,0.0,0.0,38.0,19.0,10.0,0.0,0.0,0.0,121.0,0.0
Boulder Junction,WI,VILAS,2023-07-31,2023,7,31,Summer,4,46.1,-89.6,340.0,247.0,81.0,10.0,2.0,0.0,0.0,168.0,75.0,39.0,0.0,0.0,123.0,217.0,0.0
Bound Brook,NJ,SOMERSET,2023-08-14,2023,8,14,Summer,2,40.6,-74.5,,,,,,,,,,,,,,,
Bound Brook,NJ,SOMERSET,2023-08-15,2023,8,15,Summer,2,40.6,-74.5,,,,,,,,,,,,,,,
Bountiful,UT,DAVIS,2023-08-12,2023,8,12,Summer,5,40.9,-111.9,365.0,211.0,141.0,12.0,1.0,0.0,0.0,151.0,84.0,47.0,0.0,22.0,254.0,87.0,2.0
Bountiful,UT,DAVIS,2023-09-05,2023,9,5,Fall,5,40.9,-111.9,365.0,211.0,141.0,12.0,1.0,0.0,0.0,151.0,84.0,47.0,0.0,22.0,254.0,87.0,2.0
Bowdoin,ME,SAGADAHOC,2023-08-30,2023,8,30,Summer,3,44.0,-70.0,208.0,193.0,15.0,0.0,0.0,0.0,0.0,100.0,49.0,39.0,0.0,0.0,208.0,0.0,0.0
Bowie,MD,PRINCE GEORGES,2023-08-20,2023,8,20,Summer,5,39.0,-76.7,365.0,253.0,101.0,8.0,3.0,0.0,0.0,192.0,67.0,44.0,0.0,1.0,226.0,138.0,0.0
Bowling Green,KY,WARREN,2023-08-04,2023,8,4,Summer,5,36.9,-86.5,365.0,238.0,124.0,2.0,1.0,0.0,0.0,155.0,62.0,44.0,0.0,0.0,94.0,271.0,0.0
Bowling Green,KY,WARREN,2023-10-26,2023,10,26,Fall,15,37.0,-86.4,365.0,238.0,124.0,2.0,1.0,0.0,0.0,155.0,62.0,44.0,0.0,0.0,94.0,271.0,0.0
Box Elder,SD,PENNINGTON,2023-08-03,2023,8,3,Summer,2,44.1,-103.1,365.0,216.0,140.0,5.0,4.0,0.0,0.0,172.0,70.0,45.0,0.0,8.0,0.0,191.0,166.0
Boyce,VA,CLARKE,2023-09-30,2023,9,30,Fall,1,39.1,-78.1,,,,,,,,,,,,,,,
Boyertown,PA,BERKS,2023-07-28,2023,7,28,Summer,13,40.4,-75.7,364.0,205.0,147.0,7.0,3.0,2.0,0.0,287.0,72.0,48.0,0.0,0.0,171.0,193.0,0.0
Boyertown,PA,BERKS,2023-07-29,2023,7,29,Summer,13,40.4,-75.7,364.0,205.0,147.0,7.0,3.0,2.0,0.0,287.0,72.0,48.0,0.0,0.0,171.0,193.0,0.0
Boyertown,PA,BERKS,2023-10-10,2023,10,10,Fall,39,40.4,-75.6,364.0,205.0,147.0,7.0,3.0,2.0,0.0,287.0,72.0,48.0,0.0,0.0,171.0,193.0,0.0
Boynton Beach,FL,PALM BEACH,2023-01-04,2023,1,4,Winter,6,26.5,-80.1,365.0,260.0,104.0,1.0,0.0,0.0,0.0,122.0,58.0,43.0,0.0,0.0,123.0,242.0,0.0
Bradenton,FL,MANATEE,2023-02-21,2023,2,21,Winter,16,27.4,-82.6,362.0,338.0,24.0,0.0,0.0,0.0,0.0,90.0,48.0,35.0,0.0,0.0,362.0,0.0,0.0
Bradenton,FL,MANATEE,2023-11-03,2023,11,3,Fall,16,27.4,-82.6,362.0,338.0,24.0,0.0,0.0,0.0,0.0,90.0,48.0,35.0,0.0,0.0,362.0,0.0,0.0
Bradley Beach,NJ,MONMOUTH,2023-07-23,2023,7,23,Summer,1,40.2,-74.0,247.0,210.0,35.0,2.0,0.0,0.0,0.0,140.0,61.0,39.0,0.0,0.0,247.0,0.0,0.0
Bradley Beach,NJ,MONMOUTH,2023-08-06,2023,8,6,Summer,1,40.2,-74.0,247.0,210.0,35.0,2.0,0.0,0.0,0.0,140.0,61.0,39.0,0.0,0.0,247.0,0.0,0.0
Bradley Beach,NJ,MONMOUTH,2023-08-19,2023,8,19,Summer,1,40.2,-74.0,247.0,210.0,35.0,2.0,0.0,0.0,0.0,140.0,61.0,39.0,0.0,0.0,247.0,0.0,0.0
Bradley Beach,NJ,MONMOUTH,2023-09-07,2023,9,7,Fall,1,40.2,-74.0,247.0,210.0,35.0,2.0,0.0,0.0,0.0,140.0,61.0,39.0,0.0,0.0,247.0,0.0,0.0
Bradley Beach,NJ,MONMOUTH,2023-09-14,2023,9,14,Fall,1,40.2,-74.0,247.0,210.0,35.0,2.0,0.0,0.0,0.0,140.0,61.0,39.0,0.0,0.0,247.0,0.0,0.0
Braidwood,IL,WILL,2023-06-27,2023,6,27,Summer,2,41.3,-88.2,365.0,155.0,191.0,14.0,3.0,2.0,0.0,246.0,78.0,53.0,0.0,0.0,85.0,280.0,0.0
Braidwood,IL,WILL,2023-07-03,2023,7,3,Summer,2,41.3,-88.2,365.0,155.0,191.0,14.0,3.0,2.0,0.0,246.0,78.0,53.0,0.0,0.0,85.0,280.0,0.0
Braidwood,IL,WILL,2023-07-22,2023,7,22,Summer,1,41.3,-88.2,365.0,155.0,191.0,14.0,3.0,2.0,0.0,246.0,78.0,53.0,0.0,0.0,85.0,280.0,0.0
Braidwood,IL,WILL,2023-08-02,2023,8,2,Summer,2,41.3,-88.2,365.0,155.0,191.0,14.0,3.0,2.0,0.0,246.0,78.0,53.0,0.0,0.0,85.0,280.0,0.0
Braidwood,IL,WILL,2023-08-13,2023,8,13,Summer,7,41.3,-88.2,365.0,155.0,191.0,14.0,3.0,2.0,0.0,246.0,78.0,53.0,0.0,0.0,85.0,280.0,0.0
Braidwood,IL,WILL,2023-09-25,2023,9,25,Fall,2,41.3,-88.2,365.0,155.0,191.0,14.0,3.0,2.0,0.0,246.0,78.0,53.0,0.0,0.0,85.0,280.0,0.0
Braidwood,IL,WILL,2023-10-21,2023,10,21,Fall,1,41.3,-88.2,365.0,155.0,191.0,14.0,3.0,2.0,0.0,246.0,78.0,53.0,0.0,0.0,85.0,280.0,0.0
Brainerd,MN,CROW WING,2023-08-07,2023,8,7,Summer,52,46.4,-94.2,365.0,244.0,112.0,8.0,1.0,0.0,0.0,165.0,77.0,43.0,0.0,0.0,132.0,233.0,0.0
Brandon,FL,HILLSBOROUGH,2023-05-04,2023,5,4,Spring,1,27.9,-82.3,365.0,156.0,206.0,3.0,0.0,0.0,0.0,114.0,69.0,51.0,0.0,0.0,102.0,261.0,2.0
Brandon,FL,HILLSBOROUGH,2023-06-12,2023,6,12,Summer,2,28.0,-82.3,365.0,156.0,206.0,3.0,0.0,0.0,0.0,114.0,69.0,51.0,0.0,0.0,102.0,261.0,2.0
Brandon,SD,MINNEHAHA,2023-10-02,2023,10,2,Fall,3,43.5,-96.6,365.0,235.0,103.0,23.0,4.0,0.0,0.0,181.0,93.0,44.0,0.0,6.0,254.0,96.0,9.0
Braselton,GA,JACKSON,2023-08-02,2023,8,2,Summer,1,34.1,-83.8,,,,,,,,,,,,,,,
Breaux Bridge,LA,SAINT MARTIN,2023-08-15,2023,8,15,Summer,3,30.3,-91.9,364.0,316.0,47.0,1.0,0.0,0.0,0.0,112.0,54.0,37.0,0.0,0.0,364.0,0.0,0.0
Breaux Bridge,LA,SAINT MARTIN,2023-09-29,2023,9,29,Fall,6,30.3,-91.9,364.0,316.0,47.0,1.0,0.0,0.0,0.0,112.0,54.0,37.0,0.0,0.0,364.0,0.0,0.0
Brecksville,OH,CUYAHOGA,2023-07-22,2023,7,22,Summer,2,41.3,-81.6,365.0,117.0,235.0,9.0,3.0,1.0,0.0,234.0,83.0,57.0,2.0,0.0,83.0,276.0,4.0
Brecksville,OH,CUYAHOGA,2023-10-11,2023,10,11,Fall,2,41.3,-81.6,365.0,117.0,235.0,9.0,3.0,1.0,0.0,234.0,83.0,57.0,2.0,0.0,83.0,276.0,4.0
Breese,IL,CLINTON,2023-08-25,2023,8,25,Summer,2,38.6,-89.6,,,,,,,,,,,,,,,
Bremen,IN,MARSHALL,2023-07-21,2023,7,21,Summer,2,41.4,-86.1,,,,,,,,,,,,,,,
Bremen,ME,LINCOLN,2023-09-02,2023,9,2,Fall,4,44.0,-69.4,,,,,,,,,,,,,,,
Bremen,ME,LINCOLN,2023-09-06,2023,9,6,Fall,2,44.0,-69.4,,,,,,,,,,,,,,,
Briarcliff Manor,NY,WESTCHESTER,2023-07-20,2023,7,20,Summer,8,41.1,-73.9,365.0,287.0,71.0,4.0,3.0,0.0,0.0,198.0,58.0,39.0,0.0,0.0,221.0,144.0,0.0
Briarcliff Manor,NY,WESTCHESTER,2023-08-07,2023,8,7,Summer,4,41.1,-73.9,365.0,287.0,71.0,4.0,3.0,0.0,0.0,198.0,58.0,39.0,0.0,0.0,221.0,144.0,0.0
Briarcliff Manor,NY,WESTCHESTER,2023-10-10,2023,10,10,Fall,4,41.1,-73.9,365.0,287.0,71.0,4.0,3.0,0.0,0.0,198.0,58.0,39.0,0.0,0.0,221.0,144.0,0.0
Bridgeton,MO,SAINT LOUIS,2023-09-19,2023,9,19,Fall,3,38.7,-90.4,365.0,218.0,130.0,14.0,3.0,0.0,0.0,166.0,74.0,46.0,0.0,13.0,168.0,184.0,0.0
Bridgewater,MI,WASHTENAW,2023-08-04,2023,8,4,Summer,1,42.2,-83.9,365.0,168.0,184.0,9.0,2.0,2.0,0.0,218.0,76.0,52.0,0.0,0.0,121.0,244.0,0.0
Brigantine,NJ,ATLANTIC,2023-11-09,2023,11,9,Fall,4,39.4,-74.4,365.0,270.0,90.0,3.0,1.0,1.0,0.0,265.0,60.0,38.0,0.0,0.0,142.0,223.0,0.0
Brighton,CO,ADAMS,2023-07-23,2023,7,23,Summer,2,40.0,-104.8,365.0,179.0,181.0,3.0,2.0,0.0,0.0,174.0,71.0,51.0,0.0,34.0,180.0,112.0,39.0
Brighton,CO,WELD,2023-07-23,2023,7,23,Summer,2,40.0,-104.8,365.0,146.0,214.0,4.0,1.0,0.0,0.0,162.0,80.0,55.0,0.0,0.0,263.0,102.0,0.0
Brighton,MI,LIVINGSTON,2023-07-25,2023,7,25,Summer,18,42.5,-83.8,,,,,,,,,,,,,,,
Bristol,ME,LINCOLN,2023-08-17,2023,8,17,Summer,1,43.8,-69.5,,,,,,,,,,,,,,,
Bristol,ME,LINCOLN,2023-08-23,2023,8,23,Summer,1,43.9,-69.5,,,,,,,,,,,,,,,
Bristol,ME,LINCOLN,2023-08-31,2023,8,31,Summer,20,43.8,-69.5,,,,,,,,,,,,,,,
Bristol,ME,LINCOLN,2023-09-22,2023,9,22,Fall,1,43.9,-69.5,,,,,,,,,,,,,,,
Bristol,VA,BRISTOL CITY,2023-10-09,2023,10,9,Fall,8,36.6,-82.2,111.0,79.0,30.0,2.0,0.0,0.0,0.0,116.0,62.0,39.0,0.0,0.0,0.0,111.0,0.0
Bristol,VA,WASHINGTON,2023-10-09,2023,10,9,Fall,4,36.6,-82.2,,,,,,,,,,,,,,,
Bristow,OK,CREEK,2023-08-15,2023,8,15,Summer,4,35.8,-96.4,249.0,196.0,50.0,3.0,0.0,0.0,0.0,136.0,64.0,44.0,0.0,0.0,249.0,0.0,0.0
Bristow,OK,CREEK,2023-08-16,2023,8,16,Summer,4,35.8,-96.4,249.0,196.0,50.0,3.0,0.0,0.0,0.0,136.0,64.0,44.0,0.0,0.0,249.0,0.0,0.0
Bristow,OK,CREEK,2023-09-10,2023,9,10,Fall,4,35.8,-96.4,249.0,196.0,50.0,3.0,0.0,0.0,0.0,136.0,64.0,44.0,0.0,0.0,249.0,0.0,0.0
Bristow,OK,CREEK,2023-09-26,2023,9,26,Fall,4,35.8,-96.4,249.0,196.0,50.0,3.0,0.0,0.0,0.0,136.0,64.0,44.0,0.0,0.0,249.0,0.0,0.0
Broadalbin,NY,FULTON,2023-06-20,2023,6,20,Summer,8,43.1,-74.2,,,,,,,,,,,,,,,
Broadview,IL,COOK,2023-08-25,2023,8,25,Summer,2,41.9,-87.8,365.0,104.0,227.0,27.0,5.0,2.0,0.0,223.0,93.0,57.0,0.0,8.0,97.0,252.0,8.0
Brockton,MA,PLYMOUTH,2023-08-05,2023,8,5,Summer,1,42.1,-71.0,365.0,278.0,83.0,4.0,0.0,0.0,0.0,114.0,58.0,40.0,0.0,0.0,210.0,155.0,0.0
Broken Arrow,OK,TULSA,2023-04-08,2023,4,8,Spring,2,36.0,-95.7,365.0,142.0,205.0,16.0,2.0,0.0,0.0,197.0,77.0,53.0,0.0,0.0,154.0,204.0,7.0
Broken Arrow,OK,TULSA,2023-04-09,2023,4,9,Spring,6,36.1,-95.7,365.0,142.0,205.0,16.0,2.0,0.0,0.0,197.0,77.0,53.0,0.0,0.0,154.0,204.0,7.0
Broken Arrow,OK,TULSA,2023-05-26,2023,5,26,Spring,2,36.1,-95.7,365.0,142.0,205.0,16.0,2.0,0.0,0.0,197.0,77.0,53.0,0.0,0.0,154.0,204.0,7.0
Broken Arrow,OK,TULSA,2023-06-13,2023,6,13,Summer,2,36.1,-95.8,365.0,142.0,205.0,16.0,2.0,0.0,0.0,197.0,77.0,53.0,0.0,0.0,154.0,204.0,7.0
Broken Arrow,OK,TULSA,2023-06-17,2023,6,17,Summer,2,36.1,-95.8,365.0,142.0,205.0,16.0,2.0,0.0,0.0,197.0,77.0,53.0,0.0,0.0,154.0,204.0,7.0
Broken Arrow,OK,TULSA,2023-08-15,2023,8,15,Summer,2,36.0,-95.7,365.0,142.0,205.0,16.0,2.0,0.0,0.0,197.0,77.0,53.0,0.0,0.0,154.0,204.0,7.0
Broken Arrow,OK,TULSA,2023-08-17,2023,8,17,Summer,4,36.0,-95.7,365.0,142.0,205.0,16.0,2.0,0.0,0.0,197.0,77.0,53.0,0.0,0.0,154.0,204.0,7.0
Broken Arrow,OK,TULSA,2023-08-22,2023,8,22,Summer,2,36.0,-95.8,365.0,142.0,205.0,16.0,2.0,0.0,0.0,197.0,77.0,53.0,0.0,0.0,154.0,204.0,7.0
Broken Arrow,OK,TULSA,2023-08-25,2023,8,25,Summer,2,36.0,-95.8,365.0,142.0,205.0,16.0,2.0,0.0,0.0,197.0,77.0,53.0,0.0,0.0,154.0,204.0,7.0
Broken Arrow,OK,TULSA,2023-08-26,2023,8,26,Summer,2,36.1,-95.7,365.0,142.0,205.0,16.0,2.0,0.0,0.0,197.0,77.0,53.0,0.0,0.0,154.0,204.0,7.0
Broken Arrow,OK,TULSA,2023-09-28,2023,9,28,Fall,2,36.0,-95.8,365.0,142.0,205.0,16.0,2.0,0.0,0.0,197.0,77.0,53.0,0.0,0.0,154.0,204.0,7.0
Broken Arrow,OK,TULSA,2023-10-03,2023,10,3,Fall,4,36.1,-95.8,365.0,142.0,205.0,16.0,2.0,0.0,0.0,197.0,77.0,53.0,0.0,0.0,154.0,204.0,7.0
Broken Arrow,OK,TULSA,2023-10-04,2023,10,4,Fall,2,36.1,-95.8,365.0,142.0,205.0,16.0,2.0,0.0,0.0,197.0,77.0,53.0,0.0,0.0,154.0,204.0,7.0
Broken Arrow,OK,TULSA,2023-10-12,2023,10,12,Fall,2,36.1,-95.7,365.0,142.0,205.0,16.0,2.0,0.0,0.0,197.0,77.0,53.0,0.0,0.0,154.0,204.0,7.0
Broken Arrow,OK,TULSA,2023-10-16,2023,10,16,Fall,2,36.1,-95.7,365.0,142.0,205.0,16.0,2.0,0.0,0.0,197.0,77.0,53.0,0.0,0.0,154.0,204.0,7.0
Broken Arrow,OK,TULSA,2023-10-17,2023,10,17,Fall,4,36.1,-95.7,365.0,142.0,205.0,16.0,2.0,0.0,0.0,197.0,77.0,53.0,0.0,0.0,154.0,204.0,7.0
Brookfield,WI,WAUKESHA,2023-08-02,2023,8,2,Summer,4,43.0,-88.1,360.0,171.0,167.0,19.0,1.0,2.0,0.0,270.0,80.0,52.0,0.0,0.0,110.0,250.0,0.0
Brookfield,WI,WAUKESHA,2023-09-06,2023,9,6,Fall,1,43.0,-88.1,360.0,171.0,167.0,19.0,1.0,2.0,0.0,270.0,80.0,52.0,0.0,0.0,110.0,250.0,0.0
Brookfield,WI,WAUKESHA,2023-10-05,2023,10,5,Fall,1,43.0,-88.1,360.0,171.0,167.0,19.0,1.0,2.0,0.0,270.0,80.0,52.0,0.0,0.0,110.0,250.0,0.0
Brookhaven,NY,SUFFOLK,2023-08-03,2023,8,3,Summer,2,40.8,-72.9,365.0,278.0,74.0,11.0,2.0,0.0,0.0,195.0,62.0,41.0,0.0,1.0,278.0,86.0,0.0
Brookhaven,PA,DELAWARE,2023-08-16,2023,8,16,Summer,8,39.9,-75.4,365.0,187.0,169.0,5.0,2.0,2.0,0.0,271.0,74.0,50.0,0.0,1.0,111.0,253.0,0.0
Brookings,SD,BROOKINGS,2023-10-04,2023,10,4,Fall,4,44.3,-96.8,365.0,274.0,84.0,5.0,2.0,0.0,0.0,162.0,71.0,42.0,0.0,0.0,241.0,83.0,41.0
Brookline,NH,HILLSBOROUGH,2023-08-31,2023,8,31,Summer,1,42.7,-71.7,365.0,305.0,55.0,5.0,0.0,0.0,0.0,119.0,58.0,39.0,3.0,0.0,293.0,69.0,0.0
Brooklyn,MI,JACKSON,2023-08-31,2023,8,31,Summer,1,42.1,-84.2,,,,,,,,,,,,,,,
Brookville,IN,FRANKLIN,2023-09-13,2023,9,13,Fall,4,39.5,-84.9,,,,,,,,,,,,,,,
Brookville,IN,FRANKLIN,2023-09-18,2023,9,18,Fall,2,39.4,-85.0,,,,,,,,,,,,,,,
Broomfield,CO,JEFFERSON,2023-07-01,2023,7,1,Summer,2,39.9,-105.1,365.0,206.0,141.0,18.0,0.0,0.0,0.0,143.0,90.0,49.0,0.0,2.0,363.0,0.0,0.0
Broomfield,CO,JEFFERSON,2023-07-02,2023,7,2,Summer,2,39.9,-105.1,365.0,206.0,141.0,18.0,0.0,0.0,0.0,143.0,90.0,49.0,0.0,2.0,363.0,0.0,0.0
Broomfield,CO,JEFFERSON,2023-07-15,2023,7,15,Summer,2,39.9,-105.1,365.0,206.0,141.0,18.0,0.0,0.0,0.0,143.0,90.0,49.0,0.0,2.0,363.0,0.0,0.0
Broomfield,CO,JEFFERSON,2023-07-26,2023,7,26,Summer,2,39.9,-105.1,365.0,206.0,141.0,18.0,0.0,0.0,0.0,143.0,90.0,49.0,0.0,2.0,363.0,0.0,0.0
Broomfield,CO,JEFFERSON,2023-07-28,2023,7,28,Summer,10,39.9,-105.0,365.0,206.0,141.0,18.0,0.0,0.0,0.0,143.0,90.0,49.0,0.0,2.0,363.0,0.0,0.0
Broomfield,CO,JEFFERSON,2023-07-29,2023,7,29,Summer,6,39.9,-105.0,365.0,206.0,141.0,18.0,0.0,0.0,0.0,143.0,90.0,49.0,0.0,2.0,363.0,0.0,0.0
Broomfield,CO,JEFFERSON,2023-07-30,2023,7,30,Summer,2,39.9,-105.0,365.0,206.0,141.0,18.0,0.0,0.0,0.0,143.0,90.0,49.0,0.0,2.0,363.0,0.0,0.0
Broomfield,CO,JEFFERSON,2023-08-03,2023,8,3,Summer,4,39.9,-105.1,365.0,206.0,141.0,18.0,0.0,0.0,0.0,143.0,90.0,49.0,0.0,2.0,363.0,0.0,0.0
Broomfield,CO,JEFFERSON,2023-08-04,2023,8,4,Summer,4,39.9,-105.1,365.0,206.0,141.0,18.0,0.0,0.0,0.0,143.0,90.0,49.0,0.0,2.0,363.0,0.0,0.0
Broomfield,CO,JEFFERSON,2023-08-05,2023,8,5,Summer,10,39.9,-105.1,365.0,206.0,141.0,18.0,0.0,0.0,0.0,143.0,90.0,49.0,0.0,2.0,363.0,0.0,0.0
Broomfield,CO,JEFFERSON,2023-08-31,2023,8,31,Summer,4,39.9,-105.1,365.0,206.0,141.0,18.0,0.0,0.0,0.0,143.0,90.0,49.0,0.0,2.0,363.0,0.0,0.0
Broomfield,CO,JEFFERSON,2023-09-01,2023,9,1,Fall,2,39.9,-105.1,365.0,206.0,141.0,18.0,0.0,0.0,0.0,143.0,90.0,49.0,0.0,2.0,363.0,0.0,0.0
Broomfield,CO,JEFFERSON,2023-09-02,2023,9,2,Fall,2,39.9,-105.1,365.0,206.0,141.0,18.0,0.0,0.0,0.0,143.0,90.0,49.0,0.0,2.0,363.0,0.0,0.0
Broomfield,CO,JEFFERSON,2023-09-03,2023,9,3,Fall,4,39.9,-105.1,365.0,206.0,141.0,18.0,0.0,0.0,0.0,143.0,90.0,49.0,0.0,2.0,363.0,0.0,0.0
Broomfield,CO,JEFFERSON,2023-09-04,2023,9,4,Fall,4,39.9,-105.1,365.0,206.0,141.0,18.0,0.0,0.0,0.0,143.0,90.0,49.0,0.0,2.0,363.0,0.0,0.0
Broomfield,CO,JEFFERSON,2023-09-06,2023,9,6,Fall,4,39.9,-105.1,365.0,206.0,141.0,18.0,0.0,0.0,0.0,143.0,90.0,49.0,0.0,2.0,363.0,0.0,0.0
Broomfield,CO,JEFFERSON,2023-09-07,2023,9,7,Fall,4,39.9,-105.1,365.0,206.0,141.0,18.0,0.0,0.0,0.0,143.0,90.0,49.0,0.0,2.0,363.0,0.0,0.0
Broomfield,CO,JEFFERSON,2023-09-08,2023,9,8,Fall,6,39.9,-105.1,365.0,206.0,141.0,18.0,0.0,0.0,0.0,143.0,90.0,49.0,0.0,2.0,363.0,0.0,0.0
Broomfield,CO,JEFFERSON,2023-09-12,2023,9,12,Fall,2,39.9,-105.1,365.0,206.0,141.0,18.0,0.0,0.0,0.0,143.0,90.0,49.0,0.0,2.0,363.0,0.0,0.0
Broomfield,CO,JEFFERSON,2023-09-22,2023,9,22,Fall,4,39.9,-105.0,365.0,206.0,141.0,18.0,0.0,0.0,0.0,143.0,90.0,49.0,0.0,2.0,363.0,0.0,0.0
Broomfield,CO,JEFFERSON,2023-10-01,2023,10,1,Fall,4,39.9,-105.1,365.0,206.0,141.0,18.0,0.0,0.0,0.0,143.0,90.0,49.0,0.0,2.0,363.0,0.0,0.0
Broomfield,CO,JEFFERSON,2023-10-05,2023,10,5,Fall,2,39.9,-105.1,365.0,206.0,141.0,18.0,0.0,0.0,0.0,143.0,90.0,49.0,0.0,2.0,363.0,0.0,0.0
Broomfield,CO,JEFFERSON,2023-10-08,2023,10,8,Fall,2,39.9,-105.1,365.0,206.0,141.0,18.0,0.0,0.0,0.0,143.0,90.0,49.0,0.0,2.0,363.0,0.0,0.0
Broomfield,CO,JEFFERSON,2023-10-17,2023,10,17,Fall,2,39.9,-105.1,365.0,206.0,141.0,18.0,0.0,0.0,0.0,143.0,90.0,49.0,0.0,2.0,363.0,0.0,0.0
Broomfield,CO,JEFFERSON,2023-10-22,2023,10,22,Fall,2,39.9,-105.1,365.0,206.0,141.0,18.0,0.0,0.0,0.0,143.0,90.0,49.0,0.0,2.0,363.0,0.0,0.0
Broussard,LA,LAFAYETTE,2023-09-06,2023,9,6,Fall,1,30.1,-92.0,365.0,211.0,153.0,1.0,0.0,0.0,0.0,112.0,64.0,47.0,0.0,0.0,186.0,177.0,2.0
Broussard,LA,LAFAYETTE,2023-11-12,2023,11,12,Fall,2,30.1,-91.9,365.0,211.0,153.0,1.0,0.0,0.0,0.0,112.0,64.0,47.0,0.0,0.0,186.0,177.0,2.0
Brownsburg,IN,HENDRICKS,2023-05-19,2023,5,19,Spring,1,39.8,-86.4,360.0,324.0,32.0,4.0,0.0,0.0,0.0,119.0,51.0,37.0,0.0,0.0,360.0,0.0,0.0
Brownsburg,IN,HENDRICKS,2023-08-01,2023,8,1,Summer,1,39.8,-86.4,360.0,324.0,32.0,4.0,0.0,0.0,0.0,119.0,51.0,37.0,0.0,0.0,360.0,0.0,0.0
Brownsburg,IN,HENDRICKS,2023-09-13,2023,9,13,Fall,1,39.8,-86.4,360.0,324.0,32.0,4.0,0.0,0.0,0.0,119.0,51.0,37.0,0.0,0.0,360.0,0.0,0.0
Brownsville,PA,FAYETTE,2023-08-25,2023,8,25,Summer,2,40.0,-79.9,304.0,220.0,82.0,2.0,0.0,0.0,0.0,129.0,64.0,44.0,0.0,0.0,232.0,72.0,0.0
Brownsville,TX,CAMERON,2023-02-14,2023,2,14,Winter,60,25.9,-97.5,365.0,161.0,198.0,6.0,0.0,0.0,0.0,141.0,77.0,54.0,0.0,0.0,103.0,262.0,0.0
Brownsville,TX,CAMERON,2023-12-03,2023,12,3,Winter,12,26.0,-97.5,365.0,161.0,198.0,6.0,0.0,0.0,0.0,141.0,77.0,54.0,0.0,0.0,103.0,262.0,0.0
Brunswick,ME,CUMBERLAND,2023-08-05,2023,8,5,Summer,5,43.9,-69.9,365.0,266.0,96.0,3.0,0.0,0.0,0.0,120.0,64.0,40.0,0.0,7.0,179.0,175.0,4.0
Brunswick,ME,CUMBERLAND,2023-08-15,2023,8,15,Summer,10,43.9,-69.9,365.0,266.0,96.0,3.0,0.0,0.0,0.0,120.0,64.0,40.0,0.0,7.0,179.0,175.0,4.0
Brunswick,ME,CUMBERLAND,2023-09-01,2023,9,1,Fall,10,43.9,-69.9,365.0,266.0,96.0,3.0,0.0,0.0,0.0,120.0,64.0,40.0,0.0,7.0,179.0,175.0,4.0
Brunswick,ME,CUMBERLAND,2023-09-02,2023,9,2,Fall,10,43.9,-69.9,365.0,266.0,96.0,3.0,0.0,0.0,0.0,120.0,64.0,40.0,0.0,7.0,179.0,175.0,4.0
Brunswick,ME,CUMBERLAND,2023-09-04,2023,9,4,Fall,5,43.9,-69.9,365.0,266.0,96.0,3.0,0.0,0.0,0.0,120.0,64.0,40.0,0.0,7.0,179.0,175.0,4.0
Brunswick,ME,CUMBERLAND,2023-09-09,2023,9,9,Fall,5,43.9,-69.9,365.0,266.0,96.0,3.0,0.0,0.0,0.0,120.0,64.0,40.0,0.0,7.0,179.0,175.0,4.0
Brunswick,OH,MEDINA,2023-09-02,2023,9,2,Fall,10,41.2,-81.8,363.0,228.0,125.0,7.0,2.0,1.0,0.0,285.0,72.0,44.0,0.0,0.0,137.0,226.0,0.0
Brunswick,OH,MEDINA,2023-09-03,2023,9,3,Fall,10,41.2,-81.8,363.0,228.0,125.0,7.0,2.0,1.0,0.0,285.0,72.0,44.0,0.0,0.0,137.0,226.0,0.0
Brunswick,OH,MEDINA,2023-09-04,2023,9,4,Fall,4,41.2,-81.8,363.0,228.0,125.0,7.0,2.0,1.0,0.0,285.0,72.0,44.0,0.0,0.0,137.0,226.0,0.0
Brunswick,OH,MEDINA,2023-09-05,2023,9,5,Fall,15,41.2,-81.8,363.0,228.0,125.0,7.0,2.0,1.0,0.0,285.0,72.0,44.0,0.0,0.0,137.0,226.0,0.0
Brunswick,OH,MEDINA,2023-09-06,2023,9,6,Fall,4,41.2,-81.8,363.0,228.0,125.0,7.0,2.0,1.0,0.0,285.0,72.0,44.0,0.0,0.0,137.0,226.0,0.0
Brunswick,OH,MEDINA,2023-09-07,2023,9,7,Fall,3,41.2,-81.8,363.0,228.0,125.0,7.0,2.0,1.0,0.0,285.0,72.0,44.0,0.0,0.0,137.0,226.0,0.0
Brunswick,OH,MEDINA,2023-09-11,2023,9,11,Fall,20,41.2,-81.8,363.0,228.0,125.0,7.0,2.0,1.0,0.0,285.0,72.0,44.0,0.0,0.0,137.0,226.0,0.0
Brunswick,OH,MEDINA,2023-09-13,2023,9,13,Fall,2,41.2,-81.8,363.0,228.0,125.0,7.0,2.0,1.0,0.0,285.0,72.0,44.0,0.0,0.0,137.0,226.0,0.0
Brunswick,OH,MEDINA,2023-09-16,2023,9,16,Fall,7,41.2,-81.8,363.0,228.0,125.0,7.0,2.0,1.0,0.0,285.0,72.0,44.0,0.0,0.0,137.0,226.0,0.0
Brunswick,OH,MEDINA,2023-09-18,2023,9,18,Fall,3,41.2,-81.8,363.0,228.0,125.0,7.0,2.0,1.0,0.0,285.0,72.0,44.0,0.0,0.0,137.0,226.0,0.0
Brunswick,OH,MEDINA,2023-09-19,2023,9,19,Fall,3,41.2,-81.8,363.0,228.0,125.0,7.0,2.0,1.0,0.0,285.0,72.0,44.0,0.0,0.0,137.0,226.0,0.0
Brunswick,OH,MEDINA,2023-09-20,2023,9,20,Fall,6,41.2,-81.8,363.0,228.0,125.0,7.0,2.0,1.0,0.0,285.0,72.0,44.0,0.0,0.0,137.0,226.0,0.0
Brunswick,OH,MEDINA,2023-09-21,2023,9,21,Fall,9,41.2,-81.8,363.0,228.0,125.0,7.0,2.0,1.0,0.0,285.0,72.0,44.0,0.0,0.0,137.0,226.0,0.0
Brunswick,OH,MEDINA,2023-09-23,2023,9,23,Fall,1,41.2,-81.8,363.0,228.0,125.0,7.0,2.0,1.0,0.0,285.0,72.0,44.0,0.0,0.0,137.0,226.0,0.0
Brunswick,OH,MEDINA,2023-09-25,2023,9,25,Fall,1,41.2,-81.8,363.0,228.0,125.0,7.0,2.0,1.0,0.0,285.0,72.0,44.0,0.0,0.0,137.0,226.0,0.0
Brunswick,OH,MEDINA,2023-09-26,2023,9,26,Fall,1,41.2,-81.8,363.0,228.0,125.0,7.0,2.0,1.0,0.0,285.0,72.0,44.0,0.0,0.0,137.0,226.0,0.0
Brunswick,OH,MEDINA,2023-09-29,2023,9,29,Fall,2,41.2,-81.8,363.0,228.0,125.0,7.0,2.0,1.0,0.0,285.0,72.0,44.0,0.0,0.0,137.0,226.0,0.0
Brunswick,OH,MEDINA,2023-10-10,2023,10,10,Fall,2,41.2,-81.8,363.0,228.0,125.0,7.0,2.0,1.0,0.0,285.0,72.0,44.0,0.0,0.0,137.0,226.0,0.0
Brunswick,OH,MEDINA,2023-10-11,2023,10,11,Fall,7,41.2,-81.8,363.0,228.0,125.0,7.0,2.0,1.0,0.0,285.0,72.0,44.0,0.0,0.0,137.0,226.0,0.0
Bryan,TX,BRAZOS,2023-03-23,2023,3,23,Spring,16,30.8,-96.2,348.0,233.0,115.0,0.0,0.0,0.0,0.0,79.0,60.0,39.0,0.0,0.0,0.0,348.0,0.0
Bryan,TX,BRAZOS,2023-03-27,2023,3,27,Spring,8,30.8,-96.3,348.0,233.0,115.0,0.0,0.0,0.0,0.0,79.0,60.0,39.0,0.0,0.0,0.0,348.0,0.0
Bryan,TX,BRAZOS,2023-04-02,2023,4,2,Spring,8,30.8,-96.3,348.0,233.0,115.0,0.0,0.0,0.0,0.0,79.0,60.0,39.0,0.0,0.0,0.0,348.0,0.0
Bryan,TX,BRAZOS,2023-04-04,2023,4,4,Spring,8,30.7,-96.3,348.0,233.0,115.0,0.0,0.0,0.0,0.0,79.0,60.0,39.0,0.0,0.0,0.0,348.0,0.0
Bryan,TX,BRAZOS,2023-04-16,2023,4,16,Spring,32,30.8,-96.3,348.0,233.0,115.0,0.0,0.0,0.0,0.0,79.0,60.0,39.0,0.0,0.0,0.0,348.0,0.0
Bryan,TX,BRAZOS,2023-04-19,2023,4,19,Spring,8,30.8,-96.3,348.0,233.0,115.0,0.0,0.0,0.0,0.0,79.0,60.0,39.0,0.0,0.0,0.0,348.0,0.0
Bryan,TX,BRAZOS,2023-07-28,2023,7,28,Summer,8,30.7,-96.3,348.0,233.0,115.0,0.0,0.0,0.0,0.0,79.0,60.0,39.0,0.0,0.0,0.0,348.0,0.0
Bryan,TX,BRAZOS,2023-10-12,2023,10,12,Fall,8,30.8,-96.3,348.0,233.0,115.0,0.0,0.0,0.0,0.0,79.0,60.0,39.0,0.0,0.0,0.0,348.0,0.0
Bryan,TX,BRAZOS,2023-10-15,2023,10,15,Fall,24,30.8,-96.3,348.0,233.0,115.0,0.0,0.0,0.0,0.0,79.0,60.0,39.0,0.0,0.0,0.0,348.0,0.0
Bryan,TX,BRAZOS,2023-10-20,2023,10,20,Fall,8,30.7,-96.3,348.0,233.0,115.0,0.0,0.0,0.0,0.0,79.0,60.0,39.0,0.0,0.0,0.0,348.0,0.0
Bryan,TX,BRAZOS,2023-11-05,2023,11,5,Fall,48,30.8,-96.3,348.0,233.0,115.0,0.0,0.0,0.0,0.0,79.0,60.0,39.0,0.0,0.0,0.0,348.0,0.0
Bryan,TX,BRAZOS,2023-11-06,2023,11,6,Fall,64,30.8,-96.3,348.0,233.0,115.0,0.0,0.0,0.0,0.0,79.0,60.0,39.0,0.0,0.0,0.0,348.0,0.0
Bryan,TX,BRAZOS,2023-11-17,2023,11,17,Fall,16,30.6,-96.4,348.0,233.0,115.0,0.0,0.0,0.0,0.0,79.0,60.0,39.0,0.0,0.0,0.0,348.0,0.0
Bryan,TX,BRAZOS,2023-12-10,2023,12,10,Winter,8,30.7,-96.3,348.0,233.0,115.0,0.0,0.0,0.0,0.0,79.0,60.0,39.0,0.0,0.0,0.0,348.0,0.0
Bryceville,FL,NASSAU,2023-12-10,2023,12,10,Winter,2,30.4,-82.0,,,,,,,,,,,,,,,
Bryson City,NC,SWAIN,2023-10-18,2023,10,18,Fall,4,35.4,-83.4,365.0,268.0,95.0,2.0,0.0,0.0,0.0,108.0,59.0,40.0,0.0,0.0,148.0,217.0,0.0
Buckeye,AZ,MARICOPA,2023-10-28,2023,10,28,Fall,1,33.5,-112.5,365.0,41.0,255.0,62.0,7.0,0.0,0.0,183.0,119.0,72.0,0.0,0.0,193.0,91.0,81.0
Buena,NJ,ATLANTIC,2023-10-09,2023,10,9,Fall,6,39.5,-74.9,365.0,270.0,90.0,3.0,1.0,1.0,0.0,265.0,60.0,38.0,0.0,0.0,142.0,223.0,0.0
Buena Park,CA,ORANGE,2023-07-24,2023,7,24,Summer,9,33.9,-118.0,365.0,160.0,195.0,9.0,1.0,0.0,0.0,166.0,77.0,52.0,0.0,14.0,142.0,204.0,5.0
Buffalo,NY,ERIE,2023-07-11,2023,7,11,Summer,117,42.9,-78.8,365.0,198.0,159.0,5.0,3.0,0.0,0.0,176.0,69.0,48.0,0.0,4.0,86.0,275.0,0.0
Buffalo,NY,ERIE,2023-07-13,2023,7,13,Summer,39,42.9,-78.8,365.0,198.0,159.0,5.0,3.0,0.0,0.0,176.0,69.0,48.0,0.0,4.0,86.0,275.0,0.0
Buffalo,NY,ERIE,2023-07-14,2023,7,14,Summer,39,42.9,-78.8,365.0,198.0,159.0,5.0,3.0,0.0,0.0,176.0,69.0,48.0,0.0,4.0,86.0,275.0,0.0
Buffalo,NY,ERIE,2023-07-17,2023,7,17,Summer,39,42.9,-78.8,365.0,198.0,159.0,5.0,3.0,0.0,0.0,176.0,69.0,48.0,0.0,4.0,86.0,275.0,0.0
Buffalo,NY,ERIE,2023-07-18,2023,7,18,Summer,117,42.9,-78.8,365.0,198.0,159.0,5.0,3.0,0.0,0.0,176.0,69.0,48.0,0.0,4.0,86.0,275.0,0.0
Buffalo,NY,ERIE,2023-07-24,2023,7,24,Summer,39,42.9,-78.8,365.0,198.0,159.0,5.0,3.0,0.0,0.0,176.0,69.0,48.0,0.0,4.0,86.0,275.0,0.0
Buffalo,NY,ERIE,2023-09-17,2023,9,17,Fall,117,42.9,-78.8,365.0,198.0,159.0,5.0,3.0,0.0,0.0,176.0,69.0,48.0,0.0,4.0,86.0,275.0,0.0
Buffalo Gap,TX,TAYLOR,2023-10-06,2023,10,6,Fall,8,32.3,-99.8,,,,,,,,,,,,,,,
Buffalo Grove,IL,LAKE,2023-08-12,2023,8,12,Summer,1,42.2,-88.0,243.0,182.0,47.0,13.0,1.0,0.0,0.0,179.0,84.0,42.0,0.0,0.0,243.0,0.0,0.0
Bullock,NC,GRANVILLE,2023-10-30,2023,10,30,Fall,1,36.5,-78.5,242.0,202.0,39.0,1.0,0.0,0.0,0.0,105.0,58.0,43.0,0.0,0.0,242.0,0.0,0.0
Burbank,CA,LOS ANGELES,2023-03-28,2023,3,28,Spring,7,34.2,-118.3,365.0,41.0,237.0,52.0,32.0,3.0,0.0,210.0,147.0,67.0,0.0,5.0,150.0,203.0,7.0
Burbank,CA,LOS ANGELES,2023-06-19,2023,6,19,Summer,7,34.2,-118.3,365.0,41.0,237.0,52.0,32.0,3.0,0.0,210.0,147.0,67.0,0.0,5.0,150.0,203.0,7.0
Burbank,CA,LOS ANGELES,2023-07-12,2023,7,12,Summer,7,34.2,-118.3,365.0,41.0,237.0,52.0,32.0,3.0,0.0,210.0,147.0,67.0,0.0,5.0,150.0,203.0,7.0
Burbank,CA,LOS ANGELES,2023-07-23,2023,7,23,Summer,7,34.2,-118.3,365.0,41.0,237.0,52.0,32.0,3.0,0.0,210.0,147.0,67.0,0.0,5.0,150.0,203.0,7.0
Burbank,CA,LOS ANGELES,2023-08-01,2023,8,1,Summer,7,34.2,-118.3,365.0,41.0,237.0,52.0,32.0,3.0,0.0,210.0,147.0,67.0,0.0,5.0,150.0,203.0,7.0
Burke,VA,FAIRFAX,2023-09-22,2023,9,22,Fall,2,38.8,-77.3,365.0,217.0,138.0,7.0,2.0,1.0,0.0,222.0,69.0,46.0,0.0,19.0,130.0,216.0,0.0
Burlington,CT,HARTFORD,2023-08-02,2023,8,2,Summer,4,41.7,-72.9,365.0,226.0,132.0,4.0,3.0,0.0,0.0,166.0,64.0,43.0,0.0,19.0,156.0,190.0,0.0
Burlington,VT,CHITTENDEN,2023-07-31,2023,7,31,Summer,7,44.5,-73.2,365.0,259.0,100.0,4.0,2.0,0.0,0.0,160.0,59.0,42.0,2.0,0.0,192.0,171.0,0.0
Burlington,VT,CHITTENDEN,2023-08-01,2023,8,1,Summer,7,44.5,-73.3,365.0,259.0,100.0,4.0,2.0,0.0,0.0,160.0,59.0,42.0,2.0,0.0,192.0,171.0,0.0
Burlington,VT,CHITTENDEN,2023-08-28,2023,8,28,Summer,28,44.5,-73.2,365.0,259.0,100.0,4.0,2.0,0.0,0.0,160.0,59.0,42.0,2.0,0.0,192.0,171.0,0.0
Burlington,WI,RACINE,2023-06-23,2023,6,23,Summer,1,42.7,-88.3,203.0,138.0,49.0,14.0,2.0,0.0,0.0,200.0,97.0,44.0,0.0,0.0,203.0,0.0,0.0
Burlington,WI,RACINE,2023-07-02,2023,7,2,Summer,2,42.7,-88.3,203.0,138.0,49.0,14.0,2.0,0.0,0.0,200.0,97.0,44.0,0.0,0.0,203.0,0.0,0.0
Burlington,WI,RACINE,2023-08-06,2023,8,6,Summer,1,42.6,-88.3,203.0,138.0,49.0,14.0,2.0,0.0,0.0,200.0,97.0,44.0,0.0,0.0,203.0,0.0,0.0
Burlington,WI,RACINE,2023-10-11,2023,10,11,Fall,1,42.7,-88.2,203.0,138.0,49.0,14.0,2.0,0.0,0.0,200.0,97.0,44.0,0.0,0.0,203.0,0.0,0.0
Burnsville,MN,DAKOTA,2023-10-05,2023,10,5,Fall,1,44.8,-93.3,365.0,184.0,171.0,7.0,3.0,0.0,0.0,185.0,73.0,49.0,0.0,10.0,0.0,355.0,0.0
Burton,TX,WASHINGTON,2023-04-02,2023,4,2,Spring,6,30.3,-96.6,,,,,,,,,,,,,,,
Butternut,WI,ASHLAND,2023-07-29,2023,7,29,Summer,1,46.0,-90.5,365.0,272.0,87.0,6.0,0.0,0.0,0.0,115.0,64.0,40.0,0.0,0.0,209.0,156.0,0.0
Butternut,WI,ASHLAND,2023-07-31,2023,7,31,Summer,3,46.0,-90.5,365.0,272.0,87.0,6.0,0.0,0.0,0.0,115.0,64.0,40.0,0.0,0.0,209.0,156.0,0.0
Butternut,WI,ASHLAND,2023-08-02,2023,8,2,Summer,2,46.0,-90.5,365.0,272.0,87.0,6.0,0.0,0.0,0.0,115.0,64.0,40.0,0.0,0.0,209.0,156.0,0.0
Butternut,WI,ASHLAND,2023-08-04,2023,8,4,Summer,1,46.0,-90.5,365.0,272.0,87.0,6.0,0.0,0.0,0.0,115.0,64.0,40.0,0.0,0.0,209.0,156.0,0.0
Butternut,WI,ASHLAND,2023-08-05,2023,8,5,Summer,3,46.0,-90.5,365.0,272.0,87.0,6.0,0.0,0.0,0.0,115.0,64.0,40.0,0.0,0.0,209.0,156.0,0.0
Cadillac,MI,WEXFORD,2023-09-15,2023,9,15,Fall,2,44.3,-85.4,359.0,314.0,42.0,3.0,0.0,0.0,0.0,105.0,61.0,35.0,0.0,0.0,359.0,0.0,0.0
Caldwell,NJ,ESSEX,2023-09-27,2023,9,27,Fall,5,40.9,-74.3,,,,,,,,,,,,,,,
Caldwell,NJ,ESSEX,2023-11-05,2023,11,5,Fall,5,40.8,-74.3,,,,,,,,,,,,,,,
Caledonia,MI,KENT,2023-07-29,2023,7,29,Summer,18,42.8,-85.5,365.0,188.0,165.0,9.0,2.0,1.0,0.0,220.0,80.0,49.0,1.0,13.0,153.0,198.0,0.0
Califon,NJ,HUNTERDON,2023-08-02,2023,8,2,Summer,9,40.7,-74.8,364.0,233.0,121.0,6.0,3.0,1.0,0.0,262.0,64.0,44.0,0.0,0.0,184.0,180.0,0.0
California,PA,WASHINGTON,2023-08-04,2023,8,4,Summer,1,40.0,-79.9,365.0,180.0,175.0,7.0,1.0,2.0,0.0,212.0,72.0,51.0,0.0,0.0,127.0,238.0,0.0
California,PA,WASHINGTON,2023-08-14,2023,8,14,Summer,1,40.1,-79.9,365.0,180.0,175.0,7.0,1.0,2.0,0.0,212.0,72.0,51.0,0.0,0.0,127.0,238.0,0.0
California,PA,WASHINGTON,2023-09-05,2023,9,5,Fall,1,40.1,-79.9,365.0,180.0,175.0,7.0,1.0,2.0,0.0,212.0,72.0,51.0,0.0,0.0,127.0,238.0,0.0
California,PA,WASHINGTON,2023-09-12,2023,9,12,Fall,1,40.1,-79.9,365.0,180.0,175.0,7.0,1.0,2.0,0.0,212.0,72.0,51.0,0.0,0.0,127.0,238.0,0.0
California,PA,WASHINGTON,2023-09-13,2023,9,13,Fall,1,40.1,-79.9,365.0,180.0,175.0,7.0,1.0,2.0,0.0,212.0,72.0,51.0,0.0,0.0,127.0,238.0,0.0
California,PA,WASHINGTON,2023-09-18,2023,9,18,Fall,1,40.1,-79.9,365.0,180.0,175.0,7.0,1.0,2.0,0.0,212.0,72.0,51.0,0.0,0.0,127.0,238.0,0.0
California,PA,WASHINGTON,2023-10-08,2023,10,8,Fall,1,40.1,-79.9,365.0,180.0,175.0,7.0,1.0,2.0,0.0,212.0,72.0,51.0,0.0,0.0,127.0,238.0,0.0
Calumet City,IL,COOK,2023-07-09,2023,7,9,Summer,1,41.6,-87.5,365.0,104.0,227.0,27.0,5.0,2.0,0.0,223.0,93.0,57.0,0.0,8.0,97.0,252.0,8.0
Camarillo,CA,VENTURA,2023-05-10,2023,5,10,Spring,3,34.2,-118.9,365.0,220.0,133.0,12.0,0.0,0.0,0.0,136.0,80.0,46.0,0.0,0.0,239.0,121.0,5.0
Camarillo,CA,VENTURA,2023-06-29,2023,6,29,Summer,3,34.2,-118.9,365.0,220.0,133.0,12.0,0.0,0.0,0.0,136.0,80.0,46.0,0.0,0.0,239.0,121.0,5.0
Camarillo,CA,VENTURA,2023-06-30,2023,6,30,Summer,6,34.2,-118.9,365.0,220.0,133.0,12.0,0.0,0.0,0.0,136.0,80.0,46.0,0.0,0.0,239.0,121.0,5.0
Camarillo,CA,VENTURA,2023-07-02,2023,7,2,Summer,3,34.2,-118.9,365.0,220.0,133.0,12.0,0.0,0.0,0.0,136.0,80.0,46.0,0.0,0.0,239.0,121.0,5.0
Camarillo,CA,VENTURA,2023-08-06,2023,8,6,Summer,6,34.2,-119.1,365.0,220.0,133.0,12.0,0.0,0.0,0.0,136.0,80.0,46.0,0.0,0.0,239.0,121.0,5.0
Camarillo,CA,VENTURA,2023-08-27,2023,8,27,Summer,3,34.2,-118.9,365.0,220.0,133.0,12.0,0.0,0.0,0.0,136.0,80.0,46.0,0.0,0.0,239.0,121.0,5.0
Camarillo,CA,VENTURA,2023-10-03,2023,10,3,Fall,3,34.2,-119.1,365.0,220.0,133.0,12.0,0.0,0.0,0.0,136.0,80.0,46.0,0.0,0.0,239.0,121.0,5.0
Cambria,CA,SAN LUIS OBISPO,2023-02-08,2023,2,8,Winter,3,35.6,-121.1,365.0,207.0,152.0,6.0,0.0,0.0,0.0,122.0,77.0,47.0,0.0,3.0,244.0,115.0,3.0
Cambridge,MA,MIDDLESEX,2023-08-16,2023,8,16,Summer,11,42.4,-71.1,365.0,281.0,83.0,1.0,0.0,0.0,0.0,101.0,57.0,39.0,0.0,7.0,193.0,165.0,0.0
Cambridge,WI,DANE,2023-09-13,2023,9,13,Fall,1,43.0,-89.0,365.0,184.0,157.0,20.0,1.0,3.0,0.0,268.0,80.0,50.0,0.0,0.0,105.0,260.0,0.0
Camdenton,MO,CAMDEN,2023-09-27,2023,9,27,Fall,16,38.0,-92.7,,,,,,,,,,,,,,,
Campobello,SC,SPARTANBURG,2023-09-24,2023,9,24,Fall,1,35.1,-82.2,365.0,166.0,194.0,5.0,0.0,0.0,0.0,136.0,71.0,51.0,0.0,0.0,100.0,265.0,0.0
Campobello,SC,SPARTANBURG,2023-10-08,2023,10,8,Fall,1,35.1,-82.2,365.0,166.0,194.0,5.0,0.0,0.0,0.0,136.0,71.0,51.0,0.0,0.0,100.0,265.0,0.0
Campobello,SC,SPARTANBURG,2023-10-09,2023,10,9,Fall,1,35.1,-82.2,365.0,166.0,194.0,5.0,0.0,0.0,0.0,136.0,71.0,51.0,0.0,0.0,100.0,265.0,0.0
Campobello,SC,SPARTANBURG,2023-10-11,2023,10,11,Fall,2,35.1,-82.2,365.0,166.0,194.0,5.0,0.0,0.0,0.0,136.0,71.0,51.0,0.0,0.0,100.0,265.0,0.0
Campobello,SC,SPARTANBURG,2023-10-14,2023,10,14,Fall,4,35.1,-82.2,365.0,166.0,194.0,5.0,0.0,0.0,0.0,136.0,71.0,51.0,0.0,0.0,100.0,265.0,0.0
Campobello,SC,SPARTANBURG,2023-10-20,2023,10,20,Fall,9,35.1,-82.2,365.0,166.0,194.0,5.0,0.0,0.0,0.0,136.0,71.0,51.0,0.0,0.0,100.0,265.0,0.0
Campobello,SC,SPARTANBURG,2023-10-23,2023,10,23,Fall,1,35.1,-82.2,365.0,166.0,194.0,5.0,0.0,0.0,0.0,136.0,71.0,51.0,0.0,0.0,100.0,265.0,0.0
Canal Fulton,OH,STARK,2023-07-30,2023,7,30,Summer,2,40.9,-81.5,365.0,161.0,194.0,7.0,1.0,2.0,0.0,283.0,78.0,52.0,0.0,0.0,99.0,266.0,0.0
Canal Fulton,OH,STARK,2023-08-06,2023,8,6,Summer,8,40.9,-81.6,365.0,161.0,194.0,7.0,1.0,2.0,0.0,283.0,78.0,52.0,0.0,0.0,99.0,266.0,0.0
Canal Fulton,OH,STARK,2023-09-03,2023,9,3,Fall,8,40.9,-81.6,365.0,161.0,194.0,7.0,1.0,2.0,0.0,283.0,78.0,52.0,0.0,0.0,99.0,266.0,0.0
Canal Fulton,OH,STARK,2023-09-20,2023,9,20,Fall,6,40.9,-81.6,365.0,161.0,194.0,7.0,1.0,2.0,0.0,283.0,78.0,52.0,0.0,0.0,99.0,266.0,0.0
Canal Fulton,OH,STARK,2023-10-11,2023,10,11,Fall,2,40.9,-81.6,365.0,161.0,194.0,7.0,1.0,2.0,0.0,283.0,78.0,52.0,0.0,0.0,99.0,266.0,0.0
Canal Winchester,OH,FRANKLIN,2023-07-22,2023,7,22,Summer,4,39.8,-82.8,365.0,136.0,218.0,7.0,3.0,1.0,0.0,210.0,77.0,54.0,0.0,0.0,91.0,265.0,9.0
Canal Winchester,OH,FRANKLIN,2023-08-03,2023,8,3,Summer,4,39.8,-82.8,365.0,136.0,218.0,7.0,3.0,1.0,0.0,210.0,77.0,54.0,0.0,0.0,91.0,265.0,9.0
Canal Winchester,OH,FRANKLIN,2023-08-06,2023,8,6,Summer,4,39.8,-82.8,365.0,136.0,218.0,7.0,3.0,1.0,0.0,210.0,77.0,54.0,0.0,0.0,91.0,265.0,9.0
Candler,NC,BUNCOMBE,2023-09-04,2023,9,4,Fall,4,35.5,-82.7,365.0,261.0,104.0,0.0,0.0,0.0,0.0,99.0,60.0,43.0,0.0,0.0,133.0,232.0,0.0
Canfield,OH,MAHONING,2023-07-29,2023,7,29,Summer,2,41.1,-80.7,365.0,187.0,172.0,3.0,2.0,1.0,0.0,226.0,73.0,49.0,0.0,0.0,115.0,250.0,0.0
Cannon Falls,MN,GOODHUE,2023-07-03,2023,7,3,Summer,4,44.6,-92.9,238.0,198.0,35.0,5.0,0.0,0.0,0.0,133.0,71.0,43.0,0.0,0.0,238.0,0.0,0.0
Canonsburg,PA,WASHINGTON,2023-07-23,2023,7,23,Summer,6,40.2,-80.1,365.0,180.0,175.0,7.0,1.0,2.0,0.0,212.0,72.0,51.0,0.0,0.0,127.0,238.0,0.0
Canton,MI,WAYNE,2023-08-13,2023,8,13,Summer,2,42.3,-83.5,365.0,70.0,272.0,19.0,3.0,1.0,0.0,226.0,89.0,61.0,0.0,2.0,33.0,329.0,1.0
Canton,MI,WAYNE,2023-10-24,2023,10,24,Fall,2,42.3,-83.5,365.0,70.0,272.0,19.0,3.0,1.0,0.0,226.0,89.0,61.0,0.0,2.0,33.0,329.0,1.0
Canton,NC,HAYWOOD,2023-09-28,2023,9,28,Fall,5,35.3,-82.8,278.0,204.0,69.0,5.0,0.0,0.0,0.0,112.0,71.0,45.0,0.0,0.0,245.0,33.0,0.0
Canton,OH,STARK,2023-07-20,2023,7,20,Summer,42,40.8,-81.4,365.0,161.0,194.0,7.0,1.0,2.0,0.0,283.0,78.0,52.0,0.0,0.0,99.0,266.0,0.0
Canton,OH,STARK,2023-07-25,2023,7,25,Summer,21,40.8,-81.4,365.0,161.0,194.0,7.0,1.0,2.0,0.0,283.0,78.0,52.0,0.0,0.0,99.0,266.0,0.0
Canton,OH,STARK,2023-07-28,2023,7,28,Summer,21,40.8,-81.4,365.0,161.0,194.0,7.0,1.0,2.0,0.0,283.0,78.0,52.0,0.0,0.0,99.0,266.0,0.0
Canton,OH,STARK,2023-08-03,2023,8,3,Summer,63,40.8,-81.4,365.0,161.0,194.0,7.0,1.0,2.0,0.0,283.0,78.0,52.0,0.0,0.0,99.0,266.0,0.0
Canton,OH,STARK,2023-08-04,2023,8,4,Summer,42,40.8,-81.4,365.0,161.0,194.0,7.0,1.0,2.0,0.0,283.0,78.0,52.0,0.0,0.0,99.0,266.0,0.0
Canton,OH,STARK,2023-08-17,2023,8,17,Summer,21,40.8,-81.4,365.0,161.0,194.0,7.0,1.0,2.0,0.0,283.0,78.0,52.0,0.0,0.0,99.0,266.0,0.0
Canton,OH,STARK,2023-08-21,2023,8,21,Summer,42,40.8,-81.4,365.0,161.0,194.0,7.0,1.0,2.0,0.0,283.0,78.0,52.0,0.0,0.0,99.0,266.0,0.0
Canton,OH,STARK,2023-09-11,2023,9,11,Fall,21,40.8,-81.4,365.0,161.0,194.0,7.0,1.0,2.0,0.0,283.0,78.0,52.0,0.0,0.0,99.0,266.0,0.0
Canton,OH,STARK,2023-09-13,2023,9,13,Fall,21,40.8,-81.4,365.0,161.0,194.0,7.0,1.0,2.0,0.0,283.0,78.0,52.0,0.0,0.0,99.0,266.0,0.0
Canton,OH,STARK,2023-10-11,2023,10,11,Fall,21,40.9,-81.4,365.0,161.0,194.0,7.0,1.0,2.0,0.0,283.0,78.0,52.0,0.0,0.0,99.0,266.0,0.0
Canyon,TX,RANDALL,2023-04-01,2023,4,1,Spring,6,35.0,-101.9,363.0,270.0,92.0,1.0,0.0,0.0,0.0,112.0,71.0,44.0,0.0,0.0,363.0,0.0,0.0
Cape Charles,VA,NORTHAMPTON,2023-05-22,2023,5,22,Spring,1,37.3,-76.0,,,,,,,,,,,,,,,
Cape Charles,VA,NORTHAMPTON,2023-06-18,2023,6,18,Summer,1,37.3,-76.0,,,,,,,,,,,,,,,
Cape Charles,VA,NORTHAMPTON,2023-07-03,2023,7,3,Summer,1,37.3,-76.0,,,,,,,,,,,,,,,
Cape Charles,VA,NORTHAMPTON,2023-07-08,2023,7,8,Summer,1,37.3,-76.0,,,,,,,,,,,,,,,
Cape Charles,VA,NORTHAMPTON,2023-07-18,2023,7,18,Summer,1,37.3,-76.0,,,,,,,,,,,,,,,
Cape Charles,VA,NORTHAMPTON,2023-07-19,2023,7,19,Summer,1,37.3,-76.0,,,,,,,,,,,,,,,
Cape Charles,VA,NORTHAMPTON,2023-07-25,2023,7,25,Summer,1,37.3,-76.0,,,,,,,,,,,,,,,
Cape Charles,VA,NORTHAMPTON,2023-07-29,2023,7,29,Summer,1,37.3,-76.0,,,,,,,,,,,,,,,
Cape Charles,VA,NORTHAMPTON,2023-08-13,2023,8,13,Summer,3,37.3,-76.0,,,,,,,,,,,,,,,
Cape Charles,VA,NORTHAMPTON,2023-10-13,2023,10,13,Fall,1,37.3,-76.0,,,,,,,,,,,,,,,
Cape Charles,VA,NORTHAMPTON,2023-10-14,2023,10,14,Fall,2,37.3,-76.0,,,,,,,,,,,,,,,
Cape Coral,FL,LEE,2023-01-02,2023,1,2,Winter,7,26.6,-81.9,364.0,343.0,20.0,1.0,0.0,0.0,0.0,101.0,46.0,35.0,0.0,0.0,364.0,0.0,0.0
Cape Coral,FL,LEE,2023-01-04,2023,1,4,Winter,21,26.6,-82.0,364.0,343.0,20.0,1.0,0.0,0.0,0.0,101.0,46.0,35.0,0.0,0.0,364.0,0.0,0.0
Cape Coral,FL,LEE,2023-02-06,2023,2,6,Winter,14,26.6,-82.0,364.0,343.0,20.0,1.0,0.0,0.0,0.0,101.0,46.0,35.0,0.0,0.0,364.0,0.0,0.0
Cape Coral,FL,LEE,2023-02-22,2023,2,22,Winter,21,26.6,-82.0,364.0,343.0,20.0,1.0,0.0,0.0,0.0,101.0,46.0,35.0,0.0,0.0,364.0,0.0,0.0
Cape Coral,FL,LEE,2023-02-23,2023,2,23,Winter,49,26.6,-82.0,364.0,343.0,20.0,1.0,0.0,0.0,0.0,101.0,46.0,35.0,0.0,0.0,364.0,0.0,0.0
Cape Coral,FL,LEE,2023-06-14,2023,6,14,Summer,35,26.6,-82.0,364.0,343.0,20.0,1.0,0.0,0.0,0.0,101.0,46.0,35.0,0.0,0.0,364.0,0.0,0.0
Carbondale,IL,JACKSON,2023-09-13,2023,9,13,Fall,9,37.7,-89.2,,,,,,,,,,,,,,,
Carbondale,IL,JACKSON,2023-09-25,2023,9,25,Fall,9,37.7,-89.2,,,,,,,,,,,,,,,
Carbondale,IL,JACKSON,2023-09-27,2023,9,27,Fall,18,37.7,-89.2,,,,,,,,,,,,,,,
Carbondale,IL,JACKSON,2023-10-04,2023,10,4,Fall,9,37.7,-89.2,,,,,,,,,,,,,,,
Carlisle,PA,CUMBERLAND,2023-07-31,2023,7,31,Summer,5,40.2,-77.3,365.0,212.0,146.0,3.0,2.0,2.0,0.0,224.0,68.0,44.0,0.0,0.0,0.0,365.0,0.0
Carlisle,PA,CUMBERLAND,2023-08-06,2023,8,6,Summer,5,40.2,-77.3,365.0,212.0,146.0,3.0,2.0,2.0,0.0,224.0,68.0,44.0,0.0,0.0,0.0,365.0,0.0
Carlsbad,CA,SAN DIEGO,2023-06-29,2023,6,29,Summer,3,33.1,-117.3,365.0,61.0,260.0,44.0,0.0,0.0,0.0,150.0,101.0,67.0,0.0,1.0,185.0,151.0,28.0
Carlsbad,CA,SAN DIEGO,2023-07-28,2023,7,28,Summer,6,33.1,-117.3,365.0,61.0,260.0,44.0,0.0,0.0,0.0,150.0,101.0,67.0,0.0,1.0,185.0,151.0,28.0
Carlton,GA,MADISON,2023-10-06,2023,10,6,Fall,2,34.0,-83.0,,,,,,,,,,,,,,,
Carlton,MN,CARLTON,2023-06-12,2023,6,12,Summer,1,46.6,-92.4,362.0,266.0,91.0,4.0,1.0,0.0,0.0,156.0,63.0,38.0,0.0,0.0,126.0,236.0,0.0
Carmel,IN,HAMILTON,2023-05-18,2023,5,18,Spring,3,39.9,-86.2,364.0,220.0,134.0,8.0,2.0,0.0,0.0,190.0,69.0,46.0,0.0,0.0,168.0,196.0,0.0
Carmel,IN,HAMILTON,2023-08-16,2023,8,16,Summer,1,40.0,-86.1,364.0,220.0,134.0,8.0,2.0,0.0,0.0,190.0,69.0,46.0,0.0,0.0,168.0,196.0,0.0
Carmel,IN,HAMILTON,2023-09-22,2023,9,22,Fall,3,39.9,-86.1,364.0,220.0,134.0,8.0,2.0,0.0,0.0,190.0,69.0,46.0,0.0,0.0,168.0,196.0,0.0
Carmichael,CA,SACRAMENTO,2023-10-03,2023,10,3,Fall,1,38.7,-121.3,365.0,180.0,173.0,12.0,0.0,0.0,0.0,133.0,86.0,51.0,0.0,0.0,199.0,166.0,0.0
Carol Stream,IL,DUPAGE,2023-05-21,2023,5,21,Spring,12,41.9,-88.1,365.0,146.0,202.0,11.0,4.0,2.0,0.0,234.0,77.0,53.0,0.0,0.0,101.0,264.0,0.0
Carolina Beach,NC,NEW HANOVER,2023-02-07,2023,2,7,Winter,2,34.0,-77.9,362.0,237.0,124.0,1.0,0.0,0.0,0.0,142.0,62.0,44.0,0.0,0.0,91.0,271.0,0.0
Carolina Beach,NC,NEW HANOVER,2023-03-04,2023,3,4,Spring,2,34.0,-77.9,362.0,237.0,124.0,1.0,0.0,0.0,0.0,142.0,62.0,44.0,0.0,0.0,91.0,271.0,0.0
Carolina Beach,NC,NEW HANOVER,2023-08-15,2023,8,15,Summer,2,34.0,-77.9,362.0,237.0,124.0,1.0,0.0,0.0,0.0,142.0,62.0,44.0,0.0,0.0,91.0,271.0,0.0
Carolina Beach,NC,NEW HANOVER,2023-09-13,2023,9,13,Fall,2,34.0,-77.9,362.0,237.0,124.0,1.0,0.0,0.0,0.0,142.0,62.0,44.0,0.0,0.0,91.0,271.0,0.0
Carolina Beach,NC,NEW HANOVER,2023-09-18,2023,9,18,Fall,2,34.0,-77.9,362.0,237.0,124.0,1.0,0.0,0.0,0.0,142.0,62.0,44.0,0.0,0.0,91.0,271.0,0.0
Carolina Beach,NC,NEW HANOVER,2023-09-24,2023,9,24,Fall,4,34.0,-77.9,362.0,237.0,124.0,1.0,0.0,0.0,0.0,142.0,62.0,44.0,0.0,0.0,91.0,271.0,0.0
Carolina Beach,NC,NEW HANOVER,2023-09-29,2023,9,29,Fall,2,34.0,-77.9,362.0,237.0,124.0,1.0,0.0,0.0,0.0,142.0,62.0,44.0,0.0,0.0,91.0,271.0,0.0
Carpinteria,CA,SANTA BARBARA,2023-02-09,2023,2,9,Winter,3,34.4,-119.5,365.0,232.0,133.0,0.0,0.0,0.0,0.0,95.0,59.0,45.0,0.0,0.0,170.0,186.0,9.0
Carpinteria,CA,SANTA BARBARA,2023-10-24,2023,10,24,Fall,2,34.4,-119.5,365.0,232.0,133.0,0.0,0.0,0.0,0.0,95.0,59.0,45.0,0.0,0.0,170.0,186.0,9.0
Carrollton,GA,CARROLL,2023-10-05,2023,10,5,Fall,3,33.6,-85.1,,,,,,,,,,,,,,,
Carrollton,KY,CARROLL,2023-08-12,2023,8,12,Summer,3,38.7,-85.2,,,,,,,,,,,,,,,
Carrollton,TX,DALLAS,2023-09-06,2023,9,6,Fall,1,33.0,-96.9,365.0,122.0,216.0,26.0,1.0,0.0,0.0,172.0,84.0,55.0,0.0,5.0,124.0,233.0,3.0
Carrollton,TX,DALLAS,2023-09-09,2023,9,9,Fall,1,33.0,-96.9,365.0,122.0,216.0,26.0,1.0,0.0,0.0,172.0,84.0,55.0,0.0,5.0,124.0,233.0,3.0
Carrollton,TX,DALLAS,2023-09-12,2023,9,12,Fall,1,33.0,-96.9,365.0,122.0,216.0,26.0,1.0,0.0,0.0,172.0,84.0,55.0,0.0,5.0,124.0,233.0,3.0
Carrollton,TX,DALLAS,2023-09-17,2023,9,17,Fall,2,33.0,-96.8,365.0,122.0,216.0,26.0,1.0,0.0,0.0,172.0,84.0,55.0,0.0,5.0,124.0,233.0,3.0
Carrollton,TX,DALLAS,2023-09-23,2023,9,23,Fall,1,33.0,-96.9,365.0,122.0,216.0,26.0,1.0,0.0,0.0,172.0,84.0,55.0,0.0,5.0,124.0,233.0,3.0
Carrollton,TX,DALLAS,2023-09-30,2023,9,30,Fall,1,33.0,-96.9,365.0,122.0,216.0,26.0,1.0,0.0,0.0,172.0,84.0,55.0,0.0,5.0,124.0,233.0,3.0
Carrollton,TX,DALLAS,2023-10-08,2023,10,8,Fall,11,33.0,-96.8,365.0,122.0,216.0,26.0,1.0,0.0,0.0,172.0,84.0,55.0,0.0,5.0,124.0,233.0,3.0
Carrollton,TX,DENTON,2023-09-06,2023,9,6,Fall,1,33.0,-96.9,365.0,200.0,133.0,27.0,5.0,0.0,0.0,177.0,93.0,49.0,0.0,2.0,247.0,116.0,0.0
Carrollton,TX,DENTON,2023-09-09,2023,9,9,Fall,1,33.0,-96.9,365.0,200.0,133.0,27.0,5.0,0.0,0.0,177.0,93.0,49.0,0.0,2.0,247.0,116.0,0.0
Carrollton,TX,DENTON,2023-09-12,2023,9,12,Fall,1,33.0,-96.9,365.0,200.0,133.0,27.0,5.0,0.0,0.0,177.0,93.0,49.0,0.0,2.0,247.0,116.0,0.0
Carrollton,TX,DENTON,2023-09-17,2023,9,17,Fall,2,33.0,-96.9,365.0,200.0,133.0,27.0,5.0,0.0,0.0,177.0,93.0,49.0,0.0,2.0,247.0,116.0,0.0
Carrollton,TX,DENTON,2023-09-23,2023,9,23,Fall,1,33.0,-96.9,365.0,200.0,133.0,27.0,5.0,0.0,0.0,177.0,93.0,49.0,0.0,2.0,247.0,116.0,0.0
Carrollton,TX,DENTON,2023-09-30,2023,9,30,Fall,1,33.0,-96.9,365.0,200.0,133.0,27.0,5.0,0.0,0.0,177.0,93.0,49.0,0.0,2.0,247.0,116.0,0.0
Carrollton,TX,DENTON,2023-10-08,2023,10,8,Fall,11,33.0,-96.9,365.0,200.0,133.0,27.0,5.0,0.0,0.0,177.0,93.0,49.0,0.0,2.0,247.0,116.0,0.0
Carver,MA,PLYMOUTH,2023-08-12,2023,8,12,Summer,1,41.9,-70.8,365.0,278.0,83.0,4.0,0.0,0.0,0.0,114.0,58.0,40.0,0.0,0.0,210.0,155.0,0.0
Cary,NC,WAKE,2023-08-07,2023,8,7,Summer,1,35.7,-78.8,365.0,190.0,170.0,5.0,0.0,0.0,0.0,130.0,66.0,49.0,0.0,1.0,108.0,256.0,0.0
Cary,NC,WAKE,2023-08-21,2023,8,21,Summer,1,35.7,-78.8,365.0,190.0,170.0,5.0,0.0,0.0,0.0,130.0,66.0,49.0,0.0,1.0,108.0,256.0,0.0
Cary,NC,WAKE,2023-08-22,2023,8,22,Summer,1,35.7,-78.8,365.0,190.0,170.0,5.0,0.0,0.0,0.0,130.0,66.0,49.0,0.0,1.0,108.0,256.0,0.0
Casey,IL,CLARK,2023-07-17,2023,7,17,Summer,1,39.3,-88.0,358.0,320.0,33.0,5.0,0.0,0.0,0.0,136.0,51.0,36.0,0.0,0.0,358.0,0.0,0.0
Cashiers,NC,JACKSON,2023-07-23,2023,7,23,Summer,1,35.1,-83.1,,,,,,,,,,,,,,,
Castle Rock,CO,DOUGLAS,2023-07-20,2023,7,20,Summer,2,39.3,-104.7,364.0,200.0,149.0,14.0,1.0,0.0,0.0,177.0,84.0,49.0,0.0,0.0,316.0,48.0,0.0
Castle Rock,CO,DOUGLAS,2023-08-27,2023,8,27,Summer,2,39.4,-104.9,364.0,200.0,149.0,14.0,1.0,0.0,0.0,177.0,84.0,49.0,0.0,0.0,316.0,48.0,0.0
Castroville,CA,MONTEREY,2023-10-11,2023,10,11,Fall,1,36.8,-121.7,365.0,274.0,90.0,1.0,0.0,0.0,0.0,115.0,55.0,42.0,0.0,0.0,146.0,212.0,7.0
Cathedral City,CA,RIVERSIDE,2023-11-21,2023,11,21,Fall,2,33.8,-116.5,365.0,62.0,189.0,73.0,31.0,6.0,4.0,660.0,154.0,77.0,0.0,1.0,202.0,101.0,61.0
Catonsville,MD,BALTIMORE,2023-07-11,2023,7,11,Summer,2,39.3,-76.8,365.0,228.0,124.0,9.0,3.0,1.0,0.0,205.0,71.0,45.0,0.0,7.0,231.0,127.0,0.0
Catonsville,MD,BALTIMORE,2023-08-31,2023,8,31,Summer,2,39.3,-76.8,365.0,228.0,124.0,9.0,3.0,1.0,0.0,205.0,71.0,45.0,0.0,7.0,231.0,127.0,0.0
Catonsville,MD,BALTIMORE,2023-09-11,2023,9,11,Fall,8,39.3,-76.7,365.0,228.0,124.0,9.0,3.0,1.0,0.0,205.0,71.0,45.0,0.0,7.0,231.0,127.0,0.0
Cedar Falls,IA,BLACK HAWK,2023-10-04,2023,10,4,Fall,16,42.5,-92.5,354.0,147.0,200.0,4.0,3.0,0.0,0.0,187.0,68.0,53.0,0.0,0.0,0.0,354.0,0.0
Cedar Lake,IN,LAKE,2023-05-21,2023,5,21,Spring,1,41.4,-87.4,365.0,125.0,222.0,16.0,1.0,1.0,0.0,215.0,80.0,55.0,0.0,0.0,69.0,294.0,2.0
Cedar Lake,IN,LAKE,2023-07-07,2023,7,7,Summer,2,41.4,-87.4,365.0,125.0,222.0,16.0,1.0,1.0,0.0,215.0,80.0,55.0,0.0,0.0,69.0,294.0,2.0
Cedar Park,TX,WILLIAMSON,2023-12-04,2023,12,4,Winter,1,30.5,-97.8,,,,,,,,,,,,,,,
Cedar Rapids,IA,LINN,2023-07-14,2023,7,14,Summer,8,42.0,-91.6,365.0,130.0,217.0,14.0,3.0,1.0,0.0,207.0,80.0,54.0,0.0,0.0,86.0,279.0,0.0
Cedar Rapids,IA,LINN,2023-07-28,2023,7,28,Summer,8,42.0,-91.7,365.0,130.0,217.0,14.0,3.0,1.0,0.0,207.0,80.0,54.0,0.0,0.0,86.0,279.0,0.0
Cedar Rapids,IA,LINN,2023-08-17,2023,8,17,Summer,48,42.0,-91.6,365.0,130.0,217.0,14.0,3.0,1.0,0.0,207.0,80.0,54.0,0.0,0.0,86.0,279.0,0.0
Cedar Rapids,IA,LINN,2023-09-27,2023,9,27,Fall,8,42.0,-91.7,365.0,130.0,217.0,14.0,3.0,1.0,0.0,207.0,80.0,54.0,0.0,0.0,86.0,279.0,0.0
Cedar Rapids,IA,LINN,2023-09-28,2023,9,28,Fall,16,42.0,-91.6,365.0,130.0,217.0,14.0,3.0,1.0,0.0,207.0,80.0,54.0,0.0,0.0,86.0,279.0,0.0
Cedarburg,WI,OZAUKEE,2023-07-22,2023,7,22,Summer,1,43.3,-88.0,363.0,219.0,126.0,14.0,2.0,2.0,0.0,210.0,84.0,45.0,0.0,0.0,148.0,215.0,0.0
Centerville,UT,DAVIS,2023-09-27,2023,9,27,Fall,1,40.9,-111.9,365.0,211.0,141.0,12.0,1.0,0.0,0.0,151.0,84.0,47.0,0.0,22.0,254.0,87.0,2.0
Central Point,OR,JACKSON,2023-07-08,2023,7,8,Summer,2,42.3,-123.0,365.0,216.0,135.0,2.0,7.0,5.0,0.0,237.0,69.0,45.0,0.0,0.0,98.0,267.0,0.0
Central Point,OR,JACKSON,2023-07-10,2023,7,10,Summer,2,42.3,-123.0,365.0,216.0,135.0,2.0,7.0,5.0,0.0,237.0,69.0,45.0,0.0,0.0,98.0,267.0,0.0
Central Point,OR,JACKSON,2023-07-14,2023,7,14,Summer,2,42.3,-123.0,365.0,216.0,135.0,2.0,7.0,5.0,0.0,237.0,69.0,45.0,0.0,0.0,98.0,267.0,0.0
Central Point,OR,JACKSON,2023-07-25,2023,7,25,Summer,4,42.3,-123.0,365.0,216.0,135.0,2.0,7.0,5.0,0.0,237.0,69.0,45.0,0.0,0.0,98.0,267.0,0.0
Central Point,OR,JACKSON,2023-07-27,2023,7,27,Summer,4,42.3,-123.0,365.0,216.0,135.0,2.0,7.0,5.0,0.0,237.0,69.0,45.0,0.0,0.0,98.0,267.0,0.0
Centreville,VA,FAIRFAX,2023-10-15,2023,10,15,Fall,2,38.8,-77.4,365.0,217.0,138.0,7.0,2.0,1.0,0.0,222.0,69.0,46.0,0.0,19.0,130.0,216.0,0.0
Cerritos,CA,LOS ANGELES,2023-07-13,2023,7,13,Summer,6,33.9,-118.1,365.0,41.0,237.0,52.0,32.0,3.0,0.0,210.0,147.0,67.0,0.0,5.0,150.0,203.0,7.0
Champaign,IL,CHAMPAIGN,2023-06-19,2023,6,19,Summer,1,40.1,-88.3,365.0,196.0,156.0,11.0,1.0,1.0,0.0,277.0,70.0,48.0,0.0,0.0,150.0,215.0,0.0
Champaign,IL,CHAMPAIGN,2023-07-28,2023,7,28,Summer,2,40.1,-88.3,365.0,196.0,156.0,11.0,1.0,1.0,0.0,277.0,70.0,48.0,0.0,0.0,150.0,215.0,0.0
Champaign,IL,CHAMPAIGN,2023-07-29,2023,7,29,Summer,2,40.1,-88.3,365.0,196.0,156.0,11.0,1.0,1.0,0.0,277.0,70.0,48.0,0.0,0.0,150.0,215.0,0.0
Champaign,IL,CHAMPAIGN,2023-07-30,2023,7,30,Summer,2,40.1,-88.3,365.0,196.0,156.0,11.0,1.0,1.0,0.0,277.0,70.0,48.0,0.0,0.0,150.0,215.0,0.0
Champaign,IL,CHAMPAIGN,2023-08-03,2023,8,3,Summer,2,40.1,-88.3,365.0,196.0,156.0,11.0,1.0,1.0,0.0,277.0,70.0,48.0,0.0,0.0,150.0,215.0,0.0
Champaign,IL,CHAMPAIGN,2023-08-10,2023,8,10,Summer,1,40.1,-88.3,365.0,196.0,156.0,11.0,1.0,1.0,0.0,277.0,70.0,48.0,0.0,0.0,150.0,215.0,0.0
Champaign,IL,CHAMPAIGN,2023-08-11,2023,8,11,Summer,1,40.1,-88.3,365.0,196.0,156.0,11.0,1.0,1.0,0.0,277.0,70.0,48.0,0.0,0.0,150.0,215.0,0.0
Champaign,IL,CHAMPAIGN,2023-08-14,2023,8,14,Summer,2,40.1,-88.3,365.0,196.0,156.0,11.0,1.0,1.0,0.0,277.0,70.0,48.0,0.0,0.0,150.0,215.0,0.0
Champaign,IL,CHAMPAIGN,2023-08-15,2023,8,15,Summer,1,40.1,-88.3,365.0,196.0,156.0,11.0,1.0,1.0,0.0,277.0,70.0,48.0,0.0,0.0,150.0,215.0,0.0
Champaign,IL,CHAMPAIGN,2023-09-15,2023,9,15,Fall,1,40.1,-88.3,365.0,196.0,156.0,11.0,1.0,1.0,0.0,277.0,70.0,48.0,0.0,0.0,150.0,215.0,0.0
Champaign,IL,CHAMPAIGN,2023-09-25,2023,9,25,Fall,1,40.1,-88.3,365.0,196.0,156.0,11.0,1.0,1.0,0.0,277.0,70.0,48.0,0.0,0.0,150.0,215.0,0.0
Champaign,IL,CHAMPAIGN,2023-10-17,2023,10,17,Fall,1,40.1,-88.3,365.0,196.0,156.0,11.0,1.0,1.0,0.0,277.0,70.0,48.0,0.0,0.0,150.0,215.0,0.0
Chandler,AZ,MARICOPA,2023-10-19,2023,10,19,Fall,2,33.3,-111.9,365.0,41.0,255.0,62.0,7.0,0.0,0.0,183.0,119.0,72.0,0.0,0.0,193.0,91.0,81.0
Chapel Hill,NC,ORANGE,2023-05-03,2023,5,3,Spring,4,35.9,-79.0,,,,,,,,,,,,,,,
Chapel Hill,NC,ORANGE,2023-05-05,2023,5,5,Spring,4,35.9,-79.0,,,,,,,,,,,,,,,
Chapel Hill,NC,ORANGE,2023-05-17,2023,5,17,Spring,4,35.9,-79.1,,,,,,,,,,,,,,,
Chapel Hill,NC,ORANGE,2023-06-10,2023,6,10,Summer,4,35.8,-79.1,,,,,,,,,,,,,,,
Chapel Hill,NC,ORANGE,2023-08-19,2023,8,19,Summer,8,36.0,-79.1,,,,,,,,,,,,,,,
Chapel Hill,NC,ORANGE,2023-08-30,2023,8,30,Summer,8,36.0,-79.0,,,,,,,,,,,,,,,
Chapel Hill,NC,ORANGE,2023-09-04,2023,9,4,Fall,4,35.9,-79.1,,,,,,,,,,,,,,,
Chapel Hill,NC,ORANGE,2023-10-03,2023,10,3,Fall,4,36.0,-79.1,,,,,,,,,,,,,,,
Chapel Hill,NC,ORANGE,2023-10-09,2023,10,9,Fall,4,35.9,-79.0,,,,,,,,,,,,,,,
Chapin,SC,LEXINGTON,2023-10-21,2023,10,21,Fall,12,34.2,-81.3,149.0,96.0,53.0,0.0,0.0,0.0,0.0,77.0,58.0,41.0,0.0,0.0,0.0,140.0,9.0
Chappaqua,NY,WESTCHESTER,2023-09-03,2023,9,3,Fall,1,41.2,-73.8,365.0,287.0,71.0,4.0,3.0,0.0,0.0,198.0,58.0,39.0,0.0,0.0,221.0,144.0,0.0
Chardon,OH,GEAUGA,2023-05-27,2023,5,27,Spring,4,41.6,-81.2,245.0,212.0,32.0,1.0,0.0,0.0,0.0,129.0,58.0,41.0,0.0,0.0,245.0,0.0,0.0
Charleston,SC,BERKELEY,2023-01-06,2023,1,6,Winter,4,32.7,-80.0,273.0,260.0,11.0,2.0,0.0,0.0,0.0,105.0,48.0,36.0,0.0,0.0,273.0,0.0,0.0
Charleston,SC,BERKELEY,2023-05-21,2023,5,21,Spring,4,32.7,-80.0,273.0,260.0,11.0,2.0,0.0,0.0,0.0,105.0,48.0,36.0,0.0,0.0,273.0,0.0,0.0
Charleston,SC,BERKELEY,2023-06-16,2023,6,16,Summer,4,32.7,-80.0,273.0,260.0,11.0,2.0,0.0,0.0,0.0,105.0,48.0,36.0,0.0,0.0,273.0,0.0,0.0
Charleston,SC,BERKELEY,2023-06-25,2023,6,25,Summer,4,32.7,-80.0,273.0,260.0,11.0,2.0,0.0,0.0,0.0,105.0,48.0,36.0,0.0,0.0,273.0,0.0,0.0
Charleston,SC,BERKELEY,2023-06-26,2023,6,26,Summer,12,32.7,-80.0,273.0,260.0,11.0,2.0,0.0,0.0,0.0,105.0,48.0,36.0,0.0,0.0,273.0,0.0,0.0
Charleston,SC,BERKELEY,2023-07-07,2023,7,7,Summer,4,32.7,-80.0,273.0,260.0,11.0,2.0,0.0,0.0,0.0,105.0,48.0,36.0,0.0,0.0,273.0,0.0,0.0
Charleston,SC,BERKELEY,2023-07-09,2023,7,9,Summer,8,32.7,-80.0,273.0,260.0,11.0,2.0,0.0,0.0,0.0,105.0,48.0,36.0,0.0,0.0,273.0,0.0,0.0
Charleston,SC,BERKELEY,2023-08-03,2023,8,3,Summer,48,32.7,-80.0,273.0,260.0,11.0,2.0,0.0,0.0,0.0,105.0,48.0,36.0,0.0,0.0,273.0,0.0,0.0
Charleston,SC,BERKELEY,2023-08-14,2023,8,14,Summer,80,32.7,-80.0,273.0,260.0,11.0,2.0,0.0,0.0,0.0,105.0,48.0,36.0,0.0,0.0,273.0,0.0,0.0
Charleston,SC,BERKELEY,2023-08-15,2023,8,15,Summer,64,32.7,-80.0,273.0,260.0,11.0,2.0,0.0,0.0,0.0,105.0,48.0,36.0,0.0,0.0,273.0,0.0,0.0
Charleston,SC,BERKELEY,2023-08-16,2023,8,16,Summer,40,32.7,-80.0,273.0,260.0,11.0,2.0,0.0,0.0,0.0,105.0,48.0,36.0,0.0,0.0,273.0,0.0,0.0
Charleston,SC,BERKELEY,2023-08-25,2023,8,25,Summer,36,32.7,-80.0,273.0,260.0,11.0,2.0,0.0,0.0,0.0,105.0,48.0,36.0,0.0,0.0,273.0,0.0,0.0
Charleston,SC,BERKELEY,2023-09-02,2023,9,2,Fall,48,32.7,-80.0,273.0,260.0,11.0,2.0,0.0,0.0,0.0,105.0,48.0,36.0,0.0,0.0,273.0,0.0,0.0
Charleston,SC,BERKELEY,2023-09-09,2023,9,9,Fall,20,32.7,-80.0,273.0,260.0,11.0,2.0,0.0,0.0,0.0,105.0,48.0,36.0,0.0,0.0,273.0,0.0,0.0
Charleston,SC,BERKELEY,2023-09-10,2023,9,10,Fall,28,32.7,-80.0,273.0,260.0,11.0,2.0,0.0,0.0,0.0,105.0,48.0,36.0,0.0,0.0,273.0,0.0,0.0
Charleston,SC,BERKELEY,2023-09-13,2023,9,13,Fall,48,32.7,-80.0,273.0,260.0,11.0,2.0,0.0,0.0,0.0,105.0,48.0,36.0,0.0,0.0,273.0,0.0,0.0
Charleston,SC,BERKELEY,2023-09-21,2023,9,21,Fall,48,32.7,-80.0,273.0,260.0,11.0,2.0,0.0,0.0,0.0,105.0,48.0,36.0,0.0,0.0,273.0,0.0,0.0
Charleston,SC,BERKELEY,2023-09-22,2023,9,22,Fall,120,32.8,-79.9,273.0,260.0,11.0,2.0,0.0,0.0,0.0,105.0,48.0,36.0,0.0,0.0,273.0,0.0,0.0
Charleston,SC,BERKELEY,2023-09-24,2023,9,24,Fall,48,32.8,-79.9,273.0,260.0,11.0,2.0,0.0,0.0,0.0,105.0,48.0,36.0,0.0,0.0,273.0,0.0,0.0
Charleston,SC,BERKELEY,2023-09-25,2023,9,25,Fall,32,32.7,-80.0,273.0,260.0,11.0,2.0,0.0,0.0,0.0,105.0,48.0,36.0,0.0,0.0,273.0,0.0,0.0
Charleston,SC,BERKELEY,2023-09-26,2023,9,26,Fall,32,32.7,-80.0,273.0,260.0,11.0,2.0,0.0,0.0,0.0,105.0,48.0,36.0,0.0,0.0,273.0,0.0,0.0
Charleston,SC,BERKELEY,2023-09-30,2023,9,30,Fall,48,32.7,-80.0,273.0,260.0,11.0,2.0,0.0,0.0,0.0,105.0,48.0,36.0,0.0,0.0,273.0,0.0,0.0
Charleston,SC,BERKELEY,2023-10-01,2023,10,1,Fall,32,32.7,-80.0,273.0,260.0,11.0,2.0,0.0,0.0,0.0,105.0,48.0,36.0,0.0,0.0,273.0,0.0,0.0
Charleston,SC,BERKELEY,2023-10-05,2023,10,5,Fall,28,32.7,-80.0,273.0,260.0,11.0,2.0,0.0,0.0,0.0,105.0,48.0,36.0,0.0,0.0,273.0,0.0,0.0
Charleston,SC,BERKELEY,2023-10-09,2023,10,9,Fall,80,32.7,-80.0,273.0,260.0,11.0,2.0,0.0,0.0,0.0,105.0,48.0,36.0,0.0,0.0,273.0,0.0,0.0
Charleston,SC,BERKELEY,2023-10-16,2023,10,16,Fall,32,32.7,-80.0,273.0,260.0,11.0,2.0,0.0,0.0,0.0,105.0,48.0,36.0,0.0,0.0,273.0,0.0,0.0
Charleston,SC,BERKELEY,2023-10-23,2023,10,23,Fall,60,32.7,-80.0,273.0,260.0,11.0,2.0,0.0,0.0,0.0,105.0,48.0,36.0,0.0,0.0,273.0,0.0,0.0
Charleston,SC,BERKELEY,2023-11-23,2023,11,23,Fall,40,32.7,-80.0,273.0,260.0,11.0,2.0,0.0,0.0,0.0,105.0,48.0,36.0,0.0,0.0,273.0,0.0,0.0
Charleston,SC,BERKELEY,2023-11-25,2023,11,25,Fall,8,32.7,-80.0,273.0,260.0,11.0,2.0,0.0,0.0,0.0,105.0,48.0,36.0,0.0,0.0,273.0,0.0,0.0
Charleston,SC,BERKELEY,2023-11-27,2023,11,27,Fall,8,32.7,-80.0,273.0,260.0,11.0,2.0,0.0,0.0,0.0,105.0,48.0,36.0,0.0,0.0,273.0,0.0,0.0
Charleston,SC,BERKELEY,2023-12-15,2023,12,15,Winter,8,32.7,-80.0,273.0,260.0,11.0,2.0,0.0,0.0,0.0,105.0,48.0,36.0,0.0,0.0,273.0,0.0,0.0
Charleston,SC,CHARLESTON,2023-01-06,2023,1,6,Winter,11,32.7,-80.0,365.0,212.0,153.0,0.0,0.0,0.0,0.0,93.0,64.0,47.0,0.0,0.0,68.0,295.0,2.0
Charleston,SC,CHARLESTON,2023-05-21,2023,5,21,Spring,11,32.7,-80.0,365.0,212.0,153.0,0.0,0.0,0.0,0.0,93.0,64.0,47.0,0.0,0.0,68.0,295.0,2.0
Charleston,SC,CHARLESTON,2023-06-16,2023,6,16,Summer,11,32.7,-80.0,365.0,212.0,153.0,0.0,0.0,0.0,0.0,93.0,64.0,47.0,0.0,0.0,68.0,295.0,2.0
Charleston,SC,CHARLESTON,2023-06-25,2023,6,25,Summer,11,32.7,-80.0,365.0,212.0,153.0,0.0,0.0,0.0,0.0,93.0,64.0,47.0,0.0,0.0,68.0,295.0,2.0
Charleston,SC,CHARLESTON,2023-06-26,2023,6,26,Summer,33,32.7,-80.0,365.0,212.0,153.0,0.0,0.0,0.0,0.0,93.0,64.0,47.0,0.0,0.0,68.0,295.0,2.0
Charleston,SC,CHARLESTON,2023-07-07,2023,7,7,Summer,11,32.7,-80.0,365.0,212.0,153.0,0.0,0.0,0.0,0.0,93.0,64.0,47.0,0.0,0.0,68.0,295.0,2.0
Charleston,SC,CHARLESTON,2023-07-09,2023,7,9,Summer,22,32.7,-80.0,365.0,212.0,153.0,0.0,0.0,0.0,0.0,93.0,64.0,47.0,0.0,0.0,68.0,295.0,2.0
Charleston,SC,CHARLESTON,2023-08-03,2023,8,3,Summer,132,32.7,-80.0,365.0,212.0,153.0,0.0,0.0,0.0,0.0,93.0,64.0,47.0,0.0,0.0,68.0,295.0,2.0
Charleston,SC,CHARLESTON,2023-08-14,2023,8,14,Summer,220,32.7,-80.0,365.0,212.0,153.0,0.0,0.0,0.0,0.0,93.0,64.0,47.0,0.0,0.0,68.0,295.0,2.0
Charleston,SC,CHARLESTON,2023-08-15,2023,8,15,Summer,176,32.7,-80.0,365.0,212.0,153.0,0.0,0.0,0.0,0.0,93.0,64.0,47.0,0.0,0.0,68.0,295.0,2.0
Charleston,SC,CHARLESTON,2023-08-16,2023,8,16,Summer,110,32.7,-80.0,365.0,212.0,153.0,0.0,0.0,0.0,0.0,93.0,64.0,47.0,0.0,0.0,68.0,295.0,2.0
Charleston,SC,CHARLESTON,2023-08-25,2023,8,25,Summer,99,32.7,-80.0,365.0,212.0,153.0,0.0,0.0,0.0,0.0,93.0,64.0,47.0,0.0,0.0,68.0,295.0,2.0
Charleston,SC,CHARLESTON,2023-09-02,2023,9,2,Fall,132,32.7,-80.0,365.0,212.0,153.0,0.0,0.0,0.0,0.0,93.0,64.0,47.0,0.0,0.0,68.0,295.0,2.0
Charleston,SC,CHARLESTON,2023-09-09,2023,9,9,Fall,55,32.7,-80.0,365.0,212.0,153.0,0.0,0.0,0.0,0.0,93.0,64.0,47.0,0.0,0.0,68.0,295.0,2.0
Charleston,SC,CHARLESTON,2023-09-10,2023,9,10,Fall,77,32.7,-80.0,365.0,212.0,153.0,0.0,0.0,0.0,0.0,93.0,64.0,47.0,0.0,0.0,68.0,295.0,2.0
Charleston,SC,CHARLESTON,2023-09-13,2023,9,13,Fall,132,32.7,-80.0,365.0,212.0,153.0,0.0,0.0,0.0,0.0,93.0,64.0,47.0,0.0,0.0,68.0,295.0,2.0
Charleston,SC,CHARLESTON,2023-09-21,2023,9,21,Fall,132,32.7,-80.0,365.0,212.0,153.0,0.0,0.0,0.0,0.0,93.0,64.0,47.0,0.0,0.0,68.0,295.0,2.0
Charleston,SC,CHARLESTON,2023-09-22,2023,9,22,Fall,330,32.8,-79.9,365.0,212.0,153.0,0.0,0.0,0.0,0.0,93.0,64.0,47.0,0.0,0.0,68.0,295.0,2.0
Charleston,SC,CHARLESTON,2023-09-24,2023,9,24,Fall,132,32.8,-79.9,365.0,212.0,153.0,0.0,0.0,0.0,0.0,93.0,64.0,47.0,0.0,0.0,68.0,295.0,2.0
Charleston,SC,CHARLESTON,2023-09-25,2023,9,25,Fall,88,32.7,-80.0,365.0,212.0,153.0,0.0,0.0,0.0,0.0,93.0,64.0,47.0,0.0,0.0,68.0,295.0,2.0
Charleston,SC,CHARLESTON,2023-09-26,2023,9,26,Fall,88,32.7,-80.0,365.0,212.0,153.0,0.0,0.0,0.0,0.0,93.0,64.0,47.0,0.0,0.0,68.0,295.0,2.0
Charleston,SC,CHARLESTON,2023-09-30,2023,9,30,Fall,132,32.7,-80.0,365.0,212.0,153.0,0.0,0.0,0.0,0.0,93.0,64.0,47.0,0.0,0.0,68.0,295.0,2.0
Charleston,SC,CHARLESTON,2023-10-01,2023,10,1,Fall,88,32.7,-80.0,365.0,212.0,153.0,0.0,0.0,0.0,0.0,93.0,64.0,47.0,0.0,0.0,68.0,295.0,2.0
Charleston,SC,CHARLESTON,2023-10-05,2023,10,5,Fall,77,32.7,-80.0,365.0,212.0,153.0,0.0,0.0,0.0,0.0,93.0,64.0,47.0,0.0,0.0,68.0,295.0,2.0
Charleston,SC,CHARLESTON,2023-10-09,2023,10,9,Fall,220,32.7,-80.0,365.0,212.0,153.0,0.0,0.0,0.0,0.0,93.0,64.0,47.0,0.0,0.0,68.0,295.0,2.0
Charleston,SC,CHARLESTON,2023-10-16,2023,10,16,Fall,88,32.7,-80.0,365.0,212.0,153.0,0.0,0.0,0.0,0.0,93.0,64.0,47.0,0.0,0.0,68.0,295.0,2.0
Charleston,SC,CHARLESTON,2023-10-23,2023,10,23,Fall,165,32.7,-80.0,365.0,212.0,153.0,0.0,0.0,0.0,0.0,93.0,64.0,47.0,0.0,0.0,68.0,295.0,2.0
Charleston,SC,CHARLESTON,2023-11-23,2023,11,23,Fall,110,32.7,-80.0,365.0,212.0,153.0,0.0,0.0,0.0,0.0,93.0,64.0,47.0,0.0,0.0,68.0,295.0,2.0
Charleston,SC,CHARLESTON,2023-11-25,2023,11,25,Fall,22,32.7,-80.0,365.0,212.0,153.0,0.0,0.0,0.0,0.0,93.0,64.0,47.0,0.0,0.0,68.0,295.0,2.0
Charleston,SC,CHARLESTON,2023-11-27,2023,11,27,Fall,22,32.7,-80.0,365.0,212.0,153.0,0.0,0.0,0.0,0.0,93.0,64.0,47.0,0.0,0.0,68.0,295.0,2.0
Charleston,SC,CHARLESTON,2023-12-15,2023,12,15,Winter,22,32.7,-80.0,365.0,212.0,153.0,0.0,0.0,0.0,0.0,93.0,64.0,47.0,0.0,0.0,68.0,295.0,2.0
Charlestown,IN,CLARK,2023-08-20,2023,8,20,Summer,1,38.4,-85.6,365.0,146.0,208.0,10.0,1.0,0.0,0.0,182.0,72.0,52.0,0.0,0.0,98.0,267.0,0.0
Charlestown,RI,WASHINGTON,2023-06-23,2023,6,23,Summer,1,41.4,-71.7,355.0,287.0,58.0,10.0,0.0,0.0,0.0,140.0,58.0,40.0,0.0,0.0,166.0,189.0,0.0
Charlotte,NC,MECKLENBURG,2023-08-13,2023,8,13,Summer,280,35.1,-81.0,365.0,174.0,185.0,6.0,0.0,0.0,0.0,150.0,71.0,51.0,0.0,2.0,149.0,214.0,0.0
Charlotte,NC,MECKLENBURG,2023-08-14,2023,8,14,Summer,14,35.2,-80.8,365.0,174.0,185.0,6.0,0.0,0.0,0.0,150.0,71.0,51.0,0.0,2.0,149.0,214.0,0.0
Charlotte,NC,MECKLENBURG,2023-08-16,2023,8,16,Summer,14,35.3,-80.8,365.0,174.0,185.0,6.0,0.0,0.0,0.0,150.0,71.0,51.0,0.0,2.0,149.0,214.0,0.0
Charlotte,NC,MECKLENBURG,2023-08-26,2023,8,26,Summer,28,35.3,-80.8,365.0,174.0,185.0,6.0,0.0,0.0,0.0,150.0,71.0,51.0,0.0,2.0,149.0,214.0,0.0
Charlotte,NC,MECKLENBURG,2023-08-28,2023,8,28,Summer,70,35.2,-80.8,365.0,174.0,185.0,6.0,0.0,0.0,0.0,150.0,71.0,51.0,0.0,2.0,149.0,214.0,0.0
Charlotte,NC,MECKLENBURG,2023-09-16,2023,9,16,Fall,14,35.1,-80.8,365.0,174.0,185.0,6.0,0.0,0.0,0.0,150.0,71.0,51.0,0.0,2.0,149.0,214.0,0.0
Charlotte,NC,MECKLENBURG,2023-09-24,2023,9,24,Fall,210,35.2,-80.8,365.0,174.0,185.0,6.0,0.0,0.0,0.0,150.0,71.0,51.0,0.0,2.0,149.0,214.0,0.0
Charlotte,NC,MECKLENBURG,2023-10-21,2023,10,21,Fall,42,35.2,-80.9,365.0,174.0,185.0,6.0,0.0,0.0,0.0,150.0,71.0,51.0,0.0,2.0,149.0,214.0,0.0
Charlotte,NC,MECKLENBURG,2023-10-29,2023,10,29,Fall,14,35.2,-80.8,365.0,174.0,185.0,6.0,0.0,0.0,0.0,150.0,71.0,51.0,0.0,2.0,149.0,214.0,0.0
Charlotte,NC,MECKLENBURG,2023-11-05,2023,11,5,Fall,14,35.2,-80.9,365.0,174.0,185.0,6.0,0.0,0.0,0.0,150.0,71.0,51.0,0.0,2.0,149.0,214.0,0.0
Charlottesville,VA,ALBEMARLE,2023-08-27,2023,8,27,Summer,4,38.0,-78.5,364.0,254.0,104.0,3.0,3.0,0.0,0.0,168.0,64.0,44.0,0.0,0.0,125.0,239.0,0.0
Charlottesville,VA,ALBEMARLE,2023-09-20,2023,9,20,Fall,4,38.0,-78.5,364.0,254.0,104.0,3.0,3.0,0.0,0.0,168.0,64.0,44.0,0.0,0.0,125.0,239.0,0.0
Charlottesville,VA,ALBEMARLE,2023-09-30,2023,9,30,Fall,8,38.0,-78.5,364.0,254.0,104.0,3.0,3.0,0.0,0.0,168.0,64.0,44.0,0.0,0.0,125.0,239.0,0.0
Charlottesville,VA,ALBEMARLE,2023-10-24,2023,10,24,Fall,4,38.0,-78.5,364.0,254.0,104.0,3.0,3.0,0.0,0.0,168.0,64.0,44.0,0.0,0.0,125.0,239.0,0.0
Chatham,IL,SANGAMON,2023-05-16,2023,5,16,Spring,1,39.7,-89.7,365.0,182.0,163.0,17.0,2.0,1.0,0.0,247.0,74.0,51.0,0.0,0.0,112.0,253.0,0.0
Chatham,IL,SANGAMON,2023-07-30,2023,7,30,Summer,1,39.7,-89.7,365.0,182.0,163.0,17.0,2.0,1.0,0.0,247.0,74.0,51.0,0.0,0.0,112.0,253.0,0.0
Chatham,IL,SANGAMON,2023-08-06,2023,8,6,Summer,1,39.7,-89.7,365.0,182.0,163.0,17.0,2.0,1.0,0.0,247.0,74.0,51.0,0.0,0.0,112.0,253.0,0.0
Chatham,IL,SANGAMON,2023-08-20,2023,8,20,Summer,1,39.7,-89.7,365.0,182.0,163.0,17.0,2.0,1.0,0.0,247.0,74.0,51.0,0.0,0.0,112.0,253.0,0.0
Chatham,IL,SANGAMON,2023-08-28,2023,8,28,Summer,2,39.7,-89.7,365.0,182.0,163.0,17.0,2.0,1.0,0.0,247.0,74.0,51.0,0.0,0.0,112.0,253.0,0.0
Chatham,MA,BARNSTABLE,2023-07-12,2023,7,12,Summer,1,41.7,-70.0,358.0,331.0,24.0,3.0,0.0,0.0,0.0,140.0,49.0,37.0,0.0,0.0,336.0,22.0,0.0
Chatham,MA,BARNSTABLE,2023-08-02,2023,8,2,Summer,1,41.7,-70.0,358.0,331.0,24.0,3.0,0.0,0.0,0.0,140.0,49.0,37.0,0.0,0.0,336.0,22.0,0.0
Chatham,MA,BARNSTABLE,2023-08-04,2023,8,4,Summer,1,41.7,-70.0,358.0,331.0,24.0,3.0,0.0,0.0,0.0,140.0,49.0,37.0,0.0,0.0,336.0,22.0,0.0
Chatham,MA,BARNSTABLE,2023-08-19,2023,8,19,Summer,1,41.7,-70.0,358.0,331.0,24.0,3.0,0.0,0.0,0.0,140.0,49.0,37.0,0.0,0.0,336.0,22.0,0.0
Chatham,MA,BARNSTABLE,2023-09-13,2023,9,13,Fall,1,41.7,-70.0,358.0,331.0,24.0,3.0,0.0,0.0,0.0,140.0,49.0,37.0,0.0,0.0,336.0,22.0,0.0
Chatham,MA,BARNSTABLE,2023-09-15,2023,9,15,Fall,1,41.7,-70.0,358.0,331.0,24.0,3.0,0.0,0.0,0.0,140.0,49.0,37.0,0.0,0.0,336.0,22.0,0.0
Chatham,MA,BARNSTABLE,2023-10-12,2023,10,12,Fall,1,41.7,-70.0,358.0,331.0,24.0,3.0,0.0,0.0,0.0,140.0,49.0,37.0,0.0,0.0,336.0,22.0,0.0
Chatsworth,IL,LIVINGSTON,2023-10-12,2023,10,12,Fall,1,40.8,-88.3,,,,,,,,,,,,,,,
Chattanooga,TN,HAMILTON,2023-04-06,2023,4,6,Spring,7,35.0,-85.4,365.0,175.0,187.0,3.0,0.0,0.0,0.0,137.0,71.0,51.0,0.0,0.0,107.0,258.0,0.0
Chattanooga,TN,HAMILTON,2023-04-11,2023,4,11,Spring,7,35.1,-85.3,365.0,175.0,187.0,3.0,0.0,0.0,0.0,137.0,71.0,51.0,0.0,0.0,107.0,258.0,0.0
Chattanooga,TN,HAMILTON,2023-04-17,2023,4,17,Spring,7,35.1,-85.3,365.0,175.0,187.0,3.0,0.0,0.0,0.0,137.0,71.0,51.0,0.0,0.0,107.0,258.0,0.0
Chattanooga,TN,HAMILTON,2023-05-10,2023,5,10,Spring,7,35.2,-85.3,365.0,175.0,187.0,3.0,0.0,0.0,0.0,137.0,71.0,51.0,0.0,0.0,107.0,258.0,0.0
Chattanooga,TN,HAMILTON,2023-05-21,2023,5,21,Spring,7,35.2,-85.3,365.0,175.0,187.0,3.0,0.0,0.0,0.0,137.0,71.0,51.0,0.0,0.0,107.0,258.0,0.0
Chattanooga,TN,HAMILTON,2023-11-06,2023,11,6,Fall,7,35.1,-85.3,365.0,175.0,187.0,3.0,0.0,0.0,0.0,137.0,71.0,51.0,0.0,0.0,107.0,258.0,0.0
Chelmsford,MA,MIDDLESEX,2023-09-13,2023,9,13,Fall,3,42.6,-71.4,365.0,281.0,83.0,1.0,0.0,0.0,0.0,101.0,57.0,39.0,0.0,7.0,193.0,165.0,0.0
Chelsea,AL,SHELBY,2023-06-25,2023,6,25,Summer,1,33.3,-86.7,242.0,207.0,34.0,1.0,0.0,0.0,0.0,108.0,58.0,40.0,0.0,0.0,242.0,0.0,0.0
Chelsea,AL,SHELBY,2023-07-15,2023,7,15,Summer,2,33.3,-86.7,242.0,207.0,34.0,1.0,0.0,0.0,0.0,108.0,58.0,40.0,0.0,0.0,242.0,0.0,0.0
Chelsea,AL,SHELBY,2023-08-18,2023,8,18,Summer,3,33.3,-86.7,242.0,207.0,34.0,1.0,0.0,0.0,0.0,108.0,58.0,40.0,0.0,0.0,242.0,0.0,0.0
Chelsea,AL,SHELBY,2023-08-23,2023,8,23,Summer,3,33.3,-86.7,242.0,207.0,34.0,1.0,0.0,0.0,0.0,108.0,58.0,40.0,0.0,0.0,242.0,0.0,0.0
Chelsea,AL,SHELBY,2023-09-02,2023,9,2,Fall,2,33.3,-86.7,242.0,207.0,34.0,1.0,0.0,0.0,0.0,108.0,58.0,40.0,0.0,0.0,242.0,0.0,0.0
Chelsea,AL,SHELBY,2023-09-04,2023,9,4,Fall,1,33.3,-86.7,242.0,207.0,34.0,1.0,0.0,0.0,0.0,108.0,58.0,40.0,0.0,0.0,242.0,0.0,0.0
Cherry Hill,NJ,CAMDEN,2023-06-14,2023,6,14,Summer,6,39.9,-75.0,365.0,184.0,174.0,4.0,2.0,1.0,0.0,211.0,69.0,50.0,0.0,7.0,149.0,209.0,0.0
Cherry Hill,NJ,CAMDEN,2023-07-21,2023,7,21,Summer,12,39.9,-75.0,365.0,184.0,174.0,4.0,2.0,1.0,0.0,211.0,69.0,50.0,0.0,7.0,149.0,209.0,0.0
Cherry Hill,NJ,CAMDEN,2023-07-29,2023,7,29,Summer,6,39.9,-75.0,365.0,184.0,174.0,4.0,2.0,1.0,0.0,211.0,69.0,50.0,0.0,7.0,149.0,209.0,0.0
Cherry Hill,NJ,CAMDEN,2023-08-15,2023,8,15,Summer,6,39.9,-75.0,365.0,184.0,174.0,4.0,2.0,1.0,0.0,211.0,69.0,50.0,0.0,7.0,149.0,209.0,0.0
Cherry Hill,NJ,CAMDEN,2023-08-23,2023,8,23,Summer,6,39.9,-75.0,365.0,184.0,174.0,4.0,2.0,1.0,0.0,211.0,69.0,50.0,0.0,7.0,149.0,209.0,0.0
Cherry Hill,NJ,CAMDEN,2023-09-07,2023,9,7,Fall,6,39.9,-75.0,365.0,184.0,174.0,4.0,2.0,1.0,0.0,211.0,69.0,50.0,0.0,7.0,149.0,209.0,0.0
Cherry Hill,NJ,CAMDEN,2023-09-13,2023,9,13,Fall,6,39.9,-75.0,365.0,184.0,174.0,4.0,2.0,1.0,0.0,211.0,69.0,50.0,0.0,7.0,149.0,209.0,0.0
Cherry Hill,NJ,CAMDEN,2023-09-20,2023,9,20,Fall,12,39.9,-75.0,365.0,184.0,174.0,4.0,2.0,1.0,0.0,211.0,69.0,50.0,0.0,7.0,149.0,209.0,0.0
Cherry Hill,NJ,CAMDEN,2023-09-22,2023,9,22,Fall,6,39.9,-75.0,365.0,184.0,174.0,4.0,2.0,1.0,0.0,211.0,69.0,50.0,0.0,7.0,149.0,209.0,0.0
Cherry Hill,NJ,CAMDEN,2023-10-02,2023,10,2,Fall,6,39.9,-75.0,365.0,184.0,174.0,4.0,2.0,1.0,0.0,211.0,69.0,50.0,0.0,7.0,149.0,209.0,0.0
Chesterfield,MO,SAINT LOUIS,2023-05-13,2023,5,13,Spring,6,38.7,-90.6,365.0,218.0,130.0,14.0,3.0,0.0,0.0,166.0,74.0,46.0,0.0,13.0,168.0,184.0,0.0
Chesterfield,MO,SAINT LOUIS,2023-09-22,2023,9,22,Fall,12,38.7,-90.6,365.0,218.0,130.0,14.0,3.0,0.0,0.0,166.0,74.0,46.0,0.0,13.0,168.0,184.0,0.0
Chestertown,MD,KENT,2023-07-17,2023,7,17,Summer,1,39.2,-76.1,361.0,276.0,78.0,4.0,3.0,0.0,0.0,199.0,61.0,41.0,0.0,0.0,193.0,168.0,0.0
Chestertown,MD,KENT,2023-07-18,2023,7,18,Summer,1,39.2,-76.1,361.0,276.0,78.0,4.0,3.0,0.0,0.0,199.0,61.0,41.0,0.0,0.0,193.0,168.0,0.0
Chicago,IL,COOK,2023-05-23,2023,5,23,Spring,58,41.9,-87.7,365.0,104.0,227.0,27.0,5.0,2.0,0.0,223.0,93.0,57.0,0.0,8.0,97.0,252.0,8.0
Chicago,IL,COOK,2023-06-05,2023,6,5,Summer,58,41.9,-87.6,365.0,104.0,227.0,27.0,5.0,2.0,0.0,223.0,93.0,57.0,0.0,8.0,97.0,252.0,8.0
Chicago,IL,COOK,2023-06-22,2023,6,22,Summer,116,41.9,-87.7,365.0,104.0,227.0,27.0,5.0,2.0,0.0,223.0,93.0,57.0,0.0,8.0,97.0,252.0,8.0
Chicago,IL,COOK,2023-07-03,2023,7,3,Summer,348,41.8,-87.5,365.0,104.0,227.0,27.0,5.0,2.0,0.0,223.0,93.0,57.0,0.0,8.0,97.0,252.0,8.0
Chicago,IL,COOK,2023-07-09,2023,7,9,Summer,58,41.9,-87.6,365.0,104.0,227.0,27.0,5.0,2.0,0.0,223.0,93.0,57.0,0.0,8.0,97.0,252.0,8.0
Chicago,IL,COOK,2023-07-15,2023,7,15,Summer,58,41.9,-87.7,365.0,104.0,227.0,27.0,5.0,2.0,0.0,223.0,93.0,57.0,0.0,8.0,97.0,252.0,8.0
Chicago,IL,COOK,2023-07-17,2023,7,17,Summer,174,41.9,-87.6,365.0,104.0,227.0,27.0,5.0,2.0,0.0,223.0,93.0,57.0,0.0,8.0,97.0,252.0,8.0
Chicago,IL,COOK,2023-07-25,2023,7,25,Summer,348,41.9,-87.6,365.0,104.0,227.0,27.0,5.0,2.0,0.0,223.0,93.0,57.0,0.0,8.0,97.0,252.0,8.0
Chicago,IL,COOK,2023-07-27,2023,7,27,Summer,1682,42.0,-87.7,365.0,104.0,227.0,27.0,5.0,2.0,0.0,223.0,93.0,57.0,0.0,8.0,97.0,252.0,8.0
Chicago,IL,COOK,2023-07-28,2023,7,28,Summer,406,41.9,-87.7,365.0,104.0,227.0,27.0,5.0,2.0,0.0,223.0,93.0,57.0,0.0,8.0,97.0,252.0,8.0
Chicago,IL,COOK,2023-07-29,2023,7,29,Summer,58,42.0,-87.7,365.0,104.0,227.0,27.0,5.0,2.0,0.0,223.0,93.0,57.0,0.0,8.0,97.0,252.0,8.0
Chicago,IL,COOK,2023-07-30,2023,7,30,Summer,58,42.0,-87.7,365.0,104.0,227.0,27.0,5.0,2.0,0.0,223.0,93.0,57.0,0.0,8.0,97.0,252.0,8.0
Chicago,IL,COOK,2023-07-31,2023,7,31,Summer,2262,41.7,-87.5,365.0,104.0,227.0,27.0,5.0,2.0,0.0,223.0,93.0,57.0,0.0,8.0,97.0,252.0,8.0
Chicago,IL,COOK,2023-08-01,2023,8,1,Summer,58,42.0,-87.7,365.0,104.0,227.0,27.0,5.0,2.0,0.0,223.0,93.0,57.0,0.0,8.0,97.0,252.0,8.0
Chicago,IL,COOK,2023-08-02,2023,8,2,Summer,116,41.9,-87.7,365.0,104.0,227.0,27.0,5.0,2.0,0.0,223.0,93.0,57.0,0.0,8.0,97.0,252.0,8.0
Chicago,IL,COOK,2023-08-03,2023,8,3,Summer,522,41.9,-87.7,365.0,104.0,227.0,27.0,5.0,2.0,0.0,223.0,93.0,57.0,0.0,8.0,97.0,252.0,8.0
Chicago,IL,COOK,2023-08-04,2023,8,4,Summer,638,41.9,-87.7,365.0,104.0,227.0,27.0,5.0,2.0,0.0,223.0,93.0,57.0,0.0,8.0,97.0,252.0,8.0
Chicago,IL,COOK,2023-08-09,2023,8,9,Summer,58,42.0,-87.7,365.0,104.0,227.0,27.0,5.0,2.0,0.0,223.0,93.0,57.0,0.0,8.0,97.0,252.0,8.0
Chicago,IL,COOK,2023-08-12,2023,8,12,Summer,58,42.0,-87.7,365.0,104.0,227.0,27.0,5.0,2.0,0.0,223.0,93.0,57.0,0.0,8.0,97.0,252.0,8.0
Chicago,IL,COOK,2023-08-13,2023,8,13,Summer,116,42.0,-87.8,365.0,104.0,227.0,27.0,5.0,2.0,0.0,223.0,93.0,57.0,0.0,8.0,97.0,252.0,8.0
Chicago,IL,COOK,2023-08-17,2023,8,17,Summer,58,42.0,-87.7,365.0,104.0,227.0,27.0,5.0,2.0,0.0,223.0,93.0,57.0,0.0,8.0,97.0,252.0,8.0
Chicago,IL,COOK,2023-08-18,2023,8,18,Summer,58,41.9,-87.8,365.0,104.0,227.0,27.0,5.0,2.0,0.0,223.0,93.0,57.0,0.0,8.0,97.0,252.0,8.0
Chicago,IL,COOK,2023-08-19,2023,8,19,Summer,58,42.0,-87.6,365.0,104.0,227.0,27.0,5.0,2.0,0.0,223.0,93.0,57.0,0.0,8.0,97.0,252.0,8.0
Chicago,IL,COOK,2023-08-20,2023,8,20,Summer,58,42.0,-87.7,365.0,104.0,227.0,27.0,5.0,2.0,0.0,223.0,93.0,57.0,0.0,8.0,97.0,252.0,8.0
Chicago,IL,COOK,2023-08-27,2023,8,27,Summer,174,42.0,-87.7,365.0,104.0,227.0,27.0,5.0,2.0,0.0,223.0,93.0,57.0,0.0,8.0,97.0,252.0,8.0
Chicago,IL,COOK,2023-08-28,2023,8,28,Summer,464,41.9,-87.6,365.0,104.0,227.0,27.0,5.0,2.0,0.0,223.0,93.0,57.0,0.0,8.0,97.0,252.0,8.0
Chicago,IL,COOK,2023-08-30,2023,8,30,Summer,58,41.9,-87.6,365.0,104.0,227.0,27.0,5.0,2.0,0.0,223.0,93.0,57.0,0.0,8.0,97.0,252.0,8.0
Chicago,IL,COOK,2023-08-31,2023,8,31,Summer,116,41.9,-87.6,365.0,104.0,227.0,27.0,5.0,2.0,0.0,223.0,93.0,57.0,0.0,8.0,97.0,252.0,8.0
Chicago,IL,COOK,2023-09-03,2023,9,3,Fall,290,42.0,-87.7,365.0,104.0,227.0,27.0,5.0,2.0,0.0,223.0,93.0,57.0,0.0,8.0,97.0,252.0,8.0
Chicago,IL,COOK,2023-09-04,2023,9,4,Fall,696,41.9,-87.6,365.0,104.0,227.0,27.0,5.0,2.0,0.0,223.0,93.0,57.0,0.0,8.0,97.0,252.0,8.0
Chicago,IL,COOK,2023-09-09,2023,9,9,Fall,290,41.9,-87.7,365.0,104.0,227.0,27.0,5.0,2.0,0.0,223.0,93.0,57.0,0.0,8.0,97.0,252.0,8.0
Chicago,IL,COOK,2023-09-10,2023,9,10,Fall,58,41.9,-87.5,365.0,104.0,227.0,27.0,5.0,2.0,0.0,223.0,93.0,57.0,0.0,8.0,97.0,252.0,8.0
Chicago,IL,COOK,2023-09-13,2023,9,13,Fall,58,41.9,-87.7,365.0,104.0,227.0,27.0,5.0,2.0,0.0,223.0,93.0,57.0,0.0,8.0,97.0,252.0,8.0
Chicago,IL,COOK,2023-09-16,2023,9,16,Fall,174,41.9,-87.6,365.0,104.0,227.0,27.0,5.0,2.0,0.0,223.0,93.0,57.0,0.0,8.0,97.0,252.0,8.0
Chicago,IL,COOK,2023-09-22,2023,9,22,Fall,58,41.9,-87.7,365.0,104.0,227.0,27.0,5.0,2.0,0.0,223.0,93.0,57.0,0.0,8.0,97.0,252.0,8.0
Chicago,IL,COOK,2023-10-03,2023,10,3,Fall,116,41.9,-87.7,365.0,104.0,227.0,27.0,5.0,2.0,0.0,223.0,93.0,57.0,0.0,8.0,97.0,252.0,8.0
Chicago,IL,COOK,2023-10-09,2023,10,9,Fall,58,42.0,-87.7,365.0,104.0,227.0,27.0,5.0,2.0,0.0,223.0,93.0,57.0,0.0,8.0,97.0,252.0,8.0
Choctaw,OK,OKLAHOMA,2023-08-14,2023,8,14,Summer,1,35.4,-97.3,365.0,150.0,210.0,5.0,0.0,0.0,0.0,136.0,74.0,53.0,0.0,12.0,140.0,208.0,5.0
Choctaw,OK,OKLAHOMA,2023-08-17,2023,8,17,Summer,1,35.5,-97.3,365.0,150.0,210.0,5.0,0.0,0.0,0.0,136.0,74.0,53.0,0.0,12.0,140.0,208.0,5.0
Choctaw,OK,OKLAHOMA,2023-08-26,2023,8,26,Summer,1,35.4,-97.3,365.0,150.0,210.0,5.0,0.0,0.0,0.0,136.0,74.0,53.0,0.0,12.0,140.0,208.0,5.0
Choctaw,OK,OKLAHOMA,2023-08-29,2023,8,29,Summer,1,35.4,-97.3,365.0,150.0,210.0,5.0,0.0,0.0,0.0,136.0,74.0,53.0,0.0,12.0,140.0,208.0,5.0
Choctaw,OK,OKLAHOMA,2023-08-31,2023,8,31,Summer,1,35.4,-97.3,365.0,150.0,210.0,5.0,0.0,0.0,0.0,136.0,74.0,53.0,0.0,12.0,140.0,208.0,5.0
Choctaw,OK,OKLAHOMA,2023-09-01,2023,9,1,Fall,2,35.4,-97.3,365.0,150.0,210.0,5.0,0.0,0.0,0.0,136.0,74.0,53.0,0.0,12.0,140.0,208.0,5.0
Choctaw,OK,OKLAHOMA,2023-09-11,2023,9,11,Fall,1,35.5,-97.3,365.0,150.0,210.0,5.0,0.0,0.0,0.0,136.0,74.0,53.0,0.0,12.0,140.0,208.0,5.0
Choctaw,OK,OKLAHOMA,2023-09-20,2023,9,20,Fall,9,35.4,-97.3,365.0,150.0,210.0,5.0,0.0,0.0,0.0,136.0,74.0,53.0,0.0,12.0,140.0,208.0,5.0
Choctaw,OK,OKLAHOMA,2023-09-26,2023,9,26,Fall,4,35.4,-97.3,365.0,150.0,210.0,5.0,0.0,0.0,0.0,136.0,74.0,53.0,0.0,12.0,140.0,208.0,5.0
Choctaw,OK,OKLAHOMA,2023-10-02,2023,10,2,Fall,5,35.4,-97.3,365.0,150.0,210.0,5.0,0.0,0.0,0.0,136.0,74.0,53.0,0.0,12.0,140.0,208.0,5.0
Choctaw,OK,OKLAHOMA,2023-10-05,2023,10,5,Fall,21,35.4,-97.3,365.0,150.0,210.0,5.0,0.0,0.0,0.0,136.0,74.0,53.0,0.0,12.0,140.0,208.0,5.0
Choctaw,OK,OKLAHOMA,2023-10-06,2023,10,6,Fall,3,35.5,-97.2,365.0,150.0,210.0,5.0,0.0,0.0,0.0,136.0,74.0,53.0,0.0,12.0,140.0,208.0,5.0
Choctaw,OK,OKLAHOMA,2023-10-10,2023,10,10,Fall,4,35.4,-97.3,365.0,150.0,210.0,5.0,0.0,0.0,0.0,136.0,74.0,53.0,0.0,12.0,140.0,208.0,5.0
Choctaw,OK,OKLAHOMA,2023-10-22,2023,10,22,Fall,1,35.4,-97.3,365.0,150.0,210.0,5.0,0.0,0.0,0.0,136.0,74.0,53.0,0.0,12.0,140.0,208.0,5.0
Chowchilla,CA,MADERA,2023-08-25,2023,8,25,Summer,3,37.1,-120.3,365.0,162.0,188.0,14.0,1.0,0.0,0.0,151.0,84.0,52.0,0.0,0.0,210.0,135.0,20.0
Chowchilla,CA,MADERA,2023-10-27,2023,10,27,Fall,3,37.1,-120.3,365.0,162.0,188.0,14.0,1.0,0.0,0.0,151.0,84.0,52.0,0.0,0.0,210.0,135.0,20.0
Christiansburg,VA,MONTGOMERY,2023-10-05,2023,10,5,Fall,10,37.1,-80.4,,,,,,,,,,,,,,,
Christopher,IL,FRANKLIN,2023-09-07,2023,9,7,Fall,3,38.0,-89.1,,,,,,,,,,,,,,,
Christopher,IL,FRANKLIN,2023-09-18,2023,9,18,Fall,2,38.0,-89.1,,,,,,,,,,,,,,,
Christopher,IL,FRANKLIN,2023-10-03,2023,10,3,Fall,1,38.0,-89.1,,,,,,,,,,,,,,,
Christopher,IL,FRANKLIN,2023-10-04,2023,10,4,Fall,1,38.0,-89.1,,,,,,,,,,,,,,,
Chula Vista,CA,SAN DIEGO,2023-03-26,2023,3,26,Spring,1,32.7,-116.9,365.0,61.0,260.0,44.0,0.0,0.0,0.0,150.0,101.0,67.0,0.0,1.0,185.0,151.0,28.0
Cicero,IL,COOK,2023-06-08,2023,6,8,Summer,2,41.9,-87.8,365.0,104.0,227.0,27.0,5.0,2.0,0.0,223.0,93.0,57.0,0.0,8.0,97.0,252.0,8.0
Cincinnati,OH,CLERMONT,2023-06-12,2023,6,12,Summer,3,39.1,-84.4,358.0,279.0,74.0,4.0,1.0,0.0,0.0,175.0,64.0,41.0,0.0,0.0,201.0,157.0,0.0
Cincinnati,OH,CLERMONT,2023-07-31,2023,7,31,Summer,3,39.1,-84.4,358.0,279.0,74.0,4.0,1.0,0.0,0.0,175.0,64.0,41.0,0.0,0.0,201.0,157.0,0.0
Cincinnati,OH,CLERMONT,2023-08-02,2023,8,2,Summer,3,39.1,-84.4,358.0,279.0,74.0,4.0,1.0,0.0,0.0,175.0,64.0,41.0,0.0,0.0,201.0,157.0,0.0
Cincinnati,OH,CLERMONT,2023-08-19,2023,8,19,Summer,3,39.2,-84.3,358.0,279.0,74.0,4.0,1.0,0.0,0.0,175.0,64.0,41.0,0.0,0.0,201.0,157.0,0.0
Cincinnati,OH,CLERMONT,2023-08-21,2023,8,21,Summer,3,39.1,-84.4,358.0,279.0,74.0,4.0,1.0,0.0,0.0,175.0,64.0,41.0,0.0,0.0,201.0,157.0,0.0
Cincinnati,OH,CLERMONT,2023-08-25,2023,8,25,Summer,3,39.1,-84.4,358.0,279.0,74.0,4.0,1.0,0.0,0.0,175.0,64.0,41.0,0.0,0.0,201.0,157.0,0.0
Cincinnati,OH,CLERMONT,2023-09-02,2023,9,2,Fall,3,39.1,-84.5,358.0,279.0,74.0,4.0,1.0,0.0,0.0,175.0,64.0,41.0,0.0,0.0,201.0,157.0,0.0
Cincinnati,OH,CLERMONT,2023-09-03,2023,9,3,Fall,3,39.1,-84.4,358.0,279.0,74.0,4.0,1.0,0.0,0.0,175.0,64.0,41.0,0.0,0.0,201.0,157.0,0.0
Cincinnati,OH,CLERMONT,2023-09-04,2023,9,4,Fall,3,39.2,-84.3,358.0,279.0,74.0,4.0,1.0,0.0,0.0,175.0,64.0,41.0,0.0,0.0,201.0,157.0,0.0
Cincinnati,OH,CLERMONT,2023-09-07,2023,9,7,Fall,3,39.1,-84.5,358.0,279.0,74.0,4.0,1.0,0.0,0.0,175.0,64.0,41.0,0.0,0.0,201.0,157.0,0.0
Cincinnati,OH,CLERMONT,2023-09-12,2023,9,12,Fall,3,39.2,-84.4,358.0,279.0,74.0,4.0,1.0,0.0,0.0,175.0,64.0,41.0,0.0,0.0,201.0,157.0,0.0
Cincinnati,OH,CLERMONT,2023-09-17,2023,9,17,Fall,3,39.1,-84.4,358.0,279.0,74.0,4.0,1.0,0.0,0.0,175.0,64.0,41.0,0.0,0.0,201.0,157.0,0.0
Cincinnati,OH,CLERMONT,2023-09-28,2023,9,28,Fall,3,39.1,-84.4,358.0,279.0,74.0,4.0,1.0,0.0,0.0,175.0,64.0,41.0,0.0,0.0,201.0,157.0,0.0
Cincinnati,OH,CLERMONT,2023-09-29,2023,9,29,Fall,6,39.1,-84.4,358.0,279.0,74.0,4.0,1.0,0.0,0.0,175.0,64.0,41.0,0.0,0.0,201.0,157.0,0.0
Cincinnati,OH,CLERMONT,2023-09-30,2023,9,30,Fall,24,39.1,-84.4,358.0,279.0,74.0,4.0,1.0,0.0,0.0,175.0,64.0,41.0,0.0,0.0,201.0,157.0,0.0
Cincinnati,OH,CLERMONT,2023-10-02,2023,10,2,Fall,3,39.1,-84.4,358.0,279.0,74.0,4.0,1.0,0.0,0.0,175.0,64.0,41.0,0.0,0.0,201.0,157.0,0.0
Cincinnati,OH,CLERMONT,2023-10-03,2023,10,3,Fall,3,39.1,-84.4,358.0,279.0,74.0,4.0,1.0,0.0,0.0,175.0,64.0,41.0,0.0,0.0,201.0,157.0,0.0
Cincinnati,OH,CLERMONT,2023-10-04,2023,10,4,Fall,3,39.1,-84.4,358.0,279.0,74.0,4.0,1.0,0.0,0.0,175.0,64.0,41.0,0.0,0.0,201.0,157.0,0.0
Cincinnati,OH,CLERMONT,2023-10-06,2023,10,6,Fall,12,39.1,-84.4,358.0,279.0,74.0,4.0,1.0,0.0,0.0,175.0,64.0,41.0,0.0,0.0,201.0,157.0,0.0
Cincinnati,OH,CLERMONT,2023-10-10,2023,10,10,Fall,3,39.2,-84.4,358.0,279.0,74.0,4.0,1.0,0.0,0.0,175.0,64.0,41.0,0.0,0.0,201.0,157.0,0.0
Cincinnati,OH,CLERMONT,2023-10-11,2023,10,11,Fall,12,39.0,-84.3,358.0,279.0,74.0,4.0,1.0,0.0,0.0,175.0,64.0,41.0,0.0,0.0,201.0,157.0,0.0
Cincinnati,OH,CLERMONT,2023-10-23,2023,10,23,Fall,3,39.1,-84.4,358.0,279.0,74.0,4.0,1.0,0.0,0.0,175.0,64.0,41.0,0.0,0.0,201.0,157.0,0.0
Cincinnati,OH,HAMILTON,2023-06-12,2023,6,12,Summer,111,39.1,-84.4,365.0,129.0,217.0,17.0,2.0,0.0,0.0,193.0,77.0,54.0,0.0,2.0,103.0,260.0,0.0
Cincinnati,OH,HAMILTON,2023-07-31,2023,7,31,Summer,111,39.1,-84.4,365.0,129.0,217.0,17.0,2.0,0.0,0.0,193.0,77.0,54.0,0.0,2.0,103.0,260.0,0.0
Cincinnati,OH,HAMILTON,2023-08-02,2023,8,2,Summer,111,39.1,-84.4,365.0,129.0,217.0,17.0,2.0,0.0,0.0,193.0,77.0,54.0,0.0,2.0,103.0,260.0,0.0
Cincinnati,OH,HAMILTON,2023-08-19,2023,8,19,Summer,111,39.2,-84.3,365.0,129.0,217.0,17.0,2.0,0.0,0.0,193.0,77.0,54.0,0.0,2.0,103.0,260.0,0.0
Cincinnati,OH,HAMILTON,2023-08-21,2023,8,21,Summer,111,39.1,-84.4,365.0,129.0,217.0,17.0,2.0,0.0,0.0,193.0,77.0,54.0,0.0,2.0,103.0,260.0,0.0
Cincinnati,OH,HAMILTON,2023-08-25,2023,8,25,Summer,111,39.1,-84.4,365.0,129.0,217.0,17.0,2.0,0.0,0.0,193.0,77.0,54.0,0.0,2.0,103.0,260.0,0.0
Cincinnati,OH,HAMILTON,2023-09-02,2023,9,2,Fall,111,39.1,-84.5,365.0,129.0,217.0,17.0,2.0,0.0,0.0,193.0,77.0,54.0,0.0,2.0,103.0,260.0,0.0
Cincinnati,OH,HAMILTON,2023-09-03,2023,9,3,Fall,111,39.1,-84.4,365.0,129.0,217.0,17.0,2.0,0.0,0.0,193.0,77.0,54.0,0.0,2.0,103.0,260.0,0.0
Cincinnati,OH,HAMILTON,2023-09-04,2023,9,4,Fall,111,39.2,-84.3,365.0,129.0,217.0,17.0,2.0,0.0,0.0,193.0,77.0,54.0,0.0,2.0,103.0,260.0,0.0
Cincinnati,OH,HAMILTON,2023-09-07,2023,9,7,Fall,111,39.1,-84.5,365.0,129.0,217.0,17.0,2.0,0.0,0.0,193.0,77.0,54.0,0.0,2.0,103.0,260.0,0.0
Cincinnati,OH,HAMILTON,2023-09-12,2023,9,12,Fall,111,39.2,-84.4,365.0,129.0,217.0,17.0,2.0,0.0,0.0,193.0,77.0,54.0,0.0,2.0,103.0,260.0,0.0
Cincinnati,OH,HAMILTON,2023-09-17,2023,9,17,Fall,111,39.1,-84.4,365.0,129.0,217.0,17.0,2.0,0.0,0.0,193.0,77.0,54.0,0.0,2.0,103.0,260.0,0.0
Cincinnati,OH,HAMILTON,2023-09-28,2023,9,28,Fall,111,39.1,-84.4,365.0,129.0,217.0,17.0,2.0,0.0,0.0,193.0,77.0,54.0,0.0,2.0,103.0,260.0,0.0
Cincinnati,OH,HAMILTON,2023-09-29,2023,9,29,Fall,222,39.1,-84.4,365.0,129.0,217.0,17.0,2.0,0.0,0.0,193.0,77.0,54.0,0.0,2.0,103.0,260.0,0.0
Cincinnati,OH,HAMILTON,2023-09-30,2023,9,30,Fall,888,39.1,-84.4,365.0,129.0,217.0,17.0,2.0,0.0,0.0,193.0,77.0,54.0,0.0,2.0,103.0,260.0,0.0
Cincinnati,OH,HAMILTON,2023-10-02,2023,10,2,Fall,111,39.1,-84.4,365.0,129.0,217.0,17.0,2.0,0.0,0.0,193.0,77.0,54.0,0.0,2.0,103.0,260.0,0.0
Cincinnati,OH,HAMILTON,2023-10-03,2023,10,3,Fall,111,39.1,-84.4,365.0,129.0,217.0,17.0,2.0,0.0,0.0,193.0,77.0,54.0,0.0,2.0,103.0,260.0,0.0
Cincinnati,OH,HAMILTON,2023-10-04,2023,10,4,Fall,111,39.1,-84.4,365.0,129.0,217.0,17.0,2.0,0.0,0.0,193.0,77.0,54.0,0.0,2.0,103.0,260.0,0.0
Cincinnati,OH,HAMILTON,2023-10-06,2023,10,6,Fall,444,39.1,-84.4,365.0,129.0,217.0,17.0,2.0,0.0,0.0,193.0,77.0,54.0,0.0,2.0,103.0,260.0,0.0
Cincinnati,OH,HAMILTON,2023-10-10,2023,10,10,Fall,111,39.2,-84.4,365.0,129.0,217.0,17.0,2.0,0.0,0.0,193.0,77.0,54.0,0.0,2.0,103.0,260.0,0.0
Cincinnati,OH,HAMILTON,2023-10-11,2023,10,11,Fall,444,39.0,-84.3,365.0,129.0,217.0,17.0,2.0,0.0,0.0,193.0,77.0,54.0,0.0,2.0,103.0,260.0,0.0
Cincinnati,OH,HAMILTON,2023-10-23,2023,10,23,Fall,111,39.1,-84.4,365.0,129.0,217.0,17.0,2.0,0.0,0.0,193.0,77.0,54.0,0.0,2.0,103.0,260.0,0.0
Citrus Heights,CA,SACRAMENTO,2023-07-03,2023,7,3,Summer,4,38.7,-121.3,365.0,180.0,173.0,12.0,0.0,0.0,0.0,133.0,86.0,51.0,0.0,0.0,199.0,166.0,0.0
Clarence,PA,CENTRE,2023-07-29,2023,7,29,Summer,6,41.1,-77.9,365.0,239.0,118.0,3.0,5.0,0.0,0.0,199.0,68.0,45.0,0.0,0.0,188.0,177.0,0.0
Clarence Center,NY,ERIE,2023-08-24,2023,8,24,Summer,2,43.0,-78.6,365.0,198.0,159.0,5.0,3.0,0.0,0.0,176.0,69.0,48.0,0.0,4.0,86.0,275.0,0.0
Clarksburg,PA,INDIANA,2023-10-02,2023,10,2,Fall,1,40.5,-79.3,363.0,264.0,92.0,4.0,2.0,1.0,0.0,220.0,61.0,41.0,0.0,0.0,168.0,195.0,0.0
Clarkston,WA,ASOTIN,2023-09-08,2023,9,8,Fall,1,46.4,-117.1,359.0,184.0,169.0,4.0,1.0,1.0,0.0,204.0,67.0,49.0,0.0,0.0,0.0,359.0,0.0
Clarksville,AR,JOHNSON,2023-08-15,2023,8,15,Summer,1,35.5,-93.5,,,,,,,,,,,,,,,
Clarksville,AR,JOHNSON,2023-10-19,2023,10,19,Fall,4,35.5,-93.5,,,,,,,,,,,,,,,
Clarksville,AR,JOHNSON,2023-10-24,2023,10,24,Fall,1,35.5,-93.5,,,,,,,,,,,,,,,
Clarksville,MD,HOWARD,2023-08-01,2023,8,1,Summer,4,39.2,-76.9,365.0,268.0,93.0,1.0,3.0,0.0,0.0,188.0,59.0,38.0,0.0,64.0,0.0,301.0,0.0
Clarksville,MD,HOWARD,2023-08-02,2023,8,2,Summer,2,39.2,-76.9,365.0,268.0,93.0,1.0,3.0,0.0,0.0,188.0,59.0,38.0,0.0,64.0,0.0,301.0,0.0
Clarksville,MD,HOWARD,2023-08-31,2023,8,31,Summer,2,39.2,-76.9,365.0,268.0,93.0,1.0,3.0,0.0,0.0,188.0,59.0,38.0,0.0,64.0,0.0,301.0,0.0
Clarksville,NY,ALBANY,2023-07-28,2023,7,28,Summer,2,42.6,-74.0,365.0,245.0,113.0,4.0,3.0,0.0,0.0,186.0,62.0,42.0,0.0,0.0,115.0,250.0,0.0
Clarksville,TN,MONTGOMERY,2023-10-21,2023,10,21,Fall,6,36.6,-87.4,351.0,271.0,79.0,1.0,0.0,0.0,0.0,105.0,58.0,36.0,0.0,0.0,0.0,351.0,0.0
Clayton,CA,CONTRA COSTA,2023-09-06,2023,9,6,Fall,1,37.9,-121.9,365.0,172.0,191.0,2.0,0.0,0.0,0.0,110.0,64.0,52.0,0.0,1.0,93.0,271.0,0.0
Clayton,NC,JOHNSTON,2023-10-09,2023,10,9,Fall,3,35.7,-78.4,365.0,240.0,124.0,1.0,0.0,0.0,0.0,115.0,60.0,44.0,0.0,0.0,125.0,240.0,0.0
Clayton,NC,JOHNSTON,2023-10-10,2023,10,10,Fall,3,35.6,-78.5,365.0,240.0,124.0,1.0,0.0,0.0,0.0,115.0,60.0,44.0,0.0,0.0,125.0,240.0,0.0
Cleburne,TX,JOHNSON,2023-04-09,2023,4,9,Spring,19,32.3,-97.6,362.0,283.0,71.0,8.0,0.0,0.0,0.0,126.0,74.0,38.0,0.0,0.0,362.0,0.0,0.0
Clemmons,NC,FORSYTH,2023-08-19,2023,8,19,Summer,2,36.0,-80.4,365.0,165.0,193.0,6.0,1.0,0.0,0.0,154.0,71.0,52.0,0.0,3.0,111.0,251.0,0.0
Clemmons,NC,FORSYTH,2023-08-22,2023,8,22,Summer,1,36.0,-80.4,365.0,165.0,193.0,6.0,1.0,0.0,0.0,154.0,71.0,52.0,0.0,3.0,111.0,251.0,0.0
Clemmons,NC,FORSYTH,2023-08-25,2023,8,25,Summer,1,36.0,-80.4,365.0,165.0,193.0,6.0,1.0,0.0,0.0,154.0,71.0,52.0,0.0,3.0,111.0,251.0,0.0
Clemmons,NC,FORSYTH,2023-08-31,2023,8,31,Summer,1,36.0,-80.4,365.0,165.0,193.0,6.0,1.0,0.0,0.0,154.0,71.0,52.0,0.0,3.0,111.0,251.0,0.0
Clemons,IA,MARSHALL,2023-05-19,2023,5,19,Spring,2,42.2,-93.1,,,,,,,,,,,,,,,
Clemons,IA,MARSHALL,2023-05-24,2023,5,24,Spring,1,42.2,-93.1,,,,,,,,,,,,,,,
Cleveland,OH,CUYAHOGA,2023-08-03,2023,8,3,Summer,64,41.5,-81.6,365.0,117.0,235.0,9.0,3.0,1.0,0.0,234.0,83.0,57.0,2.0,0.0,83.0,276.0,4.0
Cleveland,OH,CUYAHOGA,2023-08-06,2023,8,6,Summer,896,41.6,-81.6,365.0,117.0,235.0,9.0,3.0,1.0,0.0,234.0,83.0,57.0,2.0,0.0,83.0,276.0,4.0
Cleveland,OH,CUYAHOGA,2023-08-07,2023,8,7,Summer,64,41.5,-81.8,365.0,117.0,235.0,9.0,3.0,1.0,0.0,234.0,83.0,57.0,2.0,0.0,83.0,276.0,4.0
Cleveland,OH,CUYAHOGA,2023-08-10,2023,8,10,Summer,128,41.4,-81.7,365.0,117.0,235.0,9.0,3.0,1.0,0.0,234.0,83.0,57.0,2.0,0.0,83.0,276.0,4.0
Cleveland,OH,CUYAHOGA,2023-08-13,2023,8,13,Summer,64,41.5,-81.7,365.0,117.0,235.0,9.0,3.0,1.0,0.0,234.0,83.0,57.0,2.0,0.0,83.0,276.0,4.0
Cleveland,OH,CUYAHOGA,2023-08-19,2023,8,19,Summer,320,41.6,-81.6,365.0,117.0,235.0,9.0,3.0,1.0,0.0,234.0,83.0,57.0,2.0,0.0,83.0,276.0,4.0
Cleveland,OH,CUYAHOGA,2023-08-20,2023,8,20,Summer,64,41.4,-81.8,365.0,117.0,235.0,9.0,3.0,1.0,0.0,234.0,83.0,57.0,2.0,0.0,83.0,276.0,4.0
Cleveland,OH,CUYAHOGA,2023-08-27,2023,8,27,Summer,320,41.6,-81.6,365.0,117.0,235.0,9.0,3.0,1.0,0.0,234.0,83.0,57.0,2.0,0.0,83.0,276.0,4.0
Cleveland,OH,CUYAHOGA,2023-09-03,2023,9,3,Fall,192,41.6,-81.6,365.0,117.0,235.0,9.0,3.0,1.0,0.0,234.0,83.0,57.0,2.0,0.0,83.0,276.0,4.0
Cleveland,OH,CUYAHOGA,2023-09-13,2023,9,13,Fall,192,41.4,-81.8,365.0,117.0,235.0,9.0,3.0,1.0,0.0,234.0,83.0,57.0,2.0,0.0,83.0,276.0,4.0
Cleveland,OH,CUYAHOGA,2023-09-16,2023,9,16,Fall,960,41.6,-81.6,365.0,117.0,235.0,9.0,3.0,1.0,0.0,234.0,83.0,57.0,2.0,0.0,83.0,276.0,4.0
Cleveland,OH,CUYAHOGA,2023-09-17,2023,9,17,Fall,704,41.6,-81.6,365.0,117.0,235.0,9.0,3.0,1.0,0.0,234.0,83.0,57.0,2.0,0.0,83.0,276.0,4.0
Cleveland,OH,CUYAHOGA,2023-09-20,2023,9,20,Fall,576,41.5,-81.6,365.0,117.0,235.0,9.0,3.0,1.0,0.0,234.0,83.0,57.0,2.0,0.0,83.0,276.0,4.0
Cleveland,OH,CUYAHOGA,2023-09-21,2023,9,21,Fall,64,41.5,-81.6,365.0,117.0,235.0,9.0,3.0,1.0,0.0,234.0,83.0,57.0,2.0,0.0,83.0,276.0,4.0
Cleveland,OH,CUYAHOGA,2023-09-29,2023,9,29,Fall,64,41.5,-81.6,365.0,117.0,235.0,9.0,3.0,1.0,0.0,234.0,83.0,57.0,2.0,0.0,83.0,276.0,4.0
Cleveland,OH,CUYAHOGA,2023-10-11,2023,10,11,Fall,64,41.5,-81.7,365.0,117.0,235.0,9.0,3.0,1.0,0.0,234.0,83.0,57.0,2.0,0.0,83.0,276.0,4.0
Clifton,NJ,PASSAIC,2023-07-31,2023,7,31,Summer,8,40.9,-74.2,353.0,241.0,104.0,4.0,4.0,0.0,0.0,199.0,63.0,42.0,0.0,0.0,133.0,220.0,0.0
Clifton Park,NY,SARATOGA,2023-07-18,2023,7,18,Summer,5,42.8,-73.7,365.0,352.0,12.0,1.0,0.0,0.0,0.0,122.0,44.0,31.0,0.0,0.0,365.0,0.0,0.0
Clifton Park,NY,SARATOGA,2023-10-12,2023,10,12,Fall,5,42.9,-73.7,365.0,352.0,12.0,1.0,0.0,0.0,0.0,122.0,44.0,31.0,0.0,0.0,365.0,0.0,0.0
Clinton,CT,MIDDLESEX,2023-07-21,2023,7,21,Summer,1,41.3,-72.5,209.0,170.0,35.0,4.0,0.0,0.0,0.0,140.0,64.0,43.0,0.0,0.0,209.0,0.0,0.0
Clinton,CT,MIDDLESEX,2023-08-12,2023,8,12,Summer,1,41.3,-72.5,209.0,170.0,35.0,4.0,0.0,0.0,0.0,140.0,64.0,43.0,0.0,0.0,209.0,0.0,0.0
Clinton,CT,MIDDLESEX,2023-09-26,2023,9,26,Fall,1,41.3,-72.5,209.0,170.0,35.0,4.0,0.0,0.0,0.0,140.0,64.0,43.0,0.0,0.0,209.0,0.0,0.0
Clinton,NY,ONEIDA,2023-08-31,2023,8,31,Summer,6,43.1,-75.4,351.0,275.0,70.0,3.0,3.0,0.0,0.0,190.0,56.0,32.0,0.0,0.0,0.0,351.0,0.0
Clinton,TN,ANDERSON,2023-07-24,2023,7,24,Summer,1,36.1,-84.2,237.0,212.0,24.0,1.0,0.0,0.0,0.0,105.0,51.0,41.0,0.0,0.0,237.0,0.0,0.0
Coal Center,PA,WASHINGTON,2023-08-09,2023,8,9,Summer,2,40.1,-79.9,365.0,180.0,175.0,7.0,1.0,2.0,0.0,212.0,72.0,51.0,0.0,0.0,127.0,238.0,0.0
Coal Center,PA,WASHINGTON,2023-09-13,2023,9,13,Fall,6,40.1,-79.9,365.0,180.0,175.0,7.0,1.0,2.0,0.0,212.0,72.0,51.0,0.0,0.0,127.0,238.0,0.0
Cobb Island,MD,CHARLES,2023-08-12,2023,8,12,Summer,3,39.2,-76.9,243.0,199.0,42.0,2.0,0.0,0.0,0.0,115.0,64.0,42.0,0.0,0.0,243.0,0.0,0.0
Coconut Creek,FL,BROWARD,2023-01-05,2023,1,5,Winter,3,26.3,-80.2,365.0,158.0,204.0,3.0,0.0,0.0,0.0,109.0,66.0,52.0,0.0,5.0,72.0,288.0,0.0
Cody,WY,PARK,2023-07-31,2023,7,31,Summer,2,44.5,-109.1,360.0,343.0,16.0,1.0,0.0,0.0,0.0,122.0,33.0,14.0,0.0,0.0,0.0,360.0,0.0
Colchester,VT,CHITTENDEN,2023-07-04,2023,7,4,Summer,3,44.6,-73.2,365.0,259.0,100.0,4.0,2.0,0.0,0.0,160.0,59.0,42.0,2.0,0.0,192.0,171.0,0.0
Colcord,OK,DELAWARE,2023-10-08,2023,10,8,Fall,9,36.2,-94.7,,,,,,,,,,,,,,,
Cold Spring,NY,PUTNAM,2023-08-01,2023,8,1,Summer,4,41.4,-74.0,350.0,334.0,13.0,3.0,0.0,0.0,0.0,140.0,45.0,32.0,0.0,0.0,350.0,0.0,0.0
Colfax,CA,PLACER,2023-07-26,2023,7,26,Summer,6,39.1,-120.9,365.0,164.0,193.0,8.0,0.0,0.0,0.0,143.0,80.0,52.0,0.0,0.0,245.0,120.0,0.0
Colfax,CA,PLACER,2023-07-30,2023,7,30,Summer,6,39.1,-120.9,365.0,164.0,193.0,8.0,0.0,0.0,0.0,143.0,80.0,52.0,0.0,0.0,245.0,120.0,0.0
Colfax,NC,GUILFORD,2023-10-21,2023,10,21,Fall,1,36.1,-80.0,365.0,183.0,178.0,4.0,0.0,0.0,0.0,131.0,67.0,50.0,0.0,0.0,112.0,248.0,5.0
Colgate,WI,WASHINGTON,2023-08-04,2023,8,4,Summer,1,43.2,-88.2,,,,,,,,,,,,,,,
Collegeville,PA,MONTGOMERY,2023-07-07,2023,7,7,Summer,4,40.2,-75.4,365.0,232.0,127.0,1.0,3.0,2.0,0.0,284.0,67.0,44.0,0.0,0.0,144.0,221.0,0.0
Collegeville,PA,MONTGOMERY,2023-08-17,2023,8,17,Summer,4,40.2,-75.5,365.0,232.0,127.0,1.0,3.0,2.0,0.0,284.0,67.0,44.0,0.0,0.0,144.0,221.0,0.0
Colleyville,TX,TARRANT,2023-10-08,2023,10,8,Fall,3,32.9,-97.2,365.0,99.0,239.0,23.0,4.0,0.0,0.0,172.0,93.0,57.0,0.0,4.0,122.0,239.0,0.0
Colleyville,TX,TARRANT,2023-10-09,2023,10,9,Fall,2,32.9,-97.2,365.0,99.0,239.0,23.0,4.0,0.0,0.0,172.0,93.0,57.0,0.0,4.0,122.0,239.0,0.0
Colorado Springs,CO,EL PASO,2023-09-18,2023,9,18,Fall,36,38.6,-104.5,365.0,240.0,123.0,1.0,1.0,0.0,0.0,154.0,67.0,47.0,0.0,0.0,334.0,31.0,0.0
Colorado Springs,CO,EL PASO,2023-09-25,2023,9,25,Fall,36,38.9,-104.9,365.0,240.0,123.0,1.0,1.0,0.0,0.0,154.0,67.0,47.0,0.0,0.0,334.0,31.0,0.0
Columbia,MD,HOWARD,2023-06-11,2023,6,11,Summer,1,39.2,-76.9,365.0,268.0,93.0,1.0,3.0,0.0,0.0,188.0,59.0,38.0,0.0,64.0,0.0,301.0,0.0
Columbia,MD,HOWARD,2023-06-25,2023,6,25,Summer,1,39.2,-76.8,365.0,268.0,93.0,1.0,3.0,0.0,0.0,188.0,59.0,38.0,0.0,64.0,0.0,301.0,0.0
Columbia,MD,HOWARD,2023-08-06,2023,8,6,Summer,1,39.2,-76.9,365.0,268.0,93.0,1.0,3.0,0.0,0.0,188.0,59.0,38.0,0.0,64.0,0.0,301.0,0.0
Columbia,MD,HOWARD,2023-08-13,2023,8,13,Summer,1,39.2,-76.9,365.0,268.0,93.0,1.0,3.0,0.0,0.0,188.0,59.0,38.0,0.0,64.0,0.0,301.0,0.0
Columbia,MD,HOWARD,2023-09-01,2023,9,1,Fall,1,39.2,-76.9,365.0,268.0,93.0,1.0,3.0,0.0,0.0,188.0,59.0,38.0,0.0,64.0,0.0,301.0,0.0
Columbia,MD,HOWARD,2023-09-13,2023,9,13,Fall,3,39.2,-76.9,365.0,268.0,93.0,1.0,3.0,0.0,0.0,188.0,59.0,38.0,0.0,64.0,0.0,301.0,0.0
Columbia,MD,HOWARD,2023-09-14,2023,9,14,Fall,4,39.2,-76.9,365.0,268.0,93.0,1.0,3.0,0.0,0.0,188.0,59.0,38.0,0.0,64.0,0.0,301.0,0.0
Columbia,MD,HOWARD,2023-09-16,2023,9,16,Fall,18,39.2,-76.9,365.0,268.0,93.0,1.0,3.0,0.0,0.0,188.0,59.0,38.0,0.0,64.0,0.0,301.0,0.0
Columbia,MD,HOWARD,2023-09-17,2023,9,17,Fall,25,39.2,-76.9,365.0,268.0,93.0,1.0,3.0,0.0,0.0,188.0,59.0,38.0,0.0,64.0,0.0,301.0,0.0
Columbia,MD,HOWARD,2023-09-19,2023,9,19,Fall,15,39.2,-76.9,365.0,268.0,93.0,1.0,3.0,0.0,0.0,188.0,59.0,38.0,0.0,64.0,0.0,301.0,0.0
Columbia,MD,HOWARD,2023-10-26,2023,10,26,Fall,1,39.2,-76.8,365.0,268.0,93.0,1.0,3.0,0.0,0.0,188.0,59.0,38.0,0.0,64.0,0.0,301.0,0.0
Columbia,MO,BOONE,2023-08-27,2023,8,27,Summer,22,39.0,-92.4,244.0,195.0,44.0,5.0,0.0,0.0,0.0,143.0,67.0,42.0,0.0,0.0,244.0,0.0,0.0
Columbia,MO,BOONE,2023-10-09,2023,10,9,Fall,22,39.0,-92.1,244.0,195.0,44.0,5.0,0.0,0.0,0.0,143.0,67.0,42.0,0.0,0.0,244.0,0.0,0.0
Columbia,MS,MARION,2023-08-30,2023,8,30,Summer,1,31.3,-89.8,,,,,,,,,,,,,,,
Columbia,PA,LANCASTER,2023-07-27,2023,7,27,Summer,3,40.0,-76.5,365.0,108.0,243.0,9.0,3.0,1.0,1.0,321.0,85.0,58.0,0.0,0.0,61.0,304.0,0.0
Columbia,SC,LEXINGTON,2023-10-04,2023,10,4,Fall,3,34.0,-81.0,149.0,96.0,53.0,0.0,0.0,0.0,0.0,77.0,58.0,41.0,0.0,0.0,0.0,140.0,9.0
Columbia,SC,RICHLAND,2023-10-04,2023,10,4,Fall,50,34.0,-81.0,365.0,207.0,154.0,4.0,0.0,0.0,0.0,123.0,64.0,47.0,0.0,1.0,127.0,237.0,0.0
Columbus,IN,BARTHOLOMEW,2023-09-17,2023,9,17,Fall,1,39.2,-85.9,361.0,234.0,119.0,7.0,0.0,1.0,0.0,215.0,64.0,46.0,0.0,0.0,204.0,157.0,0.0
Columbus,OH,DELAWARE,2023-06-19,2023,6,19,Summer,1,40.0,-83.0,245.0,211.0,33.0,1.0,0.0,0.0,0.0,108.0,54.0,41.0,0.0,0.0,245.0,0.0,0.0
Columbus,OH,DELAWARE,2023-07-29,2023,7,29,Summer,1,39.9,-83.0,245.0,211.0,33.0,1.0,0.0,0.0,0.0,108.0,54.0,41.0,0.0,0.0,245.0,0.0,0.0
Columbus,OH,DELAWARE,2023-07-30,2023,7,30,Summer,1,39.9,-83.0,245.0,211.0,33.0,1.0,0.0,0.0,0.0,108.0,54.0,41.0,0.0,0.0,245.0,0.0,0.0
Columbus,OH,DELAWARE,2023-08-02,2023,8,2,Summer,2,40.0,-83.0,245.0,211.0,33.0,1.0,0.0,0.0,0.0,108.0,54.0,41.0,0.0,0.0,245.0,0.0,0.0
Columbus,OH,DELAWARE,2023-08-11,2023,8,11,Summer,1,40.1,-83.1,245.0,211.0,33.0,1.0,0.0,0.0,0.0,108.0,54.0,41.0,0.0,0.0,245.0,0.0,0.0
Columbus,OH,DELAWARE,2023-08-13,2023,8,13,Summer,2,39.9,-83.0,245.0,211.0,33.0,1.0,0.0,0.0,0.0,108.0,54.0,41.0,0.0,0.0,245.0,0.0,0.0
Columbus,OH,DELAWARE,2023-08-16,2023,8,16,Summer,1,40.0,-83.0,245.0,211.0,33.0,1.0,0.0,0.0,0.0,108.0,54.0,41.0,0.0,0.0,245.0,0.0,0.0
Columbus,OH,DELAWARE,2023-08-18,2023,8,18,Summer,2,39.9,-83.0,245.0,211.0,33.0,1.0,0.0,0.0,0.0,108.0,54.0,41.0,0.0,0.0,245.0,0.0,0.0
Columbus,OH,DELAWARE,2023-08-22,2023,8,22,Summer,3,40.1,-83.1,245.0,211.0,33.0,1.0,0.0,0.0,0.0,108.0,54.0,41.0,0.0,0.0,245.0,0.0,0.0
Columbus,OH,DELAWARE,2023-08-23,2023,8,23,Summer,1,40.0,-83.0,245.0,211.0,33.0,1.0,0.0,0.0,0.0,108.0,54.0,41.0,0.0,0.0,245.0,0.0,0.0
Columbus,OH,DELAWARE,2023-08-27,2023,8,27,Summer,7,40.0,-83.0,245.0,211.0,33.0,1.0,0.0,0.0,0.0,108.0,54.0,41.0,0.0,0.0,245.0,0.0,0.0
Columbus,OH,DELAWARE,2023-08-31,2023,8,31,Summer,1,39.9,-83.1,245.0,211.0,33.0,1.0,0.0,0.0,0.0,108.0,54.0,41.0,0.0,0.0,245.0,0.0,0.0
Columbus,OH,DELAWARE,2023-10-04,2023,10,4,Fall,1,40.0,-83.1,245.0,211.0,33.0,1.0,0.0,0.0,0.0,108.0,54.0,41.0,0.0,0.0,245.0,0.0,0.0
Columbus,OH,DELAWARE,2023-10-24,2023,10,24,Fall,2,40.0,-83.0,245.0,211.0,33.0,1.0,0.0,0.0,0.0,108.0,54.0,41.0,0.0,0.0,245.0,0.0,0.0
Columbus,OH,FRANKLIN,2023-06-19,2023,6,19,Summer,27,40.0,-83.0,365.0,136.0,218.0,7.0,3.0,1.0,0.0,210.0,77.0,54.0,0.0,0.0,91.0,265.0,9.0
Columbus,OH,FRANKLIN,2023-07-29,2023,7,29,Summer,27,39.9,-83.0,365.0,136.0,218.0,7.0,3.0,1.0,0.0,210.0,77.0,54.0,0.0,0.0,91.0,265.0,9.0
Columbus,OH,FRANKLIN,2023-07-30,2023,7,30,Summer,27,39.9,-83.0,365.0,136.0,218.0,7.0,3.0,1.0,0.0,210.0,77.0,54.0,0.0,0.0,91.0,265.0,9.0
Columbus,OH,FRANKLIN,2023-08-02,2023,8,2,Summer,54,40.0,-83.0,365.0,136.0,218.0,7.0,3.0,1.0,0.0,210.0,77.0,54.0,0.0,0.0,91.0,265.0,9.0
Columbus,OH,FRANKLIN,2023-08-11,2023,8,11,Summer,27,40.1,-83.1,365.0,136.0,218.0,7.0,3.0,1.0,0.0,210.0,77.0,54.0,0.0,0.0,91.0,265.0,9.0
Columbus,OH,FRANKLIN,2023-08-13,2023,8,13,Summer,54,39.9,-83.0,365.0,136.0,218.0,7.0,3.0,1.0,0.0,210.0,77.0,54.0,0.0,0.0,91.0,265.0,9.0
Columbus,OH,FRANKLIN,2023-08-16,2023,8,16,Summer,27,40.0,-83.0,365.0,136.0,218.0,7.0,3.0,1.0,0.0,210.0,77.0,54.0,0.0,0.0,91.0,265.0,9.0
Columbus,OH,FRANKLIN,2023-08-18,2023,8,18,Summer,54,39.9,-83.0,365.0,136.0,218.0,7.0,3.0,1.0,0.0,210.0,77.0,54.0,0.0,0.0,91.0,265.0,9.0
Columbus,OH,FRANKLIN,2023-08-22,2023,8,22,Summer,81,40.1,-83.1,365.0,136.0,218.0,7.0,3.0,1.0,0.0,210.0,77.0,54.0,0.0,0.0,91.0,265.0,9.0
Columbus,OH,FRANKLIN,2023-08-23,2023,8,23,Summer,27,40.0,-83.0,365.0,136.0,218.0,7.0,3.0,1.0,0.0,210.0,77.0,54.0,0.0,0.0,91.0,265.0,9.0
Columbus,OH,FRANKLIN,2023-08-27,2023,8,27,Summer,189,40.0,-83.0,365.0,136.0,218.0,7.0,3.0,1.0,0.0,210.0,77.0,54.0,0.0,0.0,91.0,265.0,9.0
Columbus,OH,FRANKLIN,2023-08-31,2023,8,31,Summer,27,39.9,-83.1,365.0,136.0,218.0,7.0,3.0,1.0,0.0,210.0,77.0,54.0,0.0,0.0,91.0,265.0,9.0
Columbus,OH,FRANKLIN,2023-10-04,2023,10,4,Fall,27,40.0,-83.1,365.0,136.0,218.0,7.0,3.0,1.0,0.0,210.0,77.0,54.0,0.0,0.0,91.0,265.0,9.0
Columbus,OH,FRANKLIN,2023-10-24,2023,10,24,Fall,54,40.0,-83.0,365.0,136.0,218.0,7.0,3.0,1.0,0.0,210.0,77.0,54.0,0.0,0.0,91.0,265.0,9.0
Columbus,WI,COLUMBIA,2023-09-24,2023,9,24,Fall,6,43.3,-89.0,203.0,133.0,52.0,16.0,2.0,0.0,0.0,159.0,93.0,44.0,0.0,0.0,203.0,0.0,0.0
Colville,WA,STEVENS,2023-07-04,2023,7,4,Summer,1,48.5,-117.9,365.0,204.0,153.0,4.0,2.0,2.0,0.0,271.0,70.0,46.0,0.0,0.0,0.0,353.0,12.0
Commerce City,CO,ADAMS,2023-08-01,2023,8,1,Summer,6,39.9,-104.8,365.0,179.0,181.0,3.0,2.0,0.0,0.0,174.0,71.0,51.0,0.0,34.0,180.0,112.0,39.0
Concord,CA,CONTRA COSTA,2023-09-08,2023,9,8,Fall,8,38.0,-122.0,365.0,172.0,191.0,2.0,0.0,0.0,0.0,110.0,64.0,52.0,0.0,1.0,93.0,271.0,0.0
Concord,CA,CONTRA COSTA,2023-09-23,2023,9,23,Fall,4,38.0,-122.0,365.0,172.0,191.0,2.0,0.0,0.0,0.0,110.0,64.0,52.0,0.0,1.0,93.0,271.0,0.0
Concord,CA,CONTRA COSTA,2023-10-01,2023,10,1,Fall,4,38.0,-122.0,365.0,172.0,191.0,2.0,0.0,0.0,0.0,110.0,64.0,52.0,0.0,1.0,93.0,271.0,0.0
Concord,CA,CONTRA COSTA,2023-10-13,2023,10,13,Fall,4,38.0,-122.0,365.0,172.0,191.0,2.0,0.0,0.0,0.0,110.0,64.0,52.0,0.0,1.0,93.0,271.0,0.0
Concord,CA,CONTRA COSTA,2023-10-14,2023,10,14,Fall,4,38.0,-122.0,365.0,172.0,191.0,2.0,0.0,0.0,0.0,110.0,64.0,52.0,0.0,1.0,93.0,271.0,0.0
Concord,NH,MERRIMACK,2023-07-29,2023,7,29,Summer,5,43.2,-71.5,213.0,197.0,16.0,0.0,0.0,0.0,0.0,100.0,48.0,39.0,0.0,0.0,213.0,0.0,0.0
Concord,NH,MERRIMACK,2023-07-31,2023,7,31,Summer,5,43.2,-71.6,213.0,197.0,16.0,0.0,0.0,0.0,0.0,100.0,48.0,39.0,0.0,0.0,213.0,0.0,0.0
Congers,NY,ROCKLAND,2023-07-30,2023,7,30,Summer,1,41.1,-73.9,363.0,288.0,66.0,6.0,3.0,0.0,0.0,197.0,58.0,38.0,0.0,0.0,222.0,141.0,0.0
Congers,NY,ROCKLAND,2023-08-01,2023,8,1,Summer,1,41.1,-73.9,363.0,288.0,66.0,6.0,3.0,0.0,0.0,197.0,58.0,38.0,0.0,0.0,222.0,141.0,0.0
Conneaut,OH,ASHTABULA,2023-10-11,2023,10,11,Fall,14,41.9,-80.7,245.0,208.0,35.0,2.0,0.0,0.0,0.0,147.0,64.0,42.0,0.0,0.0,245.0,0.0,0.0
Connellsville,PA,FAYETTE,2023-07-31,2023,7,31,Summer,4,40.0,-79.6,304.0,220.0,82.0,2.0,0.0,0.0,0.0,129.0,64.0,44.0,0.0,0.0,232.0,72.0,0.0
Connellsville,PA,FAYETTE,2023-08-06,2023,8,6,Summer,8,40.0,-79.6,304.0,220.0,82.0,2.0,0.0,0.0,0.0,129.0,64.0,44.0,0.0,0.0,232.0,72.0,0.0
Connellsville,PA,FAYETTE,2023-08-22,2023,8,22,Summer,24,40.0,-79.6,304.0,220.0,82.0,2.0,0.0,0.0,0.0,129.0,64.0,44.0,0.0,0.0,232.0,72.0,0.0
Connellsville,PA,FAYETTE,2023-09-13,2023,9,13,Fall,4,40.0,-79.6,304.0,220.0,82.0,2.0,0.0,0.0,0.0,129.0,64.0,44.0,0.0,0.0,232.0,72.0,0.0
Connellsville,PA,FAYETTE,2023-10-05,2023,10,5,Fall,4,40.0,-79.6,304.0,220.0,82.0,2.0,0.0,0.0,0.0,129.0,64.0,44.0,0.0,0.0,232.0,72.0,0.0
Connersville,IN,FAYETTE,2023-08-05,2023,8,5,Summer,10,39.6,-85.1,,,,,,,,,,,,,,,
Connersville,IN,FAYETTE,2023-09-10,2023,9,10,Fall,40,39.6,-85.2,,,,,,,,,,,,,,,
Conroe,TX,MONTGOMERY,2023-10-13,2023,10,13,Fall,14,30.3,-95.5,364.0,151.0,204.0,9.0,0.0,0.0,0.0,122.0,75.0,53.0,0.0,0.0,148.0,216.0,0.0
Conroe,TX,MONTGOMERY,2023-11-06,2023,11,6,Fall,42,30.1,-95.4,364.0,151.0,204.0,9.0,0.0,0.0,0.0,122.0,75.0,53.0,0.0,0.0,148.0,216.0,0.0
Conshohocken,PA,MONTGOMERY,2023-08-16,2023,8,16,Summer,12,40.1,-75.3,365.0,232.0,127.0,1.0,3.0,2.0,0.0,284.0,67.0,44.0,0.0,0.0,144.0,221.0,0.0
Conway,NH,CARROLL,2023-09-06,2023,9,6,Fall,6,44.0,-71.0,,,,,,,,,,,,,,,
Conway,NH,CARROLL,2023-09-09,2023,9,9,Fall,24,44.0,-71.0,,,,,,,,,,,,,,,
Conway,SC,HORRY,2023-10-26,2023,10,26,Fall,2,33.9,-79.0,332.0,238.0,94.0,0.0,0.0,0.0,0.0,100.0,62.0,43.0,0.0,0.0,143.0,189.0,0.0
Conyers,GA,ROCKDALE,2023-08-06,2023,8,6,Summer,1,33.6,-84.0,242.0,207.0,31.0,4.0,0.0,0.0,0.0,136.0,61.0,40.0,0.0,0.0,242.0,0.0,0.0
Conyers,GA,ROCKDALE,2023-08-09,2023,8,9,Summer,1,33.6,-84.0,242.0,207.0,31.0,4.0,0.0,0.0,0.0,136.0,61.0,40.0,0.0,0.0,242.0,0.0,0.0
Conyers,GA,ROCKDALE,2023-08-10,2023,8,10,Summer,1,33.6,-84.0,242.0,207.0,31.0,4.0,0.0,0.0,0.0,136.0,61.0,40.0,0.0,0.0,242.0,0.0,0.0
Conyers,GA,ROCKDALE,2023-08-25,2023,8,25,Summer,1,33.6,-84.0,242.0,207.0,31.0,4.0,0.0,0.0,0.0,136.0,61.0,40.0,0.0,0.0,242.0,0.0,0.0
Conyers,GA,ROCKDALE,2023-08-31,2023,8,31,Summer,3,33.6,-84.0,242.0,207.0,31.0,4.0,0.0,0.0,0.0,136.0,61.0,40.0,0.0,0.0,242.0,0.0,0.0
Conyers,GA,ROCKDALE,2023-09-03,2023,9,3,Fall,1,33.6,-84.0,242.0,207.0,31.0,4.0,0.0,0.0,0.0,136.0,61.0,40.0,0.0,0.0,242.0,0.0,0.0
Conyers,GA,ROCKDALE,2023-09-09,2023,9,9,Fall,1,33.6,-84.0,242.0,207.0,31.0,4.0,0.0,0.0,0.0,136.0,61.0,40.0,0.0,0.0,242.0,0.0,0.0
Conyers,GA,ROCKDALE,2023-10-05,2023,10,5,Fall,2,33.7,-84.0,242.0,207.0,31.0,4.0,0.0,0.0,0.0,136.0,61.0,40.0,0.0,0.0,242.0,0.0,0.0
Conyers,GA,ROCKDALE,2023-10-14,2023,10,14,Fall,1,33.6,-84.0,242.0,207.0,31.0,4.0,0.0,0.0,0.0,136.0,61.0,40.0,0.0,0.0,242.0,0.0,0.0
Conyers,GA,ROCKDALE,2023-10-19,2023,10,19,Fall,2,33.7,-84.0,242.0,207.0,31.0,4.0,0.0,0.0,0.0,136.0,61.0,40.0,0.0,0.0,242.0,0.0,0.0
Coopersburg,PA,LEHIGH,2023-07-05,2023,7,5,Summer,2,40.5,-75.3,363.0,230.0,126.0,2.0,4.0,0.0,1.0,337.0,67.0,43.0,0.0,0.0,134.0,229.0,0.0
Coopersburg,PA,LEHIGH,2023-08-15,2023,8,15,Summer,1,40.5,-75.4,363.0,230.0,126.0,2.0,4.0,0.0,1.0,337.0,67.0,43.0,0.0,0.0,134.0,229.0,0.0
Coopersburg,PA,LEHIGH,2023-08-16,2023,8,16,Summer,1,40.4,-75.5,363.0,230.0,126.0,2.0,4.0,0.0,1.0,337.0,67.0,43.0,0.0,0.0,134.0,229.0,0.0
Coopersburg,PA,LEHIGH,2023-08-26,2023,8,26,Summer,1,40.5,-75.4,363.0,230.0,126.0,2.0,4.0,0.0,1.0,337.0,67.0,43.0,0.0,0.0,134.0,229.0,0.0
Coopersburg,PA,LEHIGH,2023-09-16,2023,9,16,Fall,1,40.5,-75.4,363.0,230.0,126.0,2.0,4.0,0.0,1.0,337.0,67.0,43.0,0.0,0.0,134.0,229.0,0.0
Copake,NY,COLUMBIA,2023-10-26,2023,10,26,Fall,1,42.1,-73.5,,,,,,,,,,,,,,,
Copan,OK,WASHINGTON,2023-09-26,2023,9,26,Fall,35,36.9,-96.0,,,,,,,,,,,,,,,
Copenhagen,NY,LEWIS,2023-08-09,2023,8,9,Summer,5,43.9,-75.7,,,,,,,,,,,,,,,
Copper Harbor,MI,KEWEENAW,2023-06-03,2023,6,3,Summer,2,47.5,-87.9,119.0,105.0,12.0,2.0,0.0,0.0,0.0,141.0,52.0,16.0,0.0,0.0,0.0,119.0,0.0
Copperhill,TN,POLK,2023-09-07,2023,9,7,Fall,2,35.0,-84.4,,,,,,,,,,,,,,,
Coral Gables,FL,MIAMI-DADE,2023-06-04,2023,6,4,Summer,60,25.7,-80.3,365.0,207.0,155.0,0.0,3.0,0.0,0.0,170.0,63.0,48.0,0.0,17.0,76.0,272.0,0.0
Coral Gables,FL,MIAMI-DADE,2023-06-05,2023,6,5,Summer,2,25.7,-80.3,365.0,207.0,155.0,0.0,3.0,0.0,0.0,170.0,63.0,48.0,0.0,17.0,76.0,272.0,0.0
Coral Gables,FL,MIAMI-DADE,2023-08-06,2023,8,6,Summer,2,25.8,-80.3,365.0,207.0,155.0,0.0,3.0,0.0,0.0,170.0,63.0,48.0,0.0,17.0,76.0,272.0,0.0
Coral Gables,FL,MIAMI-DADE,2023-11-20,2023,11,20,Fall,10,25.7,-80.3,365.0,207.0,155.0,0.0,3.0,0.0,0.0,170.0,63.0,48.0,0.0,17.0,76.0,272.0,0.0
Coral Gables,FL,MIAMI-DADE,2023-11-28,2023,11,28,Fall,2,25.8,-80.3,365.0,207.0,155.0,0.0,3.0,0.0,0.0,170.0,63.0,48.0,0.0,17.0,76.0,272.0,0.0
Coralville,IA,JOHNSON,2023-07-26,2023,7,26,Summer,3,41.6,-91.6,365.0,143.0,216.0,2.0,3.0,1.0,0.0,210.0,68.0,53.0,0.0,0.0,0.0,365.0,0.0
Corfu,NY,GENESEE,2023-10-23,2023,10,23,Fall,2,43.0,-78.3,,,,,,,,,,,,,,,
Cornville,AZ,YAVAPAI,2023-08-03,2023,8,3,Summer,10,34.7,-111.9,364.0,298.0,66.0,0.0,0.0,0.0,0.0,87.0,61.0,43.0,0.0,0.0,357.0,7.0,0.0
Corpus Christi,TX,NUECES,2023-01-09,2023,1,9,Winter,5,27.8,-97.4,365.0,196.0,167.0,2.0,0.0,0.0,0.0,101.0,71.0,48.0,0.0,0.0,134.0,231.0,0.0
Corpus Christi,TX,NUECES,2023-01-16,2023,1,16,Winter,5,27.7,-97.4,365.0,196.0,167.0,2.0,0.0,0.0,0.0,101.0,71.0,48.0,0.0,0.0,134.0,231.0,0.0
Corpus Christi,TX,NUECES,2023-02-24,2023,2,24,Winter,5,27.8,-97.4,365.0,196.0,167.0,2.0,0.0,0.0,0.0,101.0,71.0,48.0,0.0,0.0,134.0,231.0,0.0
Corpus Christi,TX,NUECES,2023-09-09,2023,9,9,Fall,5,27.8,-97.4,365.0,196.0,167.0,2.0,0.0,0.0,0.0,101.0,71.0,48.0,0.0,0.0,134.0,231.0,0.0
Corpus Christi,TX,NUECES,2023-09-26,2023,9,26,Fall,5,27.7,-97.4,365.0,196.0,167.0,2.0,0.0,0.0,0.0,101.0,71.0,48.0,0.0,0.0,134.0,231.0,0.0
Corpus Christi,TX,NUECES,2023-10-12,2023,10,12,Fall,5,27.8,-97.4,365.0,196.0,167.0,2.0,0.0,0.0,0.0,101.0,71.0,48.0,0.0,0.0,134.0,231.0,0.0
Corpus Christi,TX,NUECES,2023-12-09,2023,12,9,Winter,5,27.7,-97.4,365.0,196.0,167.0,2.0,0.0,0.0,0.0,101.0,71.0,48.0,0.0,0.0,134.0,231.0,0.0
Corpus Christi,TX,NUECES,2023-12-12,2023,12,12,Winter,5,27.7,-97.4,365.0,196.0,167.0,2.0,0.0,0.0,0.0,101.0,71.0,48.0,0.0,0.0,134.0,231.0,0.0
Corpus Christi,TX,NUECES,2023-12-15,2023,12,15,Winter,5,27.7,-97.4,365.0,196.0,167.0,2.0,0.0,0.0,0.0,101.0,71.0,48.0,0.0,0.0,134.0,231.0,0.0
Corpus Christi,TX,NUECES,2023-12-18,2023,12,18,Winter,10,27.8,-97.4,365.0,196.0,167.0,2.0,0.0,0.0,0.0,101.0,71.0,48.0,0.0,0.0,134.0,231.0,0.0
Corpus Christi,TX,NUECES,2023-12-20,2023,12,20,Winter,5,27.7,-97.4,365.0,196.0,167.0,2.0,0.0,0.0,0.0,101.0,71.0,48.0,0.0,0.0,134.0,231.0,0.0
Corpus Christi,TX,NUECES,2023-12-22,2023,12,22,Winter,5,27.7,-97.4,365.0,196.0,167.0,2.0,0.0,0.0,0.0,101.0,71.0,48.0,0.0,0.0,134.0,231.0,0.0
Corpus Christi,TX,NUECES,2023-12-24,2023,12,24,Winter,10,27.7,-97.4,365.0,196.0,167.0,2.0,0.0,0.0,0.0,101.0,71.0,48.0,0.0,0.0,134.0,231.0,0.0
Corry,PA,ERIE,2023-08-03,2023,8,3,Summer,2,41.9,-79.6,365.0,240.0,116.0,6.0,3.0,0.0,0.0,180.0,64.0,42.0,1.0,3.0,148.0,212.0,1.0
Corry,PA,ERIE,2023-09-13,2023,9,13,Fall,2,41.9,-79.6,365.0,240.0,116.0,6.0,3.0,0.0,0.0,180.0,64.0,42.0,1.0,3.0,148.0,212.0,1.0
Corry,PA,ERIE,2023-09-20,2023,9,20,Fall,6,41.9,-79.6,365.0,240.0,116.0,6.0,3.0,0.0,0.0,180.0,64.0,42.0,1.0,3.0,148.0,212.0,1.0
Corry,PA,ERIE,2023-10-03,2023,10,3,Fall,4,41.9,-79.6,365.0,240.0,116.0,6.0,3.0,0.0,0.0,180.0,64.0,42.0,1.0,3.0,148.0,212.0,1.0
Cortland,IL,DEKALB,2023-07-29,2023,7,29,Summer,3,41.9,-88.7,,,,,,,,,,,,,,,
Cortland,IL,DEKALB,2023-08-03,2023,8,3,Summer,1,41.9,-88.7,,,,,,,,,,,,,,,
Cortland,IL,DEKALB,2023-08-04,2023,8,4,Summer,1,41.9,-88.7,,,,,,,,,,,,,,,
Cortland,IL,DEKALB,2023-08-21,2023,8,21,Summer,5,41.9,-88.7,,,,,,,,,,,,,,,
Costa Mesa,CA,ORANGE,2023-08-29,2023,8,29,Summer,6,33.6,-117.9,365.0,160.0,195.0,9.0,1.0,0.0,0.0,166.0,77.0,52.0,0.0,14.0,142.0,204.0,5.0
Costa Mesa,CA,ORANGE,2023-09-18,2023,9,18,Fall,1,33.6,-117.9,365.0,160.0,195.0,9.0,1.0,0.0,0.0,166.0,77.0,52.0,0.0,14.0,142.0,204.0,5.0
Cotati,CA,SONOMA,2023-09-04,2023,9,4,Fall,1,38.3,-122.7,365.0,323.0,40.0,2.0,0.0,0.0,0.0,117.0,51.0,33.0,1.0,0.0,237.0,126.0,1.0
Cottontown,TN,SUMNER,2023-06-22,2023,6,22,Summer,2,36.5,-86.5,353.0,242.0,104.0,7.0,0.0,0.0,0.0,133.0,64.0,45.0,0.0,0.0,160.0,193.0,0.0
Cottontown,TN,SUMNER,2023-08-23,2023,8,23,Summer,2,36.5,-86.5,353.0,242.0,104.0,7.0,0.0,0.0,0.0,133.0,64.0,45.0,0.0,0.0,160.0,193.0,0.0
Cottonwood,AZ,YAVAPAI,2023-10-12,2023,10,12,Fall,1,34.7,-112.1,364.0,298.0,66.0,0.0,0.0,0.0,0.0,87.0,61.0,43.0,0.0,0.0,357.0,7.0,0.0
Council Bluffs,IA,POTTAWATTAMIE,2023-07-28,2023,7,28,Summer,4,41.2,-95.8,122.0,64.0,57.0,0.0,1.0,0.0,0.0,151.0,65.0,49.0,0.0,0.0,0.0,121.0,1.0
Council Bluffs,IA,POTTAWATTAMIE,2023-07-31,2023,7,31,Summer,4,41.2,-95.8,122.0,64.0,57.0,0.0,1.0,0.0,0.0,151.0,65.0,49.0,0.0,0.0,0.0,121.0,1.0
Council Bluffs,IA,POTTAWATTAMIE,2023-08-27,2023,8,27,Summer,12,41.2,-95.8,122.0,64.0,57.0,0.0,1.0,0.0,0.0,151.0,65.0,49.0,0.0,0.0,0.0,121.0,1.0
Council Bluffs,IA,POTTAWATTAMIE,2023-08-30,2023,8,30,Summer,20,41.2,-95.8,122.0,64.0,57.0,0.0,1.0,0.0,0.0,151.0,65.0,49.0,0.0,0.0,0.0,121.0,1.0
Council Bluffs,IA,POTTAWATTAMIE,2023-09-01,2023,9,1,Fall,12,41.2,-95.8,122.0,64.0,57.0,0.0,1.0,0.0,0.0,151.0,65.0,49.0,0.0,0.0,0.0,121.0,1.0
Council Bluffs,IA,POTTAWATTAMIE,2023-09-07,2023,9,7,Fall,16,41.2,-95.8,122.0,64.0,57.0,0.0,1.0,0.0,0.0,151.0,65.0,49.0,0.0,0.0,0.0,121.0,1.0
Council Bluffs,IA,POTTAWATTAMIE,2023-09-08,2023,9,8,Fall,12,41.3,-95.8,122.0,64.0,57.0,0.0,1.0,0.0,0.0,151.0,65.0,49.0,0.0,0.0,0.0,121.0,1.0
Council Bluffs,IA,POTTAWATTAMIE,2023-09-20,2023,9,20,Fall,12,41.2,-95.8,122.0,64.0,57.0,0.0,1.0,0.0,0.0,151.0,65.0,49.0,0.0,0.0,0.0,121.0,1.0
Council Bluffs,IA,POTTAWATTAMIE,2023-09-21,2023,9,21,Fall,12,41.2,-95.8,122.0,64.0,57.0,0.0,1.0,0.0,0.0,151.0,65.0,49.0,0.0,0.0,0.0,121.0,1.0
Council Bluffs,IA,POTTAWATTAMIE,2023-09-30,2023,9,30,Fall,4,41.2,-95.9,122.0,64.0,57.0,0.0,1.0,0.0,0.0,151.0,65.0,49.0,0.0,0.0,0.0,121.0,1.0
Council Bluffs,IA,POTTAWATTAMIE,2023-10-01,2023,10,1,Fall,4,41.2,-95.9,122.0,64.0,57.0,0.0,1.0,0.0,0.0,151.0,65.0,49.0,0.0,0.0,0.0,121.0,1.0
Covert,MI,VAN BUREN,2023-07-14,2023,7,14,Summer,4,42.3,-86.3,,,,,,,,,,,,,,,
Covina,CA,LOS ANGELES,2023-04-19,2023,4,19,Spring,2,34.1,-117.9,365.0,41.0,237.0,52.0,32.0,3.0,0.0,210.0,147.0,67.0,0.0,5.0,150.0,203.0,7.0
Covington,GA,NEWTON,2023-07-29,2023,7,29,Summer,3,33.6,-83.9,,,,,,,,,,,,,,,
Covington,GA,NEWTON,2023-10-07,2023,10,7,Fall,18,33.6,-83.9,,,,,,,,,,,,,,,
Covington,LA,SAINT TAMMANY,2023-03-28,2023,3,28,Spring,5,30.5,-90.2,365.0,248.0,116.0,1.0,0.0,0.0,0.0,105.0,61.0,42.0,0.0,0.0,199.0,166.0,0.0
Covington,LA,SAINT TAMMANY,2023-04-02,2023,4,2,Spring,5,30.5,-90.2,365.0,248.0,116.0,1.0,0.0,0.0,0.0,105.0,61.0,42.0,0.0,0.0,199.0,166.0,0.0
Covington,LA,SAINT TAMMANY,2023-05-14,2023,5,14,Spring,5,30.5,-90.2,365.0,248.0,116.0,1.0,0.0,0.0,0.0,105.0,61.0,42.0,0.0,0.0,199.0,166.0,0.0
Covington,LA,SAINT TAMMANY,2023-07-09,2023,7,9,Summer,5,30.5,-90.1,365.0,248.0,116.0,1.0,0.0,0.0,0.0,105.0,61.0,42.0,0.0,0.0,199.0,166.0,0.0
Covington,LA,SAINT TAMMANY,2023-07-26,2023,7,26,Summer,5,30.5,-90.2,365.0,248.0,116.0,1.0,0.0,0.0,0.0,105.0,61.0,42.0,0.0,0.0,199.0,166.0,0.0
Covington,LA,SAINT TAMMANY,2023-10-15,2023,10,15,Fall,10,30.5,-90.1,365.0,248.0,116.0,1.0,0.0,0.0,0.0,105.0,61.0,42.0,0.0,0.0,199.0,166.0,0.0
Crawfordville,FL,WAKULLA,2023-04-01,2023,4,1,Spring,3,30.3,-84.2,365.0,272.0,93.0,0.0,0.0,0.0,0.0,80.0,58.0,39.0,3.0,0.0,125.0,237.0,0.0
Crawfordville,FL,WAKULLA,2023-09-21,2023,9,21,Fall,3,30.2,-84.3,365.0,272.0,93.0,0.0,0.0,0.0,0.0,80.0,58.0,39.0,3.0,0.0,125.0,237.0,0.0
Crawfordville,FL,WAKULLA,2023-11-03,2023,11,3,Fall,48,30.1,-84.3,365.0,272.0,93.0,0.0,0.0,0.0,0.0,80.0,58.0,39.0,3.0,0.0,125.0,237.0,0.0
Crawfordville,FL,WAKULLA,2023-11-06,2023,11,6,Fall,51,30.1,-84.3,365.0,272.0,93.0,0.0,0.0,0.0,0.0,80.0,58.0,39.0,3.0,0.0,125.0,237.0,0.0
Crawfordville,FL,WAKULLA,2023-11-07,2023,11,7,Fall,24,30.1,-84.4,365.0,272.0,93.0,0.0,0.0,0.0,0.0,80.0,58.0,39.0,3.0,0.0,125.0,237.0,0.0
Crawfordville,FL,WAKULLA,2023-12-13,2023,12,13,Winter,6,30.2,-84.4,365.0,272.0,93.0,0.0,0.0,0.0,0.0,80.0,58.0,39.0,3.0,0.0,125.0,237.0,0.0
Creighton,MO,HENRY,2023-08-03,2023,8,3,Summer,1,38.5,-94.1,,,,,,,,,,,,,,,
Creighton,NE,KNOX,2023-07-30,2023,7,30,Summer,2,42.5,-97.9,341.0,271.0,56.0,13.0,1.0,0.0,0.0,151.0,80.0,41.0,0.0,0.0,341.0,0.0,0.0
Cresson,PA,CAMBRIA,2023-08-04,2023,8,4,Summer,2,40.5,-78.6,363.0,213.0,147.0,0.0,2.0,1.0,0.0,201.0,67.0,46.0,1.0,2.0,108.0,252.0,0.0
Cresson,PA,CAMBRIA,2023-08-28,2023,8,28,Summer,2,40.5,-78.6,363.0,213.0,147.0,0.0,2.0,1.0,0.0,201.0,67.0,46.0,1.0,2.0,108.0,252.0,0.0
Creston,OH,WAYNE,2023-08-01,2023,8,1,Summer,1,41.0,-81.9,,,,,,,,,,,,,,,
Crestview,FL,OKALOOSA,2023-10-06,2023,10,6,Fall,1,30.8,-86.5,241.0,218.0,23.0,0.0,0.0,0.0,0.0,84.0,50.0,37.0,0.0,0.0,234.0,0.0,7.0
Crofton,MD,ANNE ARUNDEL,2023-08-03,2023,8,3,Summer,1,39.0,-76.7,263.0,225.0,36.0,2.0,0.0,0.0,0.0,150.0,58.0,40.0,0.0,0.0,244.0,0.0,19.0
Crofton,MD,ANNE ARUNDEL,2023-08-04,2023,8,4,Summer,1,39.0,-76.7,263.0,225.0,36.0,2.0,0.0,0.0,0.0,150.0,58.0,40.0,0.0,0.0,244.0,0.0,19.0
Crosby,MN,CROW WING,2023-07-28,2023,7,28,Summer,2,46.5,-94.0,365.0,244.0,112.0,8.0,1.0,0.0,0.0,165.0,77.0,43.0,0.0,0.0,132.0,233.0,0.0
Crosslake,MN,CROW WING,2023-05-30,2023,5,30,Spring,8,46.7,-94.1,365.0,244.0,112.0,8.0,1.0,0.0,0.0,165.0,77.0,43.0,0.0,0.0,132.0,233.0,0.0
Crosslake,MN,CROW WING,2023-06-04,2023,6,4,Summer,4,46.7,-94.2,365.0,244.0,112.0,8.0,1.0,0.0,0.0,165.0,77.0,43.0,0.0,0.0,132.0,233.0,0.0
Crossville,TN,CUMBERLAND,2023-07-17,2023,7,17,Summer,7,36.0,-84.9,,,,,,,,,,,,,,,
Crossville,TN,CUMBERLAND,2023-08-05,2023,8,5,Summer,7,36.0,-84.9,,,,,,,,,,,,,,,
Crossville,TN,CUMBERLAND,2023-08-17,2023,8,17,Summer,7,36.0,-84.9,,,,,,,,,,,,,,,
Crossville,TN,CUMBERLAND,2023-09-02,2023,9,2,Fall,7,36.0,-84.9,,,,,,,,,,,,,,,
Crown Point,IN,LAKE,2023-07-07,2023,7,7,Summer,3,41.4,-87.4,365.0,125.0,222.0,16.0,1.0,1.0,0.0,215.0,80.0,55.0,0.0,0.0,69.0,294.0,2.0
Crown Point,IN,LAKE,2023-08-07,2023,8,7,Summer,6,41.4,-87.4,365.0,125.0,222.0,16.0,1.0,1.0,0.0,215.0,80.0,55.0,0.0,0.0,69.0,294.0,2.0
Crown Point,IN,LAKE,2023-09-15,2023,9,15,Fall,9,41.5,-87.2,365.0,125.0,222.0,16.0,1.0,1.0,0.0,215.0,80.0,55.0,0.0,0.0,69.0,294.0,2.0
Crystal Lake,IL,MCHENRY,2023-05-22,2023,5,22,Spring,7,42.2,-88.4,365.0,191.0,153.0,16.0,4.0,1.0,0.0,230.0,82.0,49.0,0.0,0.0,118.0,247.0,0.0
Crystal Lake,IL,MCHENRY,2023-07-28,2023,7,28,Summer,14,42.2,-88.4,365.0,191.0,153.0,16.0,4.0,1.0,0.0,230.0,82.0,49.0,0.0,0.0,118.0,247.0,0.0
Crystal Lake,IL,MCHENRY,2023-08-02,2023,8,2,Summer,28,42.2,-88.3,365.0,191.0,153.0,16.0,4.0,1.0,0.0,230.0,82.0,49.0,0.0,0.0,118.0,247.0,0.0
Crystal Lake,IL,MCHENRY,2023-08-03,2023,8,3,Summer,7,42.2,-88.4,365.0,191.0,153.0,16.0,4.0,1.0,0.0,230.0,82.0,49.0,0.0,0.0,118.0,247.0,0.0
Crystal Lake,IL,MCHENRY,2023-08-04,2023,8,4,Summer,21,42.2,-88.4,365.0,191.0,153.0,16.0,4.0,1.0,0.0,230.0,82.0,49.0,0.0,0.0,118.0,247.0,0.0
Crystal Lake,IL,MCHENRY,2023-09-24,2023,9,24,Fall,14,42.2,-88.4,365.0,191.0,153.0,16.0,4.0,1.0,0.0,230.0,82.0,49.0,0.0,0.0,118.0,247.0,0.0
Crystal Lake,IL,MCHENRY,2023-09-25,2023,9,25,Fall,14,42.2,-88.4,365.0,191.0,153.0,16.0,4.0,1.0,0.0,230.0,82.0,49.0,0.0,0.0,118.0,247.0,0.0
Crystal Lake,IL,MCHENRY,2023-09-26,2023,9,26,Fall,7,42.2,-88.3,365.0,191.0,153.0,16.0,4.0,1.0,0.0,230.0,82.0,49.0,0.0,0.0,118.0,247.0,0.0
Crystal Lake,IL,MCHENRY,2023-09-30,2023,9,30,Fall,14,42.2,-88.4,365.0,191.0,153.0,16.0,4.0,1.0,0.0,230.0,82.0,49.0,0.0,0.0,118.0,247.0,0.0
Crystal Lake,IL,MCHENRY,2023-10-04,2023,10,4,Fall,14,42.2,-88.4,365.0,191.0,153.0,16.0,4.0,1.0,0.0,230.0,82.0,49.0,0.0,0.0,118.0,247.0,0.0
Crystal Lake,IL,MCHENRY,2023-10-05,2023,10,5,Fall,7,42.2,-88.4,365.0,191.0,153.0,16.0,4.0,1.0,0.0,230.0,82.0,49.0,0.0,0.0,118.0,247.0,0.0
Cullowhee,NC,JACKSON,2023-10-04,2023,10,4,Fall,40,35.2,-83.2,,,,,,,,,,,,,,,
Cumming,GA,FORSYTH,2023-09-04,2023,9,4,Fall,1,34.3,-84.3,,,,,,,,,,,,,,,
Cumming,GA,FORSYTH,2023-10-09,2023,10,9,Fall,5,34.1,-84.1,,,,,,,,,,,,,,,
Curtice,OH,OTTAWA,2023-08-05,2023,8,5,Summer,6,41.6,-83.3,,,,,,,,,,,,,,,
Cuyahoga Falls,OH,SUMMIT,2023-09-02,2023,9,2,Fall,18,41.2,-81.6,348.0,209.0,131.0,5.0,2.0,1.0,0.0,230.0,74.0,46.0,0.0,0.0,150.0,198.0,0.0
Cypress,TX,HARRIS,2023-03-11,2023,3,11,Spring,4,30.0,-95.7,365.0,44.0,273.0,38.0,9.0,1.0,0.0,205.0,121.0,64.0,0.0,1.0,102.0,239.0,23.0
Cypress,TX,HARRIS,2023-12-01,2023,12,1,Winter,1,30.0,-95.7,365.0,44.0,273.0,38.0,9.0,1.0,0.0,205.0,121.0,64.0,0.0,1.0,102.0,239.0,23.0
Dagsboro,DE,SUSSEX,2023-10-26,2023,10,26,Fall,2,38.6,-75.2,365.0,215.0,144.0,3.0,2.0,1.0,0.0,203.0,68.0,47.0,0.0,0.0,140.0,225.0,0.0
Dagsboro,DE,SUSSEX,2023-10-28,2023,10,28,Fall,2,38.6,-75.2,365.0,215.0,144.0,3.0,2.0,1.0,0.0,203.0,68.0,47.0,0.0,0.0,140.0,225.0,0.0
Dakota,MN,WINONA,2023-07-28,2023,7,28,Summer,6,43.9,-91.4,119.0,95.0,22.0,1.0,1.0,0.0,0.0,169.0,58.0,28.0,0.0,0.0,0.0,119.0,0.0
Dakota,MN,WINONA,2023-08-03,2023,8,3,Summer,6,43.9,-91.4,119.0,95.0,22.0,1.0,1.0,0.0,0.0,169.0,58.0,28.0,0.0,0.0,0.0,119.0,0.0
Dakota,MN,WINONA,2023-08-30,2023,8,30,Summer,3,43.9,-91.4,119.0,95.0,22.0,1.0,1.0,0.0,0.0,169.0,58.0,28.0,0.0,0.0,0.0,119.0,0.0
Dakota,MN,WINONA,2023-09-07,2023,9,7,Fall,3,43.9,-91.4,119.0,95.0,22.0,1.0,1.0,0.0,0.0,169.0,58.0,28.0,0.0,0.0,0.0,119.0,0.0
Dakota,MN,WINONA,2023-09-27,2023,9,27,Fall,3,43.9,-91.4,119.0,95.0,22.0,1.0,1.0,0.0,0.0,169.0,58.0,28.0,0.0,0.0,0.0,119.0,0.0
Dakota,MN,WINONA,2023-10-03,2023,10,3,Fall,3,43.9,-91.4,119.0,95.0,22.0,1.0,1.0,0.0,0.0,169.0,58.0,28.0,0.0,0.0,0.0,119.0,0.0
Dallas,TX,COLLIN,2023-02-21,2023,2,21,Winter,2,32.9,-96.7,356.0,261.0,74.0,19.0,2.0,0.0,0.0,154.0,80.0,41.0,0.0,0.0,356.0,0.0,0.0
Dallas,TX,COLLIN,2023-03-15,2023,3,15,Spring,2,32.8,-96.8,356.0,261.0,74.0,19.0,2.0,0.0,0.0,154.0,80.0,41.0,0.0,0.0,356.0,0.0,0.0
Dallas,TX,COLLIN,2023-03-27,2023,3,27,Spring,4,32.8,-96.8,356.0,261.0,74.0,19.0,2.0,0.0,0.0,154.0,80.0,41.0,0.0,0.0,356.0,0.0,0.0
Dallas,TX,COLLIN,2023-04-01,2023,4,1,Spring,2,32.8,-96.8,356.0,261.0,74.0,19.0,2.0,0.0,0.0,154.0,80.0,41.0,0.0,0.0,356.0,0.0,0.0
Dallas,TX,COLLIN,2023-04-03,2023,4,3,Spring,4,32.7,-96.8,356.0,261.0,74.0,19.0,2.0,0.0,0.0,154.0,80.0,41.0,0.0,0.0,356.0,0.0,0.0
Dallas,TX,COLLIN,2023-04-10,2023,4,10,Spring,2,32.7,-96.8,356.0,261.0,74.0,19.0,2.0,0.0,0.0,154.0,80.0,41.0,0.0,0.0,356.0,0.0,0.0
Dallas,TX,COLLIN,2023-04-20,2023,4,20,Spring,2,32.9,-96.7,356.0,261.0,74.0,19.0,2.0,0.0,0.0,154.0,80.0,41.0,0.0,0.0,356.0,0.0,0.0
Dallas,TX,COLLIN,2023-04-28,2023,4,28,Spring,4,32.9,-96.7,356.0,261.0,74.0,19.0,2.0,0.0,0.0,154.0,80.0,41.0,0.0,0.0,356.0,0.0,0.0
Dallas,TX,COLLIN,2023-04-30,2023,4,30,Spring,4,32.9,-96.7,356.0,261.0,74.0,19.0,2.0,0.0,0.0,154.0,80.0,41.0,0.0,0.0,356.0,0.0,0.0
Dallas,TX,COLLIN,2023-05-01,2023,5,1,Spring,2,32.9,-96.7,356.0,261.0,74.0,19.0,2.0,0.0,0.0,154.0,80.0,41.0,0.0,0.0,356.0,0.0,0.0
Dallas,TX,COLLIN,2023-05-07,2023,5,7,Spring,2,32.9,-96.7,356.0,261.0,74.0,19.0,2.0,0.0,0.0,154.0,80.0,41.0,0.0,0.0,356.0,0.0,0.0
Dallas,TX,COLLIN,2023-05-11,2023,5,11,Spring,2,32.9,-96.7,356.0,261.0,74.0,19.0,2.0,0.0,0.0,154.0,80.0,41.0,0.0,0.0,356.0,0.0,0.0
Dallas,TX,COLLIN,2023-05-13,2023,5,13,Spring,2,32.9,-96.7,356.0,261.0,74.0,19.0,2.0,0.0,0.0,154.0,80.0,41.0,0.0,0.0,356.0,0.0,0.0
Dallas,TX,COLLIN,2023-05-17,2023,5,17,Spring,4,32.7,-96.8,356.0,261.0,74.0,19.0,2.0,0.0,0.0,154.0,80.0,41.0,0.0,0.0,356.0,0.0,0.0
Dallas,TX,COLLIN,2023-05-18,2023,5,18,Spring,10,32.9,-96.7,356.0,261.0,74.0,19.0,2.0,0.0,0.0,154.0,80.0,41.0,0.0,0.0,356.0,0.0,0.0
Dallas,TX,COLLIN,2023-05-20,2023,5,20,Spring,6,32.9,-96.7,356.0,261.0,74.0,19.0,2.0,0.0,0.0,154.0,80.0,41.0,0.0,0.0,356.0,0.0,0.0
Dallas,TX,COLLIN,2023-05-21,2023,5,21,Spring,2,32.9,-96.7,356.0,261.0,74.0,19.0,2.0,0.0,0.0,154.0,80.0,41.0,0.0,0.0,356.0,0.0,0.0
Dallas,TX,COLLIN,2023-05-22,2023,5,22,Spring,2,32.9,-96.7,356.0,261.0,74.0,19.0,2.0,0.0,0.0,154.0,80.0,41.0,0.0,0.0,356.0,0.0,0.0
Dallas,TX,COLLIN,2023-05-23,2023,5,23,Spring,4,32.9,-96.7,356.0,261.0,74.0,19.0,2.0,0.0,0.0,154.0,80.0,41.0,0.0,0.0,356.0,0.0,0.0
Dallas,TX,COLLIN,2023-05-26,2023,5,26,Spring,2,32.9,-96.7,356.0,261.0,74.0,19.0,2.0,0.0,0.0,154.0,80.0,41.0,0.0,0.0,356.0,0.0,0.0
Dallas,TX,COLLIN,2023-05-27,2023,5,27,Spring,2,32.9,-96.7,356.0,261.0,74.0,19.0,2.0,0.0,0.0,154.0,80.0,41.0,0.0,0.0,356.0,0.0,0.0
Dallas,TX,COLLIN,2023-05-29,2023,5,29,Spring,2,32.9,-96.7,356.0,261.0,74.0,19.0,2.0,0.0,0.0,154.0,80.0,41.0,0.0,0.0,356.0,0.0,0.0
Dallas,TX,COLLIN,2023-05-30,2023,5,30,Spring,2,32.9,-96.7,356.0,261.0,74.0,19.0,2.0,0.0,0.0,154.0,80.0,41.0,0.0,0.0,356.0,0.0,0.0
Dallas,TX,COLLIN,2023-06-03,2023,6,3,Summer,2,32.9,-96.7,356.0,261.0,74.0,19.0,2.0,0.0,0.0,154.0,80.0,41.0,0.0,0.0,356.0,0.0,0.0
Dallas,TX,COLLIN,2023-06-04,2023,6,4,Summer,4,32.9,-96.7,356.0,261.0,74.0,19.0,2.0,0.0,0.0,154.0,80.0,41.0,0.0,0.0,356.0,0.0,0.0
Dallas,TX,COLLIN,2023-06-10,2023,6,10,Summer,2,32.9,-96.7,356.0,261.0,74.0,19.0,2.0,0.0,0.0,154.0,80.0,41.0,0.0,0.0,356.0,0.0,0.0
Dallas,TX,COLLIN,2023-07-01,2023,7,1,Summer,2,32.8,-96.7,356.0,261.0,74.0,19.0,2.0,0.0,0.0,154.0,80.0,41.0,0.0,0.0,356.0,0.0,0.0
Dallas,TX,COLLIN,2023-09-12,2023,9,12,Fall,4,32.9,-96.8,356.0,261.0,74.0,19.0,2.0,0.0,0.0,154.0,80.0,41.0,0.0,0.0,356.0,0.0,0.0
Dallas,TX,COLLIN,2023-09-16,2023,9,16,Fall,2,32.9,-96.7,356.0,261.0,74.0,19.0,2.0,0.0,0.0,154.0,80.0,41.0,0.0,0.0,356.0,0.0,0.0
Dallas,TX,COLLIN,2023-09-18,2023,9,18,Fall,8,32.8,-96.8,356.0,261.0,74.0,19.0,2.0,0.0,0.0,154.0,80.0,41.0,0.0,0.0,356.0,0.0,0.0
Dallas,TX,COLLIN,2023-09-19,2023,9,19,Fall,6,32.9,-96.7,356.0,261.0,74.0,19.0,2.0,0.0,0.0,154.0,80.0,41.0,0.0,0.0,356.0,0.0,0.0
Dallas,TX,COLLIN,2023-09-20,2023,9,20,Fall,6,32.9,-96.7,356.0,261.0,74.0,19.0,2.0,0.0,0.0,154.0,80.0,41.0,0.0,0.0,356.0,0.0,0.0
Dallas,TX,COLLIN,2023-09-21,2023,9,21,Fall,2,32.9,-96.7,356.0,261.0,74.0,19.0,2.0,0.0,0.0,154.0,80.0,41.0,0.0,0.0,356.0,0.0,0.0
Dallas,TX,COLLIN,2023-09-22,2023,9,22,Fall,4,32.9,-96.7,356.0,261.0,74.0,19.0,2.0,0.0,0.0,154.0,80.0,41.0,0.0,0.0,356.0,0.0,0.0
Dallas,TX,COLLIN,2023-09-23,2023,9,23,Fall,2,32.8,-96.7,356.0,261.0,74.0,19.0,2.0,0.0,0.0,154.0,80.0,41.0,0.0,0.0,356.0,0.0,0.0
Dallas,TX,COLLIN,2023-09-25,2023,9,25,Fall,4,32.9,-96.7,356.0,261.0,74.0,19.0,2.0,0.0,0.0,154.0,80.0,41.0,0.0,0.0,356.0,0.0,0.0
Dallas,TX,COLLIN,2023-09-26,2023,9,26,Fall,4,32.9,-96.7,356.0,261.0,74.0,19.0,2.0,0.0,0.0,154.0,80.0,41.0,0.0,0.0,356.0,0.0,0.0
Dallas,TX,COLLIN,2023-09-27,2023,9,27,Fall,4,32.9,-96.7,356.0,261.0,74.0,19.0,2.0,0.0,0.0,154.0,80.0,41.0,0.0,0.0,356.0,0.0,0.0
Dallas,TX,COLLIN,2023-09-28,2023,9,28,Fall,2,32.9,-96.7,356.0,261.0,74.0,19.0,2.0,0.0,0.0,154.0,80.0,41.0,0.0,0.0,356.0,0.0,0.0
Dallas,TX,COLLIN,2023-09-30,2023,9,30,Fall,4,32.9,-96.7,356.0,261.0,74.0,19.0,2.0,0.0,0.0,154.0,80.0,41.0,0.0,0.0,356.0,0.0,0.0
Dallas,TX,COLLIN,2023-10-01,2023,10,1,Fall,2,32.9,-96.7,356.0,261.0,74.0,19.0,2.0,0.0,0.0,154.0,80.0,41.0,0.0,0.0,356.0,0.0,0.0
Dallas,TX,COLLIN,2023-10-03,2023,10,3,Fall,4,32.8,-96.7,356.0,261.0,74.0,19.0,2.0,0.0,0.0,154.0,80.0,41.0,0.0,0.0,356.0,0.0,0.0
Dallas,TX,COLLIN,2023-10-04,2023,10,4,Fall,4,32.9,-96.7,356.0,261.0,74.0,19.0,2.0,0.0,0.0,154.0,80.0,41.0,0.0,0.0,356.0,0.0,0.0
Dallas,TX,COLLIN,2023-10-06,2023,10,6,Fall,4,32.8,-96.7,356.0,261.0,74.0,19.0,2.0,0.0,0.0,154.0,80.0,41.0,0.0,0.0,356.0,0.0,0.0
Dallas,TX,COLLIN,2023-10-07,2023,10,7,Fall,30,32.8,-96.8,356.0,261.0,74.0,19.0,2.0,0.0,0.0,154.0,80.0,41.0,0.0,0.0,356.0,0.0,0.0
Dallas,TX,COLLIN,2023-10-08,2023,10,8,Fall,112,32.8,-96.7,356.0,261.0,74.0,19.0,2.0,0.0,0.0,154.0,80.0,41.0,0.0,0.0,356.0,0.0,0.0
Dallas,TX,COLLIN,2023-10-09,2023,10,9,Fall,90,32.8,-96.9,356.0,261.0,74.0,19.0,2.0,0.0,0.0,154.0,80.0,41.0,0.0,0.0,356.0,0.0,0.0
Dallas,TX,COLLIN,2023-10-10,2023,10,10,Fall,108,32.8,-96.8,356.0,261.0,74.0,19.0,2.0,0.0,0.0,154.0,80.0,41.0,0.0,0.0,356.0,0.0,0.0
Dallas,TX,COLLIN,2023-10-11,2023,10,11,Fall,38,32.9,-96.7,356.0,261.0,74.0,19.0,2.0,0.0,0.0,154.0,80.0,41.0,0.0,0.0,356.0,0.0,0.0
Dallas,TX,COLLIN,2023-10-12,2023,10,12,Fall,14,32.9,-96.7,356.0,261.0,74.0,19.0,2.0,0.0,0.0,154.0,80.0,41.0,0.0,0.0,356.0,0.0,0.0
Dallas,TX,COLLIN,2023-10-13,2023,10,13,Fall,46,32.9,-96.7,356.0,261.0,74.0,19.0,2.0,0.0,0.0,154.0,80.0,41.0,0.0,0.0,356.0,0.0,0.0
Dallas,TX,COLLIN,2023-10-14,2023,10,14,Fall,12,32.9,-96.7,356.0,261.0,74.0,19.0,2.0,0.0,0.0,154.0,80.0,41.0,0.0,0.0,356.0,0.0,0.0
Dallas,TX,COLLIN,2023-10-15,2023,10,15,Fall,12,32.8,-96.7,356.0,261.0,74.0,19.0,2.0,0.0,0.0,154.0,80.0,41.0,0.0,0.0,356.0,0.0,0.0
Dallas,TX,COLLIN,2023-10-16,2023,10,16,Fall,4,32.9,-96.7,356.0,261.0,74.0,19.0,2.0,0.0,0.0,154.0,80.0,41.0,0.0,0.0,356.0,0.0,0.0
Dallas,TX,COLLIN,2023-10-17,2023,10,17,Fall,20,32.9,-96.7,356.0,261.0,74.0,19.0,2.0,0.0,0.0,154.0,80.0,41.0,0.0,0.0,356.0,0.0,0.0
Dallas,TX,COLLIN,2023-10-18,2023,10,18,Fall,10,32.9,-96.7,356.0,261.0,74.0,19.0,2.0,0.0,0.0,154.0,80.0,41.0,0.0,0.0,356.0,0.0,0.0
Dallas,TX,COLLIN,2023-10-19,2023,10,19,Fall,4,32.9,-96.7,356.0,261.0,74.0,19.0,2.0,0.0,0.0,154.0,80.0,41.0,0.0,0.0,356.0,0.0,0.0
Dallas,TX,COLLIN,2023-10-20,2023,10,20,Fall,6,32.9,-96.7,356.0,261.0,74.0,19.0,2.0,0.0,0.0,154.0,80.0,41.0,0.0,0.0,356.0,0.0,0.0
Dallas,TX,COLLIN,2023-10-21,2023,10,21,Fall,24,32.9,-96.7,356.0,261.0,74.0,19.0,2.0,0.0,0.0,154.0,80.0,41.0,0.0,0.0,356.0,0.0,0.0
Dallas,TX,COLLIN,2023-10-22,2023,10,22,Fall,36,32.8,-96.7,356.0,261.0,74.0,19.0,2.0,0.0,0.0,154.0,80.0,41.0,0.0,0.0,356.0,0.0,0.0
Dallas,TX,COLLIN,2023-10-23,2023,10,23,Fall,10,32.9,-96.7,356.0,261.0,74.0,19.0,2.0,0.0,0.0,154.0,80.0,41.0,0.0,0.0,356.0,0.0,0.0
Dallas,TX,COLLIN,2023-10-24,2023,10,24,Fall,2,32.9,-96.7,356.0,261.0,74.0,19.0,2.0,0.0,0.0,154.0,80.0,41.0,0.0,0.0,356.0,0.0,0.0
Dallas,TX,COLLIN,2023-10-25,2023,10,25,Fall,12,32.9,-96.7,356.0,261.0,74.0,19.0,2.0,0.0,0.0,154.0,80.0,41.0,0.0,0.0,356.0,0.0,0.0
Dallas,TX,COLLIN,2023-10-26,2023,10,26,Fall,20,32.9,-96.8,356.0,261.0,74.0,19.0,2.0,0.0,0.0,154.0,80.0,41.0,0.0,0.0,356.0,0.0,0.0
Dallas,TX,COLLIN,2023-10-27,2023,10,27,Fall,24,32.9,-96.7,356.0,261.0,74.0,19.0,2.0,0.0,0.0,154.0,80.0,41.0,0.0,0.0,356.0,0.0,0.0
Dallas,TX,COLLIN,2023-10-28,2023,10,28,Fall,2,32.9,-96.7,356.0,261.0,74.0,19.0,2.0,0.0,0.0,154.0,80.0,41.0,0.0,0.0,356.0,0.0,0.0
Dallas,TX,COLLIN,2023-11-02,2023,11,2,Fall,6,32.8,-96.7,356.0,261.0,74.0,19.0,2.0,0.0,0.0,154.0,80.0,41.0,0.0,0.0,356.0,0.0,0.0
Dallas,TX,COLLIN,2023-11-03,2023,11,3,Fall,6,32.9,-96.7,356.0,261.0,74.0,19.0,2.0,0.0,0.0,154.0,80.0,41.0,0.0,0.0,356.0,0.0,0.0
Dallas,TX,COLLIN,2023-11-04,2023,11,4,Fall,4,32.9,-96.7,356.0,261.0,74.0,19.0,2.0,0.0,0.0,154.0,80.0,41.0,0.0,0.0,356.0,0.0,0.0
Dallas,TX,COLLIN,2023-11-05,2023,11,5,Fall,4,32.9,-96.7,356.0,261.0,74.0,19.0,2.0,0.0,0.0,154.0,80.0,41.0,0.0,0.0,356.0,0.0,0.0
Dallas,TX,COLLIN,2023-11-06,2023,11,6,Fall,2,32.9,-96.7,356.0,261.0,74.0,19.0,2.0,0.0,0.0,154.0,80.0,41.0,0.0,0.0,356.0,0.0,0.0
Dallas,TX,COLLIN,2023-11-07,2023,11,7,Fall,10,32.8,-96.7,356.0,261.0,74.0,19.0,2.0,0.0,0.0,154.0,80.0,41.0,0.0,0.0,356.0,0.0,0.0
Dallas,TX,COLLIN,2023-11-08,2023,11,8,Fall,8,32.9,-96.7,356.0,261.0,74.0,19.0,2.0,0.0,0.0,154.0,80.0,41.0,0.0,0.0,356.0,0.0,0.0
Dallas,TX,COLLIN,2023-11-11,2023,11,11,Fall,4,32.9,-96.7,356.0,261.0,74.0,19.0,2.0,0.0,0.0,154.0,80.0,41.0,0.0,0.0,356.0,0.0,0.0
Dallas,TX,COLLIN,2023-11-12,2023,11,12,Fall,8,32.9,-96.7,356.0,261.0,74.0,19.0,2.0,0.0,0.0,154.0,80.0,41.0,0.0,0.0,356.0,0.0,0.0
Dallas,TX,COLLIN,2023-11-13,2023,11,13,Fall,4,32.9,-96.7,356.0,261.0,74.0,19.0,2.0,0.0,0.0,154.0,80.0,41.0,0.0,0.0,356.0,0.0,0.0
Dallas,TX,COLLIN,2023-11-18,2023,11,18,Fall,2,32.8,-96.8,356.0,261.0,74.0,19.0,2.0,0.0,0.0,154.0,80.0,41.0,0.0,0.0,356.0,0.0,0.0
Dallas,TX,DALLAS,2023-02-21,2023,2,21,Winter,23,32.9,-96.7,365.0,122.0,216.0,26.0,1.0,0.0,0.0,172.0,84.0,55.0,0.0,5.0,124.0,233.0,3.0
Dallas,TX,DALLAS,2023-03-15,2023,3,15,Spring,23,32.8,-96.8,365.0,122.0,216.0,26.0,1.0,0.0,0.0,172.0,84.0,55.0,0.0,5.0,124.0,233.0,3.0
Dallas,TX,DALLAS,2023-03-27,2023,3,27,Spring,46,32.8,-96.8,365.0,122.0,216.0,26.0,1.0,0.0,0.0,172.0,84.0,55.0,0.0,5.0,124.0,233.0,3.0
Dallas,TX,DALLAS,2023-04-01,2023,4,1,Spring,23,32.8,-96.8,365.0,122.0,216.0,26.0,1.0,0.0,0.0,172.0,84.0,55.0,0.0,5.0,124.0,233.0,3.0
Dallas,TX,DALLAS,2023-04-03,2023,4,3,Spring,46,32.7,-96.8,365.0,122.0,216.0,26.0,1.0,0.0,0.0,172.0,84.0,55.0,0.0,5.0,124.0,233.0,3.0
Dallas,TX,DALLAS,2023-04-10,2023,4,10,Spring,23,32.7,-96.8,365.0,122.0,216.0,26.0,1.0,0.0,0.0,172.0,84.0,55.0,0.0,5.0,124.0,233.0,3.0
Dallas,TX,DALLAS,2023-04-20,2023,4,20,Spring,23,32.9,-96.7,365.0,122.0,216.0,26.0,1.0,0.0,0.0,172.0,84.0,55.0,0.0,5.0,124.0,233.0,3.0
Dallas,TX,DALLAS,2023-04-28,2023,4,28,Spring,46,32.9,-96.7,365.0,122.0,216.0,26.0,1.0,0.0,0.0,172.0,84.0,55.0,0.0,5.0,124.0,233.0,3.0
Dallas,TX,DALLAS,2023-04-30,2023,4,30,Spring,46,32.9,-96.7,365.0,122.0,216.0,26.0,1.0,0.0,0.0,172.0,84.0,55.0,0.0,5.0,124.0,233.0,3.0
Dallas,TX,DALLAS,2023-05-01,2023,5,1,Spring,23,32.9,-96.7,365.0,122.0,216.0,26.0,1.0,0.0,0.0,172.0,84.0,55.0,0.0,5.0,124.0,233.0,3.0
Dallas,TX,DALLAS,2023-05-07,2023,5,7,Spring,23,32.9,-96.7,365.0,122.0,216.0,26.0,1.0,0.0,0.0,172.0,84.0,55.0,0.0,5.0,124.0,233.0,3.0
Dallas,TX,DALLAS,2023-05-11,2023,5,11,Spring,23,32.9,-96.7,365.0,122.0,216.0,26.0,1.0,0.0,0.0,172.0,84.0,55.0,0.0,5.0,124.0,233.0,3.0
Dallas,TX,DALLAS,2023-05-13,2023,5,13,Spring,23,32.9,-96.7,365.0,122.0,216.0,26.0,1.0,0.0,0.0,172.0,84.0,55.0,0.0,5.0,124.0,233.0,3.0
Dallas,TX,DALLAS,2023-05-17,2023,5,17,Spring,46,32.7,-96.8,365.0,122.0,216.0,26.0,1.0,0.0,0.0,172.0,84.0,55.0,0.0,5.0,124.0,233.0,3.0
Dallas,TX,DALLAS,2023-05-18,2023,5,18,Spring,115,32.9,-96.7,365.0,122.0,216.0,26.0,1.0,0.0,0.0,172.0,84.0,55.0,0.0,5.0,124.0,233.0,3.0
Dallas,TX,DALLAS,2023-05-20,2023,5,20,Spring,69,32.9,-96.7,365.0,122.0,216.0,26.0,1.0,0.0,0.0,172.0,84.0,55.0,0.0,5.0,124.0,233.0,3.0
Dallas,TX,DALLAS,2023-05-21,2023,5,21,Spring,23,32.9,-96.7,365.0,122.0,216.0,26.0,1.0,0.0,0.0,172.0,84.0,55.0,0.0,5.0,124.0,233.0,3.0
Dallas,TX,DALLAS,2023-05-22,2023,5,22,Spring,23,32.9,-96.7,365.0,122.0,216.0,26.0,1.0,0.0,0.0,172.0,84.0,55.0,0.0,5.0,124.0,233.0,3.0
Dallas,TX,DALLAS,2023-05-23,2023,5,23,Spring,46,32.9,-96.7,365.0,122.0,216.0,26.0,1.0,0.0,0.0,172.0,84.0,55.0,0.0,5.0,124.0,233.0,3.0
Dallas,TX,DALLAS,2023-05-26,2023,5,26,Spring,23,32.9,-96.7,365.0,122.0,216.0,26.0,1.0,0.0,0.0,172.0,84.0,55.0,0.0,5.0,124.0,233.0,3.0
Dallas,TX,DALLAS,2023-05-27,2023,5,27,Spring,23,32.9,-96.7,365.0,122.0,216.0,26.0,1.0,0.0,0.0,172.0,84.0,55.0,0.0,5.0,124.0,233.0,3.0
Dallas,TX,DALLAS,2023-05-29,2023,5,29,Spring,23,32.9,-96.7,365.0,122.0,216.0,26.0,1.0,0.0,0.0,172.0,84.0,55.0,0.0,5.0,124.0,233.0,3.0
Dallas,TX,DALLAS,2023-05-30,2023,5,30,Spring,23,32.9,-96.7,365.0,122.0,216.0,26.0,1.0,0.0,0.0,172.0,84.0,55.0,0.0,5.0,124.0,233.0,3.0
Dallas,TX,DALLAS,2023-06-03,2023,6,3,Summer,23,32.9,-96.7,365.0,122.0,216.0,26.0,1.0,0.0,0.0,172.0,84.0,55.0,0.0,5.0,124.0,233.0,3.0
Dallas,TX,DALLAS,2023-06-04,2023,6,4,Summer,46,32.9,-96.7,365.0,122.0,216.0,26.0,1.0,0.0,0.0,172.0,84.0,55.0,0.0,5.0,124.0,233.0,3.0
Dallas,TX,DALLAS,2023-06-10,2023,6,10,Summer,23,32.9,-96.7,365.0,122.0,216.0,26.0,1.0,0.0,0.0,172.0,84.0,55.0,0.0,5.0,124.0,233.0,3.0
Dallas,TX,DALLAS,2023-07-01,2023,7,1,Summer,23,32.8,-96.7,365.0,122.0,216.0,26.0,1.0,0.0,0.0,172.0,84.0,55.0,0.0,5.0,124.0,233.0,3.0
Dallas,TX,DALLAS,2023-09-12,2023,9,12,Fall,46,32.9,-96.8,365.0,122.0,216.0,26.0,1.0,0.0,0.0,172.0,84.0,55.0,0.0,5.0,124.0,233.0,3.0
Dallas,TX,DALLAS,2023-09-16,2023,9,16,Fall,23,32.9,-96.7,365.0,122.0,216.0,26.0,1.0,0.0,0.0,172.0,84.0,55.0,0.0,5.0,124.0,233.0,3.0
Dallas,TX,DALLAS,2023-09-18,2023,9,18,Fall,92,32.8,-96.8,365.0,122.0,216.0,26.0,1.0,0.0,0.0,172.0,84.0,55.0,0.0,5.0,124.0,233.0,3.0
Dallas,TX,DALLAS,2023-09-19,2023,9,19,Fall,69,32.9,-96.7,365.0,122.0,216.0,26.0,1.0,0.0,0.0,172.0,84.0,55.0,0.0,5.0,124.0,233.0,3.0
Dallas,TX,DALLAS,2023-09-20,2023,9,20,Fall,69,32.9,-96.7,365.0,122.0,216.0,26.0,1.0,0.0,0.0,172.0,84.0,55.0,0.0,5.0,124.0,233.0,3.0
Dallas,TX,DALLAS,2023-09-21,2023,9,21,Fall,23,32.9,-96.7,365.0,122.0,216.0,26.0,1.0,0.0,0.0,172.0,84.0,55.0,0.0,5.0,124.0,233.0,3.0
Dallas,TX,DALLAS,2023-09-22,2023,9,22,Fall,46,32.9,-96.7,365.0,122.0,216.0,26.0,1.0,0.0,0.0,172.0,84.0,55.0,0.0,5.0,124.0,233.0,3.0
Dallas,TX,DALLAS,2023-09-23,2023,9,23,Fall,23,32.8,-96.7,365.0,122.0,216.0,26.0,1.0,0.0,0.0,172.0,84.0,55.0,0.0,5.0,124.0,233.0,3.0
Dallas,TX,DALLAS,2023-09-25,2023,9,25,Fall,46,32.9,-96.7,365.0,122.0,216.0,26.0,1.0,0.0,0.0,172.0,84.0,55.0,0.0,5.0,124.0,233.0,3.0
Dallas,TX,DALLAS,2023-09-26,2023,9,26,Fall,46,32.9,-96.7,365.0,122.0,216.0,26.0,1.0,0.0,0.0,172.0,84.0,55.0,0.0,5.0,124.0,233.0,3.0
Dallas,TX,DALLAS,2023-09-27,2023,9,27,Fall,46,32.9,-96.7,365.0,122.0,216.0,26.0,1.0,0.0,0.0,172.0,84.0,55.0,0.0,5.0,124.0,233.0,3.0
Dallas,TX,DALLAS,2023-09-28,2023,9,28,Fall,23,32.9,-96.7,365.0,122.0,216.0,26.0,1.0,0.0,0.0,172.0,84.0,55.0,0.0,5.0,124.0,233.0,3.0
Dallas,TX,DALLAS,2023-09-30,2023,9,30,Fall,46,32.9,-96.7,365.0,122.0,216.0,26.0,1.0,0.0,0.0,172.0,84.0,55.0,0.0,5.0,124.0,233.0,3.0
Dallas,TX,DALLAS,2023-10-01,2023,10,1,Fall,23,32.9,-96.7,365.0,122.0,216.0,26.0,1.0,0.0,0.0,172.0,84.0,55.0,0.0,5.0,124.0,233.0,3.0
Dallas,TX,DALLAS,2023-10-03,2023,10,3,Fall,46,32.8,-96.7,365.0,122.0,216.0,26.0,1.0,0.0,0.0,172.0,84.0,55.0,0.0,5.0,124.0,233.0,3.0
Dallas,TX,DALLAS,2023-10-04,2023,10,4,Fall,46,32.9,-96.7,365.0,122.0,216.0,26.0,1.0,0.0,0.0,172.0,84.0,55.0,0.0,5.0,124.0,233.0,3.0
Dallas,TX,DALLAS,2023-10-06,2023,10,6,Fall,46,32.8,-96.7,365.0,122.0,216.0,26.0,1.0,0.0,0.0,172.0,84.0,55.0,0.0,5.0,124.0,233.0,3.0
Dallas,TX,DALLAS,2023-10-07,2023,10,7,Fall,345,32.8,-96.8,365.0,122.0,216.0,26.0,1.0,0.0,0.0,172.0,84.0,55.0,0.0,5.0,124.0,233.0,3.0
Dallas,TX,DALLAS,2023-10-08,2023,10,8,Fall,1288,32.9,-96.8,365.0,122.0,216.0,26.0,1.0,0.0,0.0,172.0,84.0,55.0,0.0,5.0,124.0,233.0,3.0
Dallas,TX,DALLAS,2023-10-09,2023,10,9,Fall,1035,32.7,-96.8,365.0,122.0,216.0,26.0,1.0,0.0,0.0,172.0,84.0,55.0,0.0,5.0,124.0,233.0,3.0
Dallas,TX,DALLAS,2023-10-10,2023,10,10,Fall,1242,32.9,-96.8,365.0,122.0,216.0,26.0,1.0,0.0,0.0,172.0,84.0,55.0,0.0,5.0,124.0,233.0,3.0
Dallas,TX,DALLAS,2023-10-11,2023,10,11,Fall,437,32.8,-96.8,365.0,122.0,216.0,26.0,1.0,0.0,0.0,172.0,84.0,55.0,0.0,5.0,124.0,233.0,3.0
Dallas,TX,DALLAS,2023-10-12,2023,10,12,Fall,161,32.9,-96.7,365.0,122.0,216.0,26.0,1.0,0.0,0.0,172.0,84.0,55.0,0.0,5.0,124.0,233.0,3.0
Dallas,TX,DALLAS,2023-10-13,2023,10,13,Fall,529,32.9,-96.7,365.0,122.0,216.0,26.0,1.0,0.0,0.0,172.0,84.0,55.0,0.0,5.0,124.0,233.0,3.0
Dallas,TX,DALLAS,2023-10-14,2023,10,14,Fall,138,32.9,-96.7,365.0,122.0,216.0,26.0,1.0,0.0,0.0,172.0,84.0,55.0,0.0,5.0,124.0,233.0,3.0
Dallas,TX,DALLAS,2023-10-15,2023,10,15,Fall,138,32.8,-96.7,365.0,122.0,216.0,26.0,1.0,0.0,0.0,172.0,84.0,55.0,0.0,5.0,124.0,233.0,3.0
Dallas,TX,DALLAS,2023-10-16,2023,10,16,Fall,46,32.9,-96.7,365.0,122.0,216.0,26.0,1.0,0.0,0.0,172.0,84.0,55.0,0.0,5.0,124.0,233.0,3.0
Dallas,TX,DALLAS,2023-10-17,2023,10,17,Fall,230,32.9,-96.7,365.0,122.0,216.0,26.0,1.0,0.0,0.0,172.0,84.0,55.0,0.0,5.0,124.0,233.0,3.0
Dallas,TX,DALLAS,2023-10-18,2023,10,18,Fall,115,32.9,-96.7,365.0,122.0,216.0,26.0,1.0,0.0,0.0,172.0,84.0,55.0,0.0,5.0,124.0,233.0,3.0
Dallas,TX,DALLAS,2023-10-19,2023,10,19,Fall,46,32.9,-96.7,365.0,122.0,216.0,26.0,1.0,0.0,0.0,172.0,84.0,55.0,0.0,5.0,124.0,233.0,3.0
Dallas,TX,DALLAS,2023-10-20,2023,10,20,Fall,69,32.8,-96.7,365.0,122.0,216.0,26.0,1.0,0.0,0.0,172.0,84.0,55.0,0.0,5.0,124.0,233.0,3.0
Dallas,TX,DALLAS,2023-10-21,2023,10,21,Fall,276,32.9,-96.7,365.0,122.0,216.0,26.0,1.0,0.0,0.0,172.0,84.0,55.0,0.0,5.0,124.0,233.0,3.0
Dallas,TX,DALLAS,2023-10-22,2023,10,22,Fall,414,32.9,-96.7,365.0,122.0,216.0,26.0,1.0,0.0,0.0,172.0,84.0,55.0,0.0,5.0,124.0,233.0,3.0
Dallas,TX,DALLAS,2023-10-23,2023,10,23,Fall,115,32.9,-96.7,365.0,122.0,216.0,26.0,1.0,0.0,0.0,172.0,84.0,55.0,0.0,5.0,124.0,233.0,3.0
Dallas,TX,DALLAS,2023-10-24,2023,10,24,Fall,23,32.9,-96.7,365.0,122.0,216.0,26.0,1.0,0.0,0.0,172.0,84.0,55.0,0.0,5.0,124.0,233.0,3.0
Dallas,TX,DALLAS,2023-10-25,2023,10,25,Fall,138,32.9,-96.7,365.0,122.0,216.0,26.0,1.0,0.0,0.0,172.0,84.0,55.0,0.0,5.0,124.0,233.0,3.0
Dallas,TX,DALLAS,2023-10-26,2023,10,26,Fall,230,32.8,-96.7,365.0,122.0,216.0,26.0,1.0,0.0,0.0,172.0,84.0,55.0,0.0,5.0,124.0,233.0,3.0
Dallas,TX,DALLAS,2023-10-27,2023,10,27,Fall,276,32.9,-96.7,365.0,122.0,216.0,26.0,1.0,0.0,0.0,172.0,84.0,55.0,0.0,5.0,124.0,233.0,3.0
Dallas,TX,DALLAS,2023-10-28,2023,10,28,Fall,23,32.9,-96.7,365.0,122.0,216.0,26.0,1.0,0.0,0.0,172.0,84.0,55.0,0.0,5.0,124.0,233.0,3.0
Dallas,TX,DALLAS,2023-11-02,2023,11,2,Fall,69,32.8,-96.7,365.0,122.0,216.0,26.0,1.0,0.0,0.0,172.0,84.0,55.0,0.0,5.0,124.0,233.0,3.0
Dallas,TX,DALLAS,2023-11-03,2023,11,3,Fall,69,32.9,-96.7,365.0,122.0,216.0,26.0,1.0,0.0,0.0,172.0,84.0,55.0,0.0,5.0,124.0,233.0,3.0
Dallas,TX,DALLAS,2023-11-04,2023,11,4,Fall,46,32.9,-96.7,365.0,122.0,216.0,26.0,1.0,0.0,0.0,172.0,84.0,55.0,0.0,5.0,124.0,233.0,3.0
Dallas,TX,DALLAS,2023-11-05,2023,11,5,Fall,46,32.9,-96.7,365.0,122.0,216.0,26.0,1.0,0.0,0.0,172.0,84.0,55.0,0.0,5.0,124.0,233.0,3.0
Dallas,TX,DALLAS,2023-11-06,2023,11,6,Fall,23,32.9,-96.7,365.0,122.0,216.0,26.0,1.0,0.0,0.0,172.0,84.0,55.0,0.0,5.0,124.0,233.0,3.0
Dallas,TX,DALLAS,2023-11-07,2023,11,7,Fall,115,32.9,-96.8,365.0,122.0,216.0,26.0,1.0,0.0,0.0,172.0,84.0,55.0,0.0,5.0,124.0,233.0,3.0
Dallas,TX,DALLAS,2023-11-08,2023,11,8,Fall,92,32.9,-96.7,365.0,122.0,216.0,26.0,1.0,0.0,0.0,172.0,84.0,55.0,0.0,5.0,124.0,233.0,3.0
Dallas,TX,DALLAS,2023-11-11,2023,11,11,Fall,46,32.9,-96.7,365.0,122.0,216.0,26.0,1.0,0.0,0.0,172.0,84.0,55.0,0.0,5.0,124.0,233.0,3.0
Dallas,TX,DALLAS,2023-11-12,2023,11,12,Fall,92,32.9,-96.7,365.0,122.0,216.0,26.0,1.0,0.0,0.0,172.0,84.0,55.0,0.0,5.0,124.0,233.0,3.0
Dallas,TX,DALLAS,2023-11-13,2023,11,13,Fall,46,32.9,-96.7,365.0,122.0,216.0,26.0,1.0,0.0,0.0,172.0,84.0,55.0,0.0,5.0,124.0,233.0,3.0
Dallas,TX,DALLAS,2023-11-18,2023,11,18,Fall,23,32.8,-96.8,365.0,122.0,216.0,26.0,1.0,0.0,0.0,172.0,84.0,55.0,0.0,5.0,124.0,233.0,3.0
Damariscotta,ME,LINCOLN,2023-08-31,2023,8,31,Summer,4,44.0,-69.5,,,,,,,,,,,,,,,
Daphne,AL,BALDWIN,2023-10-14,2023,10,14,Fall,49,30.6,-87.9,347.0,236.0,111.0,0.0,0.0,0.0,0.0,90.0,60.0,43.0,0.0,0.0,108.0,239.0,0.0
Daphne,AL,BALDWIN,2023-12-11,2023,12,11,Winter,1,30.6,-87.8,347.0,236.0,111.0,0.0,0.0,0.0,0.0,90.0,60.0,43.0,0.0,0.0,108.0,239.0,0.0
Daphne,AL,BALDWIN,2023-12-12,2023,12,12,Winter,2,30.6,-87.8,347.0,236.0,111.0,0.0,0.0,0.0,0.0,90.0,60.0,43.0,0.0,0.0,108.0,239.0,0.0
Darien,CT,FAIRFIELD,2023-07-18,2023,7,18,Summer,4,41.1,-73.5,365.0,210.0,135.0,12.0,7.0,1.0,0.0,242.0,79.0,46.0,0.0,12.0,146.0,206.0,1.0
Darien,CT,FAIRFIELD,2023-07-23,2023,7,23,Summer,12,41.1,-73.5,365.0,210.0,135.0,12.0,7.0,1.0,0.0,242.0,79.0,46.0,0.0,12.0,146.0,206.0,1.0
Darien,CT,FAIRFIELD,2023-07-24,2023,7,24,Summer,4,41.1,-73.5,365.0,210.0,135.0,12.0,7.0,1.0,0.0,242.0,79.0,46.0,0.0,12.0,146.0,206.0,1.0
Darien,CT,FAIRFIELD,2023-07-28,2023,7,28,Summer,8,41.1,-73.5,365.0,210.0,135.0,12.0,7.0,1.0,0.0,242.0,79.0,46.0,0.0,12.0,146.0,206.0,1.0
Darien,CT,FAIRFIELD,2023-07-29,2023,7,29,Summer,12,41.1,-73.5,365.0,210.0,135.0,12.0,7.0,1.0,0.0,242.0,79.0,46.0,0.0,12.0,146.0,206.0,1.0
Darien,CT,FAIRFIELD,2023-07-30,2023,7,30,Summer,20,41.1,-73.5,365.0,210.0,135.0,12.0,7.0,1.0,0.0,242.0,79.0,46.0,0.0,12.0,146.0,206.0,1.0
Darien,CT,FAIRFIELD,2023-08-09,2023,8,9,Summer,4,41.1,-73.5,365.0,210.0,135.0,12.0,7.0,1.0,0.0,242.0,79.0,46.0,0.0,12.0,146.0,206.0,1.0
Darien,CT,FAIRFIELD,2023-08-11,2023,8,11,Summer,4,41.1,-73.5,365.0,210.0,135.0,12.0,7.0,1.0,0.0,242.0,79.0,46.0,0.0,12.0,146.0,206.0,1.0
Dauphin Island,AL,MOBILE,2023-03-08,2023,3,8,Spring,2,30.2,-88.1,361.0,203.0,157.0,1.0,0.0,0.0,0.0,108.0,63.0,46.0,0.0,0.0,96.0,257.0,8.0
Dauphin Island,AL,MOBILE,2023-03-10,2023,3,10,Spring,4,30.2,-88.1,361.0,203.0,157.0,1.0,0.0,0.0,0.0,108.0,63.0,46.0,0.0,0.0,96.0,257.0,8.0
Dauphin Island,AL,MOBILE,2023-03-15,2023,3,15,Spring,4,30.3,-88.1,361.0,203.0,157.0,1.0,0.0,0.0,0.0,108.0,63.0,46.0,0.0,0.0,96.0,257.0,8.0
Dauphin Island,AL,MOBILE,2023-08-31,2023,8,31,Summer,2,30.2,-88.1,361.0,203.0,157.0,1.0,0.0,0.0,0.0,108.0,63.0,46.0,0.0,0.0,96.0,257.0,8.0
Davenport,IA,SCOTT,2023-06-05,2023,6,5,Summer,1,41.6,-90.6,365.0,142.0,200.0,19.0,3.0,1.0,0.0,219.0,77.0,53.0,0.0,0.0,113.0,225.0,27.0
Davenport,IA,SCOTT,2023-09-02,2023,9,2,Fall,5,41.5,-90.6,365.0,142.0,200.0,19.0,3.0,1.0,0.0,219.0,77.0,53.0,0.0,0.0,113.0,225.0,27.0
Davidson,NC,MECKLENBURG,2023-05-31,2023,5,31,Spring,2,35.5,-80.8,365.0,174.0,185.0,6.0,0.0,0.0,0.0,150.0,71.0,51.0,0.0,2.0,149.0,214.0,0.0
Davidson,NC,MECKLENBURG,2023-08-10,2023,8,10,Summer,2,35.5,-80.8,365.0,174.0,185.0,6.0,0.0,0.0,0.0,150.0,71.0,51.0,0.0,2.0,149.0,214.0,0.0
Davidson,NC,MECKLENBURG,2023-08-20,2023,8,20,Summer,14,35.5,-80.8,365.0,174.0,185.0,6.0,0.0,0.0,0.0,150.0,71.0,51.0,0.0,2.0,149.0,214.0,0.0
Davidson,NC,MECKLENBURG,2023-09-11,2023,9,11,Fall,2,35.5,-80.8,365.0,174.0,185.0,6.0,0.0,0.0,0.0,150.0,71.0,51.0,0.0,2.0,149.0,214.0,0.0
Davidson,NC,MECKLENBURG,2023-09-16,2023,9,16,Fall,2,35.5,-80.8,365.0,174.0,185.0,6.0,0.0,0.0,0.0,150.0,71.0,51.0,0.0,2.0,149.0,214.0,0.0
Davidson,NC,MECKLENBURG,2023-09-23,2023,9,23,Fall,2,35.5,-80.8,365.0,174.0,185.0,6.0,0.0,0.0,0.0,150.0,71.0,51.0,0.0,2.0,149.0,214.0,0.0
Davidson,NC,MECKLENBURG,2023-09-24,2023,9,24,Fall,2,35.5,-80.8,365.0,174.0,185.0,6.0,0.0,0.0,0.0,150.0,71.0,51.0,0.0,2.0,149.0,214.0,0.0
Davidson,NC,MECKLENBURG,2023-09-28,2023,9,28,Fall,2,35.5,-80.8,365.0,174.0,185.0,6.0,0.0,0.0,0.0,150.0,71.0,51.0,0.0,2.0,149.0,214.0,0.0
Davidson,NC,MECKLENBURG,2023-10-07,2023,10,7,Fall,2,35.5,-80.8,365.0,174.0,185.0,6.0,0.0,0.0,0.0,150.0,71.0,51.0,0.0,2.0,149.0,214.0,0.0
Davidson,NC,MECKLENBURG,2023-10-08,2023,10,8,Fall,2,35.5,-80.8,365.0,174.0,185.0,6.0,0.0,0.0,0.0,150.0,71.0,51.0,0.0,2.0,149.0,214.0,0.0
Davidson,NC,MECKLENBURG,2023-10-13,2023,10,13,Fall,2,35.5,-80.8,365.0,174.0,185.0,6.0,0.0,0.0,0.0,150.0,71.0,51.0,0.0,2.0,149.0,214.0,0.0
Davidsonville,MD,ANNE ARUNDEL,2023-09-19,2023,9,19,Fall,1,38.9,-76.6,263.0,225.0,36.0,2.0,0.0,0.0,0.0,150.0,58.0,40.0,0.0,0.0,244.0,0.0,19.0
Davis,CA,YOLO,2023-08-18,2023,8,18,Summer,2,38.5,-121.7,365.0,246.0,117.0,2.0,0.0,0.0,0.0,108.0,65.0,43.0,0.0,0.0,225.0,140.0,0.0
Davis,WV,TUCKER,2023-07-27,2023,7,27,Summer,2,39.1,-79.4,363.0,331.0,32.0,0.0,0.0,0.0,0.0,91.0,49.0,36.0,0.0,0.0,348.0,15.0,0.0
Davis,WV,TUCKER,2023-08-01,2023,8,1,Summer,2,39.1,-79.4,363.0,331.0,32.0,0.0,0.0,0.0,0.0,91.0,49.0,36.0,0.0,0.0,348.0,15.0,0.0
Davis,WV,TUCKER,2023-08-04,2023,8,4,Summer,2,39.0,-79.4,363.0,331.0,32.0,0.0,0.0,0.0,0.0,91.0,49.0,36.0,0.0,0.0,348.0,15.0,0.0
Dawsonville,GA,DAWSON,2023-09-25,2023,9,25,Fall,3,34.6,-84.2,244.0,222.0,20.0,2.0,0.0,0.0,0.0,126.0,49.0,38.0,0.0,0.0,244.0,0.0,0.0
Dawsonville,GA,DAWSON,2023-10-19,2023,10,19,Fall,5,34.5,-84.3,244.0,222.0,20.0,2.0,0.0,0.0,0.0,126.0,49.0,38.0,0.0,0.0,244.0,0.0,0.0
Dayton,OH,GREENE,2023-07-20,2023,7,20,Summer,13,39.6,-84.1,244.0,187.0,53.0,4.0,0.0,0.0,0.0,126.0,67.0,44.0,0.0,0.0,244.0,0.0,0.0
Dayton,OH,GREENE,2023-07-25,2023,7,25,Summer,13,39.6,-84.1,244.0,187.0,53.0,4.0,0.0,0.0,0.0,126.0,67.0,44.0,0.0,0.0,244.0,0.0,0.0
Dayton,OH,GREENE,2023-07-27,2023,7,27,Summer,13,39.6,-84.1,244.0,187.0,53.0,4.0,0.0,0.0,0.0,126.0,67.0,44.0,0.0,0.0,244.0,0.0,0.0
Dayton,OH,GREENE,2023-07-28,2023,7,28,Summer,26,39.6,-84.2,244.0,187.0,53.0,4.0,0.0,0.0,0.0,126.0,67.0,44.0,0.0,0.0,244.0,0.0,0.0
Dayton,OH,GREENE,2023-07-29,2023,7,29,Summer,26,39.8,-84.1,244.0,187.0,53.0,4.0,0.0,0.0,0.0,126.0,67.0,44.0,0.0,0.0,244.0,0.0,0.0
Dayton,OH,GREENE,2023-07-30,2023,7,30,Summer,26,39.8,-84.1,244.0,187.0,53.0,4.0,0.0,0.0,0.0,126.0,67.0,44.0,0.0,0.0,244.0,0.0,0.0
Dayton,OH,GREENE,2023-07-31,2023,7,31,Summer,52,39.8,-84.1,244.0,187.0,53.0,4.0,0.0,0.0,0.0,126.0,67.0,44.0,0.0,0.0,244.0,0.0,0.0
Dayton,OH,GREENE,2023-08-01,2023,8,1,Summer,39,39.8,-84.1,244.0,187.0,53.0,4.0,0.0,0.0,0.0,126.0,67.0,44.0,0.0,0.0,244.0,0.0,0.0
Dayton,OH,GREENE,2023-08-02,2023,8,2,Summer,13,39.8,-84.1,244.0,187.0,53.0,4.0,0.0,0.0,0.0,126.0,67.0,44.0,0.0,0.0,244.0,0.0,0.0
Dayton,OH,GREENE,2023-08-03,2023,8,3,Summer,13,39.8,-84.1,244.0,187.0,53.0,4.0,0.0,0.0,0.0,126.0,67.0,44.0,0.0,0.0,244.0,0.0,0.0
Dayton,OH,GREENE,2023-08-13,2023,8,13,Summer,13,39.7,-84.3,244.0,187.0,53.0,4.0,0.0,0.0,0.0,126.0,67.0,44.0,0.0,0.0,244.0,0.0,0.0
Dayton,OH,GREENE,2023-08-17,2023,8,17,Summer,13,39.6,-84.1,244.0,187.0,53.0,4.0,0.0,0.0,0.0,126.0,67.0,44.0,0.0,0.0,244.0,0.0,0.0
Dayton,OH,GREENE,2023-08-18,2023,8,18,Summer,26,39.6,-84.2,244.0,187.0,53.0,4.0,0.0,0.0,0.0,126.0,67.0,44.0,0.0,0.0,244.0,0.0,0.0
Dayton,OH,GREENE,2023-08-20,2023,8,20,Summer,13,39.7,-84.2,244.0,187.0,53.0,4.0,0.0,0.0,0.0,126.0,67.0,44.0,0.0,0.0,244.0,0.0,0.0
Dayton,OH,GREENE,2023-08-22,2023,8,22,Summer,13,39.6,-84.1,244.0,187.0,53.0,4.0,0.0,0.0,0.0,126.0,67.0,44.0,0.0,0.0,244.0,0.0,0.0
Dayton,OH,GREENE,2023-08-28,2023,8,28,Summer,13,39.7,-84.1,244.0,187.0,53.0,4.0,0.0,0.0,0.0,126.0,67.0,44.0,0.0,0.0,244.0,0.0,0.0
Dayton,OH,GREENE,2023-08-29,2023,8,29,Summer,78,39.6,-84.1,244.0,187.0,53.0,4.0,0.0,0.0,0.0,126.0,67.0,44.0,0.0,0.0,244.0,0.0,0.0
Dayton,OH,GREENE,2023-09-07,2023,9,7,Fall,52,39.6,-84.1,244.0,187.0,53.0,4.0,0.0,0.0,0.0,126.0,67.0,44.0,0.0,0.0,244.0,0.0,0.0
Dayton,OH,GREENE,2023-09-16,2023,9,16,Fall,13,39.6,-84.1,244.0,187.0,53.0,4.0,0.0,0.0,0.0,126.0,67.0,44.0,0.0,0.0,244.0,0.0,0.0
Dayton,OH,GREENE,2023-10-08,2023,10,8,Fall,13,39.6,-84.1,244.0,187.0,53.0,4.0,0.0,0.0,0.0,126.0,67.0,44.0,0.0,0.0,244.0,0.0,0.0
Dayton,OH,GREENE,2023-10-11,2023,10,11,Fall,13,39.6,-84.1,244.0,187.0,53.0,4.0,0.0,0.0,0.0,126.0,67.0,44.0,0.0,0.0,244.0,0.0,0.0
Dayton,OH,MONTGOMERY,2023-07-20,2023,7,20,Summer,31,39.6,-84.1,363.0,181.0,171.0,8.0,3.0,0.0,0.0,196.0,71.0,51.0,0.0,0.0,116.0,246.0,1.0
Dayton,OH,MONTGOMERY,2023-07-25,2023,7,25,Summer,31,39.6,-84.1,363.0,181.0,171.0,8.0,3.0,0.0,0.0,196.0,71.0,51.0,0.0,0.0,116.0,246.0,1.0
Dayton,OH,MONTGOMERY,2023-07-27,2023,7,27,Summer,31,39.6,-84.1,363.0,181.0,171.0,8.0,3.0,0.0,0.0,196.0,71.0,51.0,0.0,0.0,116.0,246.0,1.0
Dayton,OH,MONTGOMERY,2023-07-28,2023,7,28,Summer,62,39.6,-84.2,363.0,181.0,171.0,8.0,3.0,0.0,0.0,196.0,71.0,51.0,0.0,0.0,116.0,246.0,1.0
Dayton,OH,MONTGOMERY,2023-07-29,2023,7,29,Summer,62,39.6,-84.1,363.0,181.0,171.0,8.0,3.0,0.0,0.0,196.0,71.0,51.0,0.0,0.0,116.0,246.0,1.0
Dayton,OH,MONTGOMERY,2023-07-30,2023,7,30,Summer,62,39.8,-84.1,363.0,181.0,171.0,8.0,3.0,0.0,0.0,196.0,71.0,51.0,0.0,0.0,116.0,246.0,1.0
Dayton,OH,MONTGOMERY,2023-07-31,2023,7,31,Summer,124,39.8,-84.1,363.0,181.0,171.0,8.0,3.0,0.0,0.0,196.0,71.0,51.0,0.0,0.0,116.0,246.0,1.0
Dayton,OH,MONTGOMERY,2023-08-01,2023,8,1,Summer,93,39.8,-84.1,363.0,181.0,171.0,8.0,3.0,0.0,0.0,196.0,71.0,51.0,0.0,0.0,116.0,246.0,1.0
Dayton,OH,MONTGOMERY,2023-08-02,2023,8,2,Summer,31,39.8,-84.1,363.0,181.0,171.0,8.0,3.0,0.0,0.0,196.0,71.0,51.0,0.0,0.0,116.0,246.0,1.0
Dayton,OH,MONTGOMERY,2023-08-03,2023,8,3,Summer,31,39.8,-84.1,363.0,181.0,171.0,8.0,3.0,0.0,0.0,196.0,71.0,51.0,0.0,0.0,116.0,246.0,1.0
Dayton,OH,MONTGOMERY,2023-08-13,2023,8,13,Summer,31,39.7,-84.3,363.0,181.0,171.0,8.0,3.0,0.0,0.0,196.0,71.0,51.0,0.0,0.0,116.0,246.0,1.0
Dayton,OH,MONTGOMERY,2023-08-17,2023,8,17,Summer,31,39.6,-84.1,363.0,181.0,171.0,8.0,3.0,0.0,0.0,196.0,71.0,51.0,0.0,0.0,116.0,246.0,1.0
Dayton,OH,MONTGOMERY,2023-08-18,2023,8,18,Summer,62,39.6,-84.2,363.0,181.0,171.0,8.0,3.0,0.0,0.0,196.0,71.0,51.0,0.0,0.0,116.0,246.0,1.0
Dayton,OH,MONTGOMERY,2023-08-20,2023,8,20,Summer,31,39.7,-84.2,363.0,181.0,171.0,8.0,3.0,0.0,0.0,196.0,71.0,51.0,0.0,0.0,116.0,246.0,1.0
Dayton,OH,MONTGOMERY,2023-08-22,2023,8,22,Summer,31,39.6,-84.1,363.0,181.0,171.0,8.0,3.0,0.0,0.0,196.0,71.0,51.0,0.0,0.0,116.0,246.0,1.0
Dayton,OH,MONTGOMERY,2023-08-28,2023,8,28,Summer,31,39.7,-84.1,363.0,181.0,171.0,8.0,3.0,0.0,0.0,196.0,71.0,51.0,0.0,0.0,116.0,246.0,1.0
Dayton,OH,MONTGOMERY,2023-08-29,2023,8,29,Summer,186,39.6,-84.1,363.0,181.0,171.0,8.0,3.0,0.0,0.0,196.0,71.0,51.0,0.0,0.0,116.0,246.0,1.0
Dayton,OH,MONTGOMERY,2023-09-07,2023,9,7,Fall,124,39.6,-84.1,363.0,181.0,171.0,8.0,3.0,0.0,0.0,196.0,71.0,51.0,0.0,0.0,116.0,246.0,1.0
Dayton,OH,MONTGOMERY,2023-09-16,2023,9,16,Fall,31,39.6,-84.1,363.0,181.0,171.0,8.0,3.0,0.0,0.0,196.0,71.0,51.0,0.0,0.0,116.0,246.0,1.0
Dayton,OH,MONTGOMERY,2023-10-08,2023,10,8,Fall,31,39.6,-84.1,363.0,181.0,171.0,8.0,3.0,0.0,0.0,196.0,71.0,51.0,0.0,0.0,116.0,246.0,1.0
Dayton,OH,MONTGOMERY,2023-10-11,2023,10,11,Fall,31,39.6,-84.1,363.0,181.0,171.0,8.0,3.0,0.0,0.0,196.0,71.0,51.0,0.0,0.0,116.0,246.0,1.0
De Kalb,TX,BOWIE,2023-09-16,2023,9,16,Fall,24,33.5,-94.6,321.0,130.0,190.0,1.0,0.0,0.0,0.0,107.0,65.0,53.0,0.0,0.0,0.0,321.0,0.0
De Soto,KS,JOHNSON,2023-08-02,2023,8,2,Summer,1,38.9,-95.0,365.0,189.0,166.0,7.0,3.0,0.0,0.0,165.0,70.0,49.0,0.0,0.0,148.0,210.0,7.0
DeBary,FL,VOLUSIA,2023-02-27,2023,2,27,Winter,1,28.9,-81.3,365.0,262.0,102.0,1.0,0.0,0.0,0.0,118.0,58.0,44.0,0.0,0.0,149.0,216.0,0.0
DeBary,FL,VOLUSIA,2023-10-16,2023,10,16,Fall,1,28.9,-81.3,365.0,262.0,102.0,1.0,0.0,0.0,0.0,118.0,58.0,44.0,0.0,0.0,149.0,216.0,0.0
DeBary,FL,VOLUSIA,2023-11-29,2023,11,29,Fall,1,28.9,-81.3,365.0,262.0,102.0,1.0,0.0,0.0,0.0,118.0,58.0,44.0,0.0,0.0,149.0,216.0,0.0
DeKalb,IL,DEKALB,2023-08-06,2023,8,6,Summer,12,41.8,-88.7,,,,,,,,,,,,,,,
DeSoto,TX,DALLAS,2023-03-25,2023,3,25,Spring,4,32.6,-96.9,365.0,122.0,216.0,26.0,1.0,0.0,0.0,172.0,84.0,55.0,0.0,5.0,124.0,233.0,3.0
Dearborn,MI,WAYNE,2023-08-03,2023,8,3,Summer,4,42.3,-83.2,365.0,70.0,272.0,19.0,3.0,1.0,0.0,226.0,89.0,61.0,0.0,2.0,33.0,329.0,1.0
Dearborn,MI,WAYNE,2023-08-26,2023,8,26,Summer,2,42.3,-83.3,365.0,70.0,272.0,19.0,3.0,1.0,0.0,226.0,89.0,61.0,0.0,2.0,33.0,329.0,1.0
Dearborn,MI,WAYNE,2023-08-31,2023,8,31,Summer,1,42.3,-83.2,365.0,70.0,272.0,19.0,3.0,1.0,0.0,226.0,89.0,61.0,0.0,2.0,33.0,329.0,1.0
Dearborn,MI,WAYNE,2023-09-10,2023,9,10,Fall,5,42.3,-83.2,365.0,70.0,272.0,19.0,3.0,1.0,0.0,226.0,89.0,61.0,0.0,2.0,33.0,329.0,1.0
Dearborn,MI,WAYNE,2023-09-11,2023,9,11,Fall,1,42.3,-83.2,365.0,70.0,272.0,19.0,3.0,1.0,0.0,226.0,89.0,61.0,0.0,2.0,33.0,329.0,1.0
Dearborn,MI,WAYNE,2023-09-16,2023,9,16,Fall,2,42.3,-83.3,365.0,70.0,272.0,19.0,3.0,1.0,0.0,226.0,89.0,61.0,0.0,2.0,33.0,329.0,1.0
Dearborn,MI,WAYNE,2023-10-02,2023,10,2,Fall,2,42.3,-83.2,365.0,70.0,272.0,19.0,3.0,1.0,0.0,226.0,89.0,61.0,0.0,2.0,33.0,329.0,1.0
Dearborn,MI,WAYNE,2023-10-04,2023,10,4,Fall,1,42.3,-83.2,365.0,70.0,272.0,19.0,3.0,1.0,0.0,226.0,89.0,61.0,0.0,2.0,33.0,329.0,1.0
Decatur,AL,MORGAN,2023-05-17,2023,5,17,Spring,28,34.6,-87.0,364.0,259.0,103.0,2.0,0.0,0.0,0.0,140.0,61.0,43.0,0.0,0.0,157.0,207.0,0.0
Decatur,AL,MORGAN,2023-10-18,2023,10,18,Fall,2,34.6,-87.0,364.0,259.0,103.0,2.0,0.0,0.0,0.0,140.0,61.0,43.0,0.0,0.0,157.0,207.0,0.0
Decatur,GA,DEKALB,2023-08-31,2023,8,31,Summer,6,33.8,-84.3,365.0,140.0,218.0,7.0,0.0,0.0,0.0,136.0,70.0,53.0,0.0,20.0,63.0,282.0,0.0
Decatur,GA,DEKALB,2023-09-02,2023,9,2,Fall,6,33.8,-84.3,365.0,140.0,218.0,7.0,0.0,0.0,0.0,136.0,70.0,53.0,0.0,20.0,63.0,282.0,0.0
Decatur,GA,DEKALB,2023-09-08,2023,9,8,Fall,6,33.8,-84.3,365.0,140.0,218.0,7.0,0.0,0.0,0.0,136.0,70.0,53.0,0.0,20.0,63.0,282.0,0.0
Decatur,GA,DEKALB,2023-10-04,2023,10,4,Fall,6,33.8,-84.3,365.0,140.0,218.0,7.0,0.0,0.0,0.0,136.0,70.0,53.0,0.0,20.0,63.0,282.0,0.0
Decatur,GA,DEKALB,2023-10-07,2023,10,7,Fall,12,33.8,-84.3,365.0,140.0,218.0,7.0,0.0,0.0,0.0,136.0,70.0,53.0,0.0,20.0,63.0,282.0,0.0
Decatur,GA,DEKALB,2023-10-23,2023,10,23,Fall,18,33.8,-84.3,365.0,140.0,218.0,7.0,0.0,0.0,0.0,136.0,70.0,53.0,0.0,20.0,63.0,282.0,0.0
Decatur,IL,MACON,2023-08-01,2023,8,1,Summer,6,39.9,-89.0,365.0,171.0,178.0,14.0,1.0,1.0,0.0,287.0,76.0,51.0,0.0,0.0,117.0,248.0,0.0
Decatur,MI,VAN BUREN,2023-07-29,2023,7,29,Summer,1,42.1,-86.0,,,,,,,,,,,,,,,
Deep River,CT,MIDDLESEX,2023-07-28,2023,7,28,Summer,1,41.4,-72.4,209.0,170.0,35.0,4.0,0.0,0.0,0.0,140.0,64.0,43.0,0.0,0.0,209.0,0.0,0.0
Deep River,CT,MIDDLESEX,2023-07-31,2023,7,31,Summer,1,41.4,-72.4,209.0,170.0,35.0,4.0,0.0,0.0,0.0,140.0,64.0,43.0,0.0,0.0,209.0,0.0,0.0
Deep River,CT,MIDDLESEX,2023-08-01,2023,8,1,Summer,1,41.4,-72.4,209.0,170.0,35.0,4.0,0.0,0.0,0.0,140.0,64.0,43.0,0.0,0.0,209.0,0.0,0.0
Deer Isle,ME,HANCOCK,2023-09-01,2023,9,1,Fall,2,44.2,-68.6,365.0,314.0,51.0,0.0,0.0,0.0,0.0,93.0,54.0,38.0,0.0,0.0,321.0,44.0,0.0
Deerfield,MA,FRANKLIN,2023-08-31,2023,8,31,Summer,15,42.5,-72.6,365.0,246.0,113.0,5.0,1.0,0.0,0.0,154.0,61.0,43.0,0.0,0.0,139.0,226.0,0.0
Deerfield,MA,FRANKLIN,2023-09-02,2023,9,2,Fall,6,42.5,-72.6,365.0,246.0,113.0,5.0,1.0,0.0,0.0,154.0,61.0,43.0,0.0,0.0,139.0,226.0,0.0
Deerfield,WI,DANE,2023-07-17,2023,7,17,Summer,3,44.1,-89.4,365.0,184.0,157.0,20.0,1.0,3.0,0.0,268.0,80.0,50.0,0.0,0.0,105.0,260.0,0.0
Defiance,MO,SAINT CHARLES,2023-08-27,2023,8,27,Summer,2,38.6,-90.8,245.0,156.0,74.0,15.0,0.0,0.0,0.0,147.0,87.0,45.0,0.0,0.0,245.0,0.0,0.0
Delano,TN,POLK,2023-05-18,2023,5,18,Spring,1,35.3,-84.6,,,,,,,,,,,,,,,
Delano,TN,POLK,2023-08-29,2023,8,29,Summer,1,35.3,-84.6,,,,,,,,,,,,,,,
Delaware,OH,DELAWARE,2023-08-14,2023,8,14,Summer,3,40.3,-83.1,245.0,211.0,33.0,1.0,0.0,0.0,0.0,108.0,54.0,41.0,0.0,0.0,245.0,0.0,0.0
Delphos,OH,ALLEN,2023-10-21,2023,10,21,Fall,1,40.9,-84.3,365.0,252.0,105.0,5.0,3.0,0.0,0.0,194.0,67.0,44.0,0.0,0.0,171.0,194.0,0.0
Delray Beach,FL,PALM BEACH,2023-11-21,2023,11,21,Fall,4,26.5,-80.2,365.0,260.0,104.0,1.0,0.0,0.0,0.0,122.0,58.0,43.0,0.0,0.0,123.0,242.0,0.0
Denham Springs,LA,LIVINGSTON,2023-08-30,2023,8,30,Summer,4,30.5,-91.0,364.0,134.0,225.0,5.0,0.0,0.0,0.0,133.0,70.0,54.0,0.0,0.0,106.0,258.0,0.0
Denton,TX,DENTON,2023-09-29,2023,9,29,Fall,3,33.2,-97.1,365.0,200.0,133.0,27.0,5.0,0.0,0.0,177.0,93.0,49.0,0.0,2.0,247.0,116.0,0.0
Denton,TX,DENTON,2023-10-13,2023,10,13,Fall,9,33.2,-97.1,365.0,200.0,133.0,27.0,5.0,0.0,0.0,177.0,93.0,49.0,0.0,2.0,247.0,116.0,0.0
Denton,TX,DENTON,2023-11-20,2023,11,20,Fall,6,33.2,-97.1,365.0,200.0,133.0,27.0,5.0,0.0,0.0,177.0,93.0,49.0,0.0,2.0,247.0,116.0,0.0
Denver,CO,ADAMS,2023-07-08,2023,7,8,Summer,8,39.7,-105.0,365.0,179.0,181.0,3.0,2.0,0.0,0.0,174.0,71.0,51.0,0.0,34.0,180.0,112.0,39.0
Denver,CO,ADAMS,2023-07-27,2023,7,27,Summer,32,39.7,-105.0,365.0,179.0,181.0,3.0,2.0,0.0,0.0,174.0,71.0,51.0,0.0,34.0,180.0,112.0,39.0
Denver,CO,ADAMS,2023-08-01,2023,8,1,Summer,8,39.7,-105.0,365.0,179.0,181.0,3.0,2.0,0.0,0.0,174.0,71.0,51.0,0.0,34.0,180.0,112.0,39.0
Denver,CO,ADAMS,2023-08-02,2023,8,2,Summer,8,39.7,-105.0,365.0,179.0,181.0,3.0,2.0,0.0,0.0,174.0,71.0,51.0,0.0,34.0,180.0,112.0,39.0
Denver,CO,ADAMS,2023-08-03,2023,8,3,Summer,8,39.7,-105.0,365.0,179.0,181.0,3.0,2.0,0.0,0.0,174.0,71.0,51.0,0.0,34.0,180.0,112.0,39.0
Denver,CO,ADAMS,2023-08-04,2023,8,4,Summer,8,39.7,-104.9,365.0,179.0,181.0,3.0,2.0,0.0,0.0,174.0,71.0,51.0,0.0,34.0,180.0,112.0,39.0
Denver,CO,ADAMS,2023-08-07,2023,8,7,Summer,16,39.6,-104.9,365.0,179.0,181.0,3.0,2.0,0.0,0.0,174.0,71.0,51.0,0.0,34.0,180.0,112.0,39.0
Denver,CO,ADAMS,2023-08-15,2023,8,15,Summer,8,39.7,-105.0,365.0,179.0,181.0,3.0,2.0,0.0,0.0,174.0,71.0,51.0,0.0,34.0,180.0,112.0,39.0
Denver,CO,ADAMS,2023-08-26,2023,8,26,Summer,16,39.7,-105.0,365.0,179.0,181.0,3.0,2.0,0.0,0.0,174.0,71.0,51.0,0.0,34.0,180.0,112.0,39.0
Denver,CO,ADAMS,2023-09-05,2023,9,5,Fall,8,39.7,-104.9,365.0,179.0,181.0,3.0,2.0,0.0,0.0,174.0,71.0,51.0,0.0,34.0,180.0,112.0,39.0
Denver,CO,ADAMS,2023-09-24,2023,9,24,Fall,8,39.7,-105.0,365.0,179.0,181.0,3.0,2.0,0.0,0.0,174.0,71.0,51.0,0.0,34.0,180.0,112.0,39.0
Denver,CO,ADAMS,2023-10-02,2023,10,2,Fall,8,39.7,-105.0,365.0,179.0,181.0,3.0,2.0,0.0,0.0,174.0,71.0,51.0,0.0,34.0,180.0,112.0,39.0
Denver,CO,ARAPAHOE,2023-07-08,2023,7,8,Summer,2,39.7,-105.0,365.0,239.0,118.0,8.0,0.0,0.0,0.0,136.0,74.0,47.0,0.0,0.0,351.0,14.0,0.0
Denver,CO,ARAPAHOE,2023-07-27,2023,7,27,Summer,8,39.7,-104.9,365.0,239.0,118.0,8.0,0.0,0.0,0.0,136.0,74.0,47.0,0.0,0.0,351.0,14.0,0.0
Denver,CO,ARAPAHOE,2023-08-01,2023,8,1,Summer,2,39.7,-105.0,365.0,239.0,118.0,8.0,0.0,0.0,0.0,136.0,74.0,47.0,0.0,0.0,351.0,14.0,0.0
Denver,CO,ARAPAHOE,2023-08-02,2023,8,2,Summer,2,39.7,-105.0,365.0,239.0,118.0,8.0,0.0,0.0,0.0,136.0,74.0,47.0,0.0,0.0,351.0,14.0,0.0
Denver,CO,ARAPAHOE,2023-08-03,2023,8,3,Summer,2,39.7,-105.0,365.0,239.0,118.0,8.0,0.0,0.0,0.0,136.0,74.0,47.0,0.0,0.0,351.0,14.0,0.0
Denver,CO,ARAPAHOE,2023-08-04,2023,8,4,Summer,2,39.7,-104.9,365.0,239.0,118.0,8.0,0.0,0.0,0.0,136.0,74.0,47.0,0.0,0.0,351.0,14.0,0.0
Denver,CO,ARAPAHOE,2023-08-07,2023,8,7,Summer,4,39.6,-104.9,365.0,239.0,118.0,8.0,0.0,0.0,0.0,136.0,74.0,47.0,0.0,0.0,351.0,14.0,0.0
Denver,CO,ARAPAHOE,2023-08-15,2023,8,15,Summer,2,39.7,-105.0,365.0,239.0,118.0,8.0,0.0,0.0,0.0,136.0,74.0,47.0,0.0,0.0,351.0,14.0,0.0
Denver,CO,ARAPAHOE,2023-08-26,2023,8,26,Summer,4,39.7,-105.0,365.0,239.0,118.0,8.0,0.0,0.0,0.0,136.0,74.0,47.0,0.0,0.0,351.0,14.0,0.0
Denver,CO,ARAPAHOE,2023-09-05,2023,9,5,Fall,2,39.7,-104.9,365.0,239.0,118.0,8.0,0.0,0.0,0.0,136.0,74.0,47.0,0.0,0.0,351.0,14.0,0.0
Denver,CO,ARAPAHOE,2023-09-24,2023,9,24,Fall,2,39.7,-105.0,365.0,239.0,118.0,8.0,0.0,0.0,0.0,136.0,74.0,47.0,0.0,0.0,351.0,14.0,0.0
Denver,CO,ARAPAHOE,2023-10-02,2023,10,2,Fall,2,39.7,-105.0,365.0,239.0,118.0,8.0,0.0,0.0,0.0,136.0,74.0,47.0,0.0,0.0,351.0,14.0,0.0
Denver,CO,DENVER,2023-07-08,2023,7,8,Summer,27,39.7,-105.0,365.0,131.0,228.0,4.0,2.0,0.0,0.0,179.0,77.0,54.0,0.0,64.0,166.0,135.0,0.0
Denver,CO,DENVER,2023-07-27,2023,7,27,Summer,108,39.7,-105.0,365.0,131.0,228.0,4.0,2.0,0.0,0.0,179.0,77.0,54.0,0.0,64.0,166.0,135.0,0.0
Denver,CO,DENVER,2023-08-01,2023,8,1,Summer,27,39.7,-105.0,365.0,131.0,228.0,4.0,2.0,0.0,0.0,179.0,77.0,54.0,0.0,64.0,166.0,135.0,0.0
Denver,CO,DENVER,2023-08-02,2023,8,2,Summer,27,39.7,-105.0,365.0,131.0,228.0,4.0,2.0,0.0,0.0,179.0,77.0,54.0,0.0,64.0,166.0,135.0,0.0
Denver,CO,DENVER,2023-08-03,2023,8,3,Summer,27,39.7,-105.0,365.0,131.0,228.0,4.0,2.0,0.0,0.0,179.0,77.0,54.0,0.0,64.0,166.0,135.0,0.0
Denver,CO,DENVER,2023-08-04,2023,8,4,Summer,27,39.7,-104.9,365.0,131.0,228.0,4.0,2.0,0.0,0.0,179.0,77.0,54.0,0.0,64.0,166.0,135.0,0.0
Denver,CO,DENVER,2023-08-07,2023,8,7,Summer,54,39.6,-104.9,365.0,131.0,228.0,4.0,2.0,0.0,0.0,179.0,77.0,54.0,0.0,64.0,166.0,135.0,0.0
Denver,CO,DENVER,2023-08-15,2023,8,15,Summer,27,39.7,-105.0,365.0,131.0,228.0,4.0,2.0,0.0,0.0,179.0,77.0,54.0,0.0,64.0,166.0,135.0,0.0
Denver,CO,DENVER,2023-08-26,2023,8,26,Summer,54,39.7,-105.0,365.0,131.0,228.0,4.0,2.0,0.0,0.0,179.0,77.0,54.0,0.0,64.0,166.0,135.0,0.0
Denver,CO,DENVER,2023-09-05,2023,9,5,Fall,27,39.7,-104.9,365.0,131.0,228.0,4.0,2.0,0.0,0.0,179.0,77.0,54.0,0.0,64.0,166.0,135.0,0.0
Denver,CO,DENVER,2023-09-24,2023,9,24,Fall,27,39.7,-105.0,365.0,131.0,228.0,4.0,2.0,0.0,0.0,179.0,77.0,54.0,0.0,64.0,166.0,135.0,0.0
Denver,CO,DENVER,2023-10-02,2023,10,2,Fall,27,39.7,-105.0,365.0,131.0,228.0,4.0,2.0,0.0,0.0,179.0,77.0,54.0,0.0,64.0,166.0,135.0,0.0
Denver,CO,JEFFERSON,2023-07-08,2023,7,8,Summer,5,39.7,-105.0,365.0,206.0,141.0,18.0,0.0,0.0,0.0,143.0,90.0,49.0,0.0,2.0,363.0,0.0,0.0
Denver,CO,JEFFERSON,2023-07-27,2023,7,27,Summer,20,39.7,-104.9,365.0,206.0,141.0,18.0,0.0,0.0,0.0,143.0,90.0,49.0,0.0,2.0,363.0,0.0,0.0
Denver,CO,JEFFERSON,2023-08-01,2023,8,1,Summer,5,39.7,-105.0,365.0,206.0,141.0,18.0,0.0,0.0,0.0,143.0,90.0,49.0,0.0,2.0,363.0,0.0,0.0
Denver,CO,JEFFERSON,2023-08-02,2023,8,2,Summer,5,39.7,-105.0,365.0,206.0,141.0,18.0,0.0,0.0,0.0,143.0,90.0,49.0,0.0,2.0,363.0,0.0,0.0
Denver,CO,JEFFERSON,2023-08-03,2023,8,3,Summer,5,39.7,-105.0,365.0,206.0,141.0,18.0,0.0,0.0,0.0,143.0,90.0,49.0,0.0,2.0,363.0,0.0,0.0
Denver,CO,JEFFERSON,2023-08-04,2023,8,4,Summer,5,39.7,-104.9,365.0,206.0,141.0,18.0,0.0,0.0,0.0,143.0,90.0,49.0,0.0,2.0,363.0,0.0,0.0
Denver,CO,JEFFERSON,2023-08-07,2023,8,7,Summer,10,39.6,-104.9,365.0,206.0,141.0,18.0,0.0,0.0,0.0,143.0,90.0,49.0,0.0,2.0,363.0,0.0,0.0
Denver,CO,JEFFERSON,2023-08-15,2023,8,15,Summer,5,39.7,-105.0,365.0,206.0,141.0,18.0,0.0,0.0,0.0,143.0,90.0,49.0,0.0,2.0,363.0,0.0,0.0
Denver,CO,JEFFERSON,2023-08-26,2023,8,26,Summer,10,39.7,-105.0,365.0,206.0,141.0,18.0,0.0,0.0,0.0,143.0,90.0,49.0,0.0,2.0,363.0,0.0,0.0
Denver,CO,JEFFERSON,2023-09-05,2023,9,5,Fall,5,39.7,-104.9,365.0,206.0,141.0,18.0,0.0,0.0,0.0,143.0,90.0,49.0,0.0,2.0,363.0,0.0,0.0
Denver,CO,JEFFERSON,2023-09-24,2023,9,24,Fall,5,39.7,-105.0,365.0,206.0,141.0,18.0,0.0,0.0,0.0,143.0,90.0,49.0,0.0,2.0,363.0,0.0,0.0
Denver,CO,JEFFERSON,2023-10-02,2023,10,2,Fall,5,39.7,-105.0,365.0,206.0,141.0,18.0,0.0,0.0,0.0,143.0,90.0,49.0,0.0,2.0,363.0,0.0,0.0
Denver,IA,BREMER,2023-10-02,2023,10,2,Fall,1,42.7,-92.3,235.0,180.0,45.0,9.0,1.0,0.0,0.0,151.0,74.0,42.0,0.0,0.0,235.0,0.0,0.0
Denver,IA,BREMER,2023-10-05,2023,10,5,Fall,1,42.7,-92.3,235.0,180.0,45.0,9.0,1.0,0.0,0.0,151.0,74.0,42.0,0.0,0.0,235.0,0.0,0.0
Denver,IA,BREMER,2023-10-08,2023,10,8,Fall,1,42.7,-92.3,235.0,180.0,45.0,9.0,1.0,0.0,0.0,151.0,74.0,42.0,0.0,0.0,235.0,0.0,0.0
Denver,NY,DELAWARE,2023-09-22,2023,9,22,Fall,4,42.2,-74.6,,,,,,,,,,,,,,,
Depauw,IN,HARRISON,2023-08-19,2023,8,19,Summer,1,38.4,-86.2,,,,,,,,,,,,,,,
Derby,KS,SEDGWICK,2023-08-21,2023,8,21,Summer,1,37.6,-97.2,365.0,207.0,153.0,4.0,1.0,0.0,0.0,157.0,67.0,48.0,0.0,6.0,219.0,138.0,2.0
Derby,KS,SEDGWICK,2023-08-27,2023,8,27,Summer,2,37.6,-97.2,365.0,207.0,153.0,4.0,1.0,0.0,0.0,157.0,67.0,48.0,0.0,6.0,219.0,138.0,2.0
Derby,KS,SEDGWICK,2023-09-03,2023,9,3,Fall,2,37.6,-97.2,365.0,207.0,153.0,4.0,1.0,0.0,0.0,157.0,67.0,48.0,0.0,6.0,219.0,138.0,2.0
Derby,KS,SEDGWICK,2023-09-24,2023,9,24,Fall,2,37.6,-97.2,365.0,207.0,153.0,4.0,1.0,0.0,0.0,157.0,67.0,48.0,0.0,6.0,219.0,138.0,2.0
Derry,NH,ROCKINGHAM,2023-10-04,2023,10,4,Fall,2,42.9,-71.3,365.0,276.0,89.0,0.0,0.0,0.0,0.0,100.0,59.0,40.0,0.0,0.0,239.0,126.0,0.0
Des Moines,IA,POLK,2023-05-07,2023,5,7,Spring,28,41.6,-93.6,365.0,168.0,182.0,12.0,3.0,0.0,0.0,166.0,73.0,52.0,0.0,3.0,81.0,281.0,0.0
Des Moines,IA,POLK,2023-05-11,2023,5,11,Spring,28,41.6,-93.7,365.0,168.0,182.0,12.0,3.0,0.0,0.0,166.0,73.0,52.0,0.0,3.0,81.0,281.0,0.0
Des Moines,IA,POLK,2023-08-19,2023,8,19,Summer,28,41.5,-93.6,365.0,168.0,182.0,12.0,3.0,0.0,0.0,166.0,73.0,52.0,0.0,3.0,81.0,281.0,0.0
Des Moines,IA,POLK,2023-08-20,2023,8,20,Summer,28,41.5,-93.6,365.0,168.0,182.0,12.0,3.0,0.0,0.0,166.0,73.0,52.0,0.0,3.0,81.0,281.0,0.0
Des Moines,IA,POLK,2023-08-25,2023,8,25,Summer,56,41.5,-93.6,365.0,168.0,182.0,12.0,3.0,0.0,0.0,166.0,73.0,52.0,0.0,3.0,81.0,281.0,0.0
Des Moines,IA,POLK,2023-08-26,2023,8,26,Summer,28,41.5,-93.6,365.0,168.0,182.0,12.0,3.0,0.0,0.0,166.0,73.0,52.0,0.0,3.0,81.0,281.0,0.0
Des Moines,IA,POLK,2023-08-27,2023,8,27,Summer,28,41.6,-93.7,365.0,168.0,182.0,12.0,3.0,0.0,0.0,166.0,73.0,52.0,0.0,3.0,81.0,281.0,0.0
Des Moines,IA,POLK,2023-08-29,2023,8,29,Summer,28,41.5,-93.6,365.0,168.0,182.0,12.0,3.0,0.0,0.0,166.0,73.0,52.0,0.0,3.0,81.0,281.0,0.0
Des Moines,IA,POLK,2023-09-13,2023,9,13,Fall,28,41.6,-93.6,365.0,168.0,182.0,12.0,3.0,0.0,0.0,166.0,73.0,52.0,0.0,3.0,81.0,281.0,0.0
Des Moines,IA,POLK,2023-09-14,2023,9,14,Fall,28,41.6,-93.7,365.0,168.0,182.0,12.0,3.0,0.0,0.0,166.0,73.0,52.0,0.0,3.0,81.0,281.0,0.0
Des Moines,IA,POLK,2023-09-28,2023,9,28,Fall,28,41.5,-93.6,365.0,168.0,182.0,12.0,3.0,0.0,0.0,166.0,73.0,52.0,0.0,3.0,81.0,281.0,0.0
Des Moines,IA,POLK,2023-10-21,2023,10,21,Fall,28,41.6,-93.7,365.0,168.0,182.0,12.0,3.0,0.0,0.0,166.0,73.0,52.0,0.0,3.0,81.0,281.0,0.0
Des Plaines,IL,COOK,2023-07-08,2023,7,8,Summer,3,42.0,-87.9,365.0,104.0,227.0,27.0,5.0,2.0,0.0,223.0,93.0,57.0,0.0,8.0,97.0,252.0,8.0
Destin,FL,OKALOOSA,2023-01-21,2023,1,21,Winter,1,30.4,-86.5,241.0,218.0,23.0,0.0,0.0,0.0,0.0,84.0,50.0,37.0,0.0,0.0,234.0,0.0,7.0
Destin,FL,OKALOOSA,2023-03-15,2023,3,15,Spring,1,30.4,-86.4,241.0,218.0,23.0,0.0,0.0,0.0,0.0,84.0,50.0,37.0,0.0,0.0,234.0,0.0,7.0
Destin,FL,OKALOOSA,2023-05-07,2023,5,7,Spring,1,30.4,-86.4,241.0,218.0,23.0,0.0,0.0,0.0,0.0,84.0,50.0,37.0,0.0,0.0,234.0,0.0,7.0
Destin,FL,OKALOOSA,2023-07-16,2023,7,16,Summer,1,30.4,-86.4,241.0,218.0,23.0,0.0,0.0,0.0,0.0,84.0,50.0,37.0,0.0,0.0,234.0,0.0,7.0
Destin,FL,OKALOOSA,2023-08-10,2023,8,10,Summer,1,30.4,-86.4,241.0,218.0,23.0,0.0,0.0,0.0,0.0,84.0,50.0,37.0,0.0,0.0,234.0,0.0,7.0
Destin,FL,OKALOOSA,2023-08-31,2023,8,31,Summer,1,30.4,-86.4,241.0,218.0,23.0,0.0,0.0,0.0,0.0,84.0,50.0,37.0,0.0,0.0,234.0,0.0,7.0
Destin,FL,OKALOOSA,2023-09-21,2023,9,21,Fall,1,30.4,-86.4,241.0,218.0,23.0,0.0,0.0,0.0,0.0,84.0,50.0,37.0,0.0,0.0,234.0,0.0,7.0
Destin,FL,OKALOOSA,2023-10-22,2023,10,22,Fall,1,30.4,-86.5,241.0,218.0,23.0,0.0,0.0,0.0,0.0,84.0,50.0,37.0,0.0,0.0,234.0,0.0,7.0
Destin,FL,OKALOOSA,2023-10-27,2023,10,27,Fall,1,30.4,-86.4,241.0,218.0,23.0,0.0,0.0,0.0,0.0,84.0,50.0,37.0,0.0,0.0,234.0,0.0,7.0
Destin,FL,OKALOOSA,2023-10-29,2023,10,29,Fall,1,30.4,-86.4,241.0,218.0,23.0,0.0,0.0,0.0,0.0,84.0,50.0,37.0,0.0,0.0,234.0,0.0,7.0
Destin,FL,OKALOOSA,2023-10-30,2023,10,30,Fall,1,30.4,-86.4,241.0,218.0,23.0,0.0,0.0,0.0,0.0,84.0,50.0,37.0,0.0,0.0,234.0,0.0,7.0
Destin,FL,OKALOOSA,2023-11-08,2023,11,8,Fall,2,30.4,-86.4,241.0,218.0,23.0,0.0,0.0,0.0,0.0,84.0,50.0,37.0,0.0,0.0,234.0,0.0,7.0
Destin,FL,OKALOOSA,2023-11-19,2023,11,19,Fall,2,30.4,-86.4,241.0,218.0,23.0,0.0,0.0,0.0,0.0,84.0,50.0,37.0,0.0,0.0,234.0,0.0,7.0
Detroit,MI,WAYNE,2023-07-03,2023,7,3,Summer,16,42.4,-83.3,365.0,70.0,272.0,19.0,3.0,1.0,0.0,226.0,89.0,61.0,0.0,2.0,33.0,329.0,1.0
Detroit,MI,WAYNE,2023-07-06,2023,7,6,Summer,16,42.4,-83.3,365.0,70.0,272.0,19.0,3.0,1.0,0.0,226.0,89.0,61.0,0.0,2.0,33.0,329.0,1.0
Detroit,MI,WAYNE,2023-08-16,2023,8,16,Summer,48,42.3,-83.0,365.0,70.0,272.0,19.0,3.0,1.0,0.0,226.0,89.0,61.0,0.0,2.0,33.0,329.0,1.0
Detroit,MI,WAYNE,2023-08-23,2023,8,23,Summer,112,42.4,-83.0,365.0,70.0,272.0,19.0,3.0,1.0,0.0,226.0,89.0,61.0,0.0,2.0,33.0,329.0,1.0
Detroit,MI,WAYNE,2023-09-17,2023,9,17,Fall,16,42.4,-83.3,365.0,70.0,272.0,19.0,3.0,1.0,0.0,226.0,89.0,61.0,0.0,2.0,33.0,329.0,1.0
Detroit,MI,WAYNE,2023-09-30,2023,9,30,Fall,16,42.3,-83.1,365.0,70.0,272.0,19.0,3.0,1.0,0.0,226.0,89.0,61.0,0.0,2.0,33.0,329.0,1.0
Dexter,MI,WASHTENAW,2023-07-19,2023,7,19,Summer,12,42.4,-83.9,365.0,168.0,184.0,9.0,2.0,2.0,0.0,218.0,76.0,52.0,0.0,0.0,121.0,244.0,0.0
Dickerson,MD,MONTGOMERY,2023-07-07,2023,7,7,Summer,6,39.2,-77.4,357.0,291.0,61.0,2.0,3.0,0.0,0.0,165.0,61.0,42.0,0.0,0.0,195.0,162.0,0.0
Dickinson,ND,STARK,2023-08-28,2023,8,28,Summer,3,46.9,-102.9,,,,,,,,,,,,,,,
Dodge Center,MN,DODGE,2023-09-18,2023,9,18,Fall,2,44.0,-92.9,,,,,,,,,,,,,,,
Dodge Center,MN,DODGE,2023-09-25,2023,9,25,Fall,4,44.0,-92.9,,,,,,,,,,,,,,,
Dodge Center,MN,DODGE,2023-10-01,2023,10,1,Fall,6,44.0,-92.9,,,,,,,,,,,,,,,
Dodge Center,MN,DODGE,2023-10-04,2023,10,4,Fall,12,44.0,-92.9,,,,,,,,,,,,,,,
Dodge Center,MN,DODGE,2023-10-05,2023,10,5,Fall,4,44.0,-92.9,,,,,,,,,,,,,,,
Dodge Center,MN,DODGE,2023-10-07,2023,10,7,Fall,2,44.0,-92.9,,,,,,,,,,,,,,,
Dodge Center,MN,DODGE,2023-10-08,2023,10,8,Fall,4,44.0,-92.9,,,,,,,,,,,,,,,
Dodge City,KS,FORD,2023-08-31,2023,8,31,Summer,2,37.8,-100.0,308.0,289.0,18.0,1.0,0.0,0.0,0.0,147.0,40.0,15.0,0.0,0.0,0.0,0.0,308.0
Donnellson,IA,LEE,2023-08-03,2023,8,3,Summer,8,40.7,-91.6,60.0,36.0,24.0,0.0,0.0,0.0,0.0,97.0,64.0,47.0,0.0,0.0,0.0,60.0,0.0
Dorr,MI,ALLEGAN,2023-08-03,2023,8,3,Summer,1,42.7,-85.7,360.0,246.0,102.0,11.0,1.0,0.0,0.0,161.0,80.0,42.0,0.0,0.0,200.0,160.0,0.0
Douglas,MA,WORCESTER,2023-08-06,2023,8,6,Summer,2,42.0,-71.7,365.0,268.0,93.0,4.0,0.0,0.0,0.0,148.0,58.0,39.0,0.0,5.0,190.0,170.0,0.0
Dover,DE,KENT,2023-09-26,2023,9,26,Fall,16,39.2,-75.5,348.0,216.0,124.0,5.0,2.0,1.0,0.0,207.0,64.0,46.0,0.0,0.0,138.0,210.0,0.0
Downingtown,PA,CHESTER,2023-08-14,2023,8,14,Summer,2,40.1,-75.7,361.0,220.0,134.0,3.0,2.0,2.0,0.0,248.0,66.0,45.0,0.0,0.0,126.0,235.0,0.0
Drexel Hill,PA,DELAWARE,2023-09-19,2023,9,19,Fall,10,39.9,-75.3,365.0,187.0,169.0,5.0,2.0,2.0,0.0,271.0,74.0,50.0,0.0,1.0,111.0,253.0,0.0
Dublin,OH,FRANKLIN,2023-10-18,2023,10,18,Fall,1,40.1,-83.1,365.0,136.0,218.0,7.0,3.0,1.0,0.0,210.0,77.0,54.0,0.0,0.0,91.0,265.0,9.0
Dublin,OH,FRANKLIN,2023-10-21,2023,10,21,Fall,1,40.1,-83.1,365.0,136.0,218.0,7.0,3.0,1.0,0.0,210.0,77.0,54.0,0.0,0.0,91.0,265.0,9.0
Duluth,MN,SAINT LOUIS,2023-06-13,2023,6,13,Summer,7,46.8,-92.0,365.0,221.0,136.0,6.0,1.0,1.0,0.0,286.0,74.0,44.0,0.0,1.0,168.0,190.0,6.0
Duluth,MN,SAINT LOUIS,2023-06-15,2023,6,15,Summer,21,46.8,-92.1,365.0,221.0,136.0,6.0,1.0,1.0,0.0,286.0,74.0,44.0,0.0,1.0,168.0,190.0,6.0
Duluth,MN,SAINT LOUIS,2023-06-21,2023,6,21,Summer,7,46.8,-92.1,365.0,221.0,136.0,6.0,1.0,1.0,0.0,286.0,74.0,44.0,0.0,1.0,168.0,190.0,6.0
Duluth,MN,SAINT LOUIS,2023-07-28,2023,7,28,Summer,14,46.7,-92.1,365.0,221.0,136.0,6.0,1.0,1.0,0.0,286.0,74.0,44.0,0.0,1.0,168.0,190.0,6.0
Duluth,MN,SAINT LOUIS,2023-07-29,2023,7,29,Summer,7,46.8,-92.1,365.0,221.0,136.0,6.0,1.0,1.0,0.0,286.0,74.0,44.0,0.0,1.0,168.0,190.0,6.0
Duluth,MN,SAINT LOUIS,2023-07-30,2023,7,30,Summer,28,46.8,-92.1,365.0,221.0,136.0,6.0,1.0,1.0,0.0,286.0,74.0,44.0,0.0,1.0,168.0,190.0,6.0
Duluth,MN,SAINT LOUIS,2023-08-02,2023,8,2,Summer,84,46.8,-92.1,365.0,221.0,136.0,6.0,1.0,1.0,0.0,286.0,74.0,44.0,0.0,1.0,168.0,190.0,6.0
Duluth,MN,SAINT LOUIS,2023-08-03,2023,8,3,Summer,14,46.8,-92.1,365.0,221.0,136.0,6.0,1.0,1.0,0.0,286.0,74.0,44.0,0.0,1.0,168.0,190.0,6.0
Duluth,MN,SAINT LOUIS,2023-08-04,2023,8,4,Summer,14,46.8,-92.1,365.0,221.0,136.0,6.0,1.0,1.0,0.0,286.0,74.0,44.0,0.0,1.0,168.0,190.0,6.0
Duluth,MN,SAINT LOUIS,2023-08-05,2023,8,5,Summer,7,46.8,-92.1,365.0,221.0,136.0,6.0,1.0,1.0,0.0,286.0,74.0,44.0,0.0,1.0,168.0,190.0,6.0
Duluth,MN,SAINT LOUIS,2023-08-11,2023,8,11,Summer,14,46.8,-92.1,365.0,221.0,136.0,6.0,1.0,1.0,0.0,286.0,74.0,44.0,0.0,1.0,168.0,190.0,6.0
Dunbarton,NH,MERRIMACK,2023-09-21,2023,9,21,Fall,1,43.2,-71.7,213.0,197.0,16.0,0.0,0.0,0.0,0.0,100.0,48.0,39.0,0.0,0.0,213.0,0.0,0.0
Duncanville,TX,DALLAS,2023-08-16,2023,8,16,Summer,1,32.7,-96.9,365.0,122.0,216.0,26.0,1.0,0.0,0.0,172.0,84.0,55.0,0.0,5.0,124.0,233.0,3.0
Duncanville,TX,DALLAS,2023-09-02,2023,9,2,Fall,3,32.7,-96.9,365.0,122.0,216.0,26.0,1.0,0.0,0.0,172.0,84.0,55.0,0.0,5.0,124.0,233.0,3.0
Dundalk,MD,BALTIMORE,2023-11-13,2023,11,13,Fall,3,39.3,-76.5,365.0,228.0,124.0,9.0,3.0,1.0,0.0,205.0,71.0,45.0,0.0,7.0,231.0,127.0,0.0
Durham,CT,MIDDLESEX,2023-08-01,2023,8,1,Summer,1,41.5,-72.7,209.0,170.0,35.0,4.0,0.0,0.0,0.0,140.0,64.0,43.0,0.0,0.0,209.0,0.0,0.0
Durham,CT,MIDDLESEX,2023-10-12,2023,10,12,Fall,1,41.5,-72.7,209.0,170.0,35.0,4.0,0.0,0.0,0.0,140.0,64.0,43.0,0.0,0.0,209.0,0.0,0.0
Durham,NC,DURHAM,2023-06-02,2023,6,2,Summer,10,36.0,-79.0,361.0,252.0,106.0,3.0,0.0,0.0,0.0,121.0,63.0,44.0,0.0,0.0,158.0,194.0,9.0
Durham,NC,DURHAM,2023-08-14,2023,8,14,Summer,10,36.0,-78.9,361.0,252.0,106.0,3.0,0.0,0.0,0.0,121.0,63.0,44.0,0.0,0.0,158.0,194.0,9.0
Durham,NC,DURHAM,2023-10-04,2023,10,4,Fall,10,35.9,-79.0,361.0,252.0,106.0,3.0,0.0,0.0,0.0,121.0,63.0,44.0,0.0,0.0,158.0,194.0,9.0
Durham,NC,DURHAM,2023-10-07,2023,10,7,Fall,10,36.1,-78.9,361.0,252.0,106.0,3.0,0.0,0.0,0.0,121.0,63.0,44.0,0.0,0.0,158.0,194.0,9.0
Durham,NC,DURHAM,2023-10-28,2023,10,28,Fall,60,35.9,-78.8,361.0,252.0,106.0,3.0,0.0,0.0,0.0,121.0,63.0,44.0,0.0,0.0,158.0,194.0,9.0
Durham,NC,DURHAM,2023-10-29,2023,10,29,Fall,10,36.0,-78.9,361.0,252.0,106.0,3.0,0.0,0.0,0.0,121.0,63.0,44.0,0.0,0.0,158.0,194.0,9.0
Dutch Flat,CA,PLACER,2023-08-13,2023,8,13,Summer,1,39.2,-120.8,365.0,164.0,193.0,8.0,0.0,0.0,0.0,143.0,80.0,52.0,0.0,0.0,245.0,120.0,0.0
Eagle Point,OR,JACKSON,2023-07-28,2023,7,28,Summer,2,42.5,-122.8,365.0,216.0,135.0,2.0,7.0,5.0,0.0,237.0,69.0,45.0,0.0,0.0,98.0,267.0,0.0
Eagle River,WI,VILAS,2023-07-19,2023,7,19,Summer,5,45.9,-89.2,340.0,247.0,81.0,10.0,2.0,0.0,0.0,168.0,75.0,39.0,0.0,0.0,123.0,217.0,0.0
Eagle River,WI,VILAS,2023-07-28,2023,7,28,Summer,5,45.9,-89.3,340.0,247.0,81.0,10.0,2.0,0.0,0.0,168.0,75.0,39.0,0.0,0.0,123.0,217.0,0.0
Eagle River,WI,VILAS,2023-08-04,2023,8,4,Summer,5,45.9,-89.3,340.0,247.0,81.0,10.0,2.0,0.0,0.0,168.0,75.0,39.0,0.0,0.0,123.0,217.0,0.0
Eagle River,WI,VILAS,2023-08-19,2023,8,19,Summer,5,45.9,-89.3,340.0,247.0,81.0,10.0,2.0,0.0,0.0,168.0,75.0,39.0,0.0,0.0,123.0,217.0,0.0
Eagle River,WI,VILAS,2023-08-25,2023,8,25,Summer,45,45.9,-89.3,340.0,247.0,81.0,10.0,2.0,0.0,0.0,168.0,75.0,39.0,0.0,0.0,123.0,217.0,0.0
Eagle River,WI,VILAS,2023-08-31,2023,8,31,Summer,10,45.9,-89.3,340.0,247.0,81.0,10.0,2.0,0.0,0.0,168.0,75.0,39.0,0.0,0.0,123.0,217.0,0.0
East Amherst,NY,ERIE,2023-09-16,2023,9,16,Fall,4,43.0,-78.7,365.0,198.0,159.0,5.0,3.0,0.0,0.0,176.0,69.0,48.0,0.0,4.0,86.0,275.0,0.0
East Amherst,NY,ERIE,2023-09-18,2023,9,18,Fall,4,43.0,-78.7,365.0,198.0,159.0,5.0,3.0,0.0,0.0,176.0,69.0,48.0,0.0,4.0,86.0,275.0,0.0
East Freedom,PA,BLAIR,2023-07-20,2023,7,20,Summer,2,40.4,-78.4,358.0,229.0,123.0,1.0,4.0,1.0,0.0,213.0,67.0,43.0,0.0,0.0,120.0,238.0,0.0
East Glacier Park,MT,GLACIER,2023-06-20,2023,6,20,Summer,12,48.4,-113.2,354.0,315.0,33.0,5.0,1.0,0.0,0.0,166.0,52.0,12.0,0.0,0.0,0.0,354.0,0.0
East Lansing,MI,INGHAM,2023-09-29,2023,9,29,Fall,2,42.7,-84.5,363.0,229.0,123.0,7.0,4.0,0.0,0.0,194.0,73.0,43.0,0.0,2.0,178.0,183.0,0.0
East Lyme,CT,NEW LONDON,2023-10-27,2023,10,27,Fall,8,41.3,-72.2,363.0,258.0,95.0,7.0,3.0,0.0,0.0,166.0,61.0,41.0,0.0,0.0,137.0,226.0,0.0
East Petersburg,PA,LANCASTER,2023-08-10,2023,8,10,Summer,2,40.1,-76.4,365.0,108.0,243.0,9.0,3.0,1.0,1.0,321.0,85.0,58.0,0.0,0.0,61.0,304.0,0.0
East Smithfield,PA,BRADFORD,2023-09-11,2023,9,11,Fall,10,41.9,-76.6,289.0,237.0,51.0,1.0,0.0,0.0,0.0,108.0,57.0,40.0,0.0,0.0,196.0,93.0,0.0
East Smithfield,PA,BRADFORD,2023-09-14,2023,9,14,Fall,2,41.9,-76.6,289.0,237.0,51.0,1.0,0.0,0.0,0.0,108.0,57.0,40.0,0.0,0.0,196.0,93.0,0.0
East Stroudsburg,PA,MONROE,2023-08-26,2023,8,26,Summer,5,41.0,-75.2,294.0,270.0,21.0,3.0,0.0,0.0,0.0,126.0,48.0,34.0,0.0,0.0,294.0,0.0,0.0
East Troy,WI,WALWORTH,2023-07-30,2023,7,30,Summer,1,42.8,-88.4,203.0,138.0,48.0,17.0,0.0,0.0,0.0,143.0,93.0,44.0,0.0,0.0,203.0,0.0,0.0
Eastham,MA,BARNSTABLE,2023-07-11,2023,7,11,Summer,1,41.8,-70.0,358.0,331.0,24.0,3.0,0.0,0.0,0.0,140.0,49.0,37.0,0.0,0.0,336.0,22.0,0.0
Eastham,MA,BARNSTABLE,2023-08-02,2023,8,2,Summer,1,41.8,-70.0,358.0,331.0,24.0,3.0,0.0,0.0,0.0,140.0,49.0,37.0,0.0,0.0,336.0,22.0,0.0
Easthampton,MA,HAMPSHIRE,2023-06-28,2023,6,28,Summer,5,42.2,-72.7,365.0,292.0,67.0,6.0,0.0,0.0,0.0,138.0,55.0,38.0,0.0,3.0,227.0,135.0,0.0
Easthampton,MA,HAMPSHIRE,2023-07-27,2023,7,27,Summer,5,42.2,-72.7,365.0,292.0,67.0,6.0,0.0,0.0,0.0,138.0,55.0,38.0,0.0,3.0,227.0,135.0,0.0
Easthampton,MA,HAMPSHIRE,2023-08-05,2023,8,5,Summer,5,42.2,-72.7,365.0,292.0,67.0,6.0,0.0,0.0,0.0,138.0,55.0,38.0,0.0,3.0,227.0,135.0,0.0
Easthampton,MA,HAMPSHIRE,2023-08-20,2023,8,20,Summer,5,42.3,-72.6,365.0,292.0,67.0,6.0,0.0,0.0,0.0,138.0,55.0,38.0,0.0,3.0,227.0,135.0,0.0
Easthampton,MA,HAMPSHIRE,2023-09-07,2023,9,7,Fall,5,42.2,-72.7,365.0,292.0,67.0,6.0,0.0,0.0,0.0,138.0,55.0,38.0,0.0,3.0,227.0,135.0,0.0
Easthampton,MA,HAMPSHIRE,2023-10-09,2023,10,9,Fall,5,42.3,-72.7,365.0,292.0,67.0,6.0,0.0,0.0,0.0,138.0,55.0,38.0,0.0,3.0,227.0,135.0,0.0
Eastlake,OH,LAKE,2023-09-03,2023,9,3,Fall,5,41.7,-81.5,365.0,259.0,96.0,7.0,3.0,0.0,0.0,170.0,77.0,42.0,0.0,0.0,180.0,185.0,0.0
Easton,MA,BRISTOL,2023-09-22,2023,9,22,Fall,1,42.1,-71.1,365.0,269.0,87.0,9.0,0.0,0.0,0.0,137.0,61.0,42.0,0.0,0.0,244.0,121.0,0.0
Easton,PA,NORTHAMPTON,2023-07-03,2023,7,3,Summer,15,40.7,-75.2,362.0,209.0,146.0,2.0,4.0,0.0,1.0,368.0,68.0,46.0,0.0,0.0,135.0,227.0,0.0
Easton,PA,NORTHAMPTON,2023-08-12,2023,8,12,Summer,45,40.6,-75.2,362.0,209.0,146.0,2.0,4.0,0.0,1.0,368.0,68.0,46.0,0.0,0.0,135.0,227.0,0.0
Eastpoint,FL,FRANKLIN,2023-05-23,2023,5,23,Spring,4,29.8,-84.8,,,,,,,,,,,,,,,
Eastpoint,FL,FRANKLIN,2023-08-31,2023,8,31,Summer,20,29.8,-84.8,,,,,,,,,,,,,,,
Eastpoint,FL,FRANKLIN,2023-09-07,2023,9,7,Fall,12,29.8,-84.8,,,,,,,,,,,,,,,
Eastpoint,FL,FRANKLIN,2023-10-16,2023,10,16,Fall,8,29.7,-84.7,,,,,,,,,,,,,,,
Eastpoint,FL,FRANKLIN,2023-11-04,2023,11,4,Fall,48,29.7,-84.7,,,,,,,,,,,,,,,
Eastpoint,FL,FRANKLIN,2023-11-25,2023,11,25,Fall,4,29.7,-84.9,,,,,,,,,,,,,,,
Eastpointe,MI,MACOMB,2023-07-28,2023,7,28,Summer,2,42.5,-83.0,364.0,182.0,170.0,8.0,4.0,0.0,0.0,195.0,75.0,51.0,0.0,0.0,120.0,244.0,0.0
Eaton,OH,PREBLE,2023-08-01,2023,8,1,Summer,1,39.7,-84.6,358.0,213.0,136.0,6.0,2.0,1.0,0.0,204.0,69.0,46.0,0.0,0.0,137.0,221.0,0.0
Eatonton,GA,PUTNAM,2023-07-26,2023,7,26,Summer,2,33.3,-83.4,,,,,,,,,,,,,,,
Eatonton,GA,PUTNAM,2023-08-28,2023,8,28,Summer,6,33.3,-83.4,,,,,,,,,,,,,,,
Eatonton,GA,PUTNAM,2023-09-01,2023,9,1,Fall,6,33.4,-83.2,,,,,,,,,,,,,,,
Eau Claire,WI,EAU CLAIRE,2023-07-28,2023,7,28,Summer,3,44.8,-91.6,365.0,210.0,137.0,13.0,5.0,0.0,0.0,164.0,78.0,46.0,0.0,0.0,110.0,254.0,1.0
Eau Claire,WI,EAU CLAIRE,2023-07-30,2023,7,30,Summer,3,44.8,-91.6,365.0,210.0,137.0,13.0,5.0,0.0,0.0,164.0,78.0,46.0,0.0,0.0,110.0,254.0,1.0
Eau Claire,WI,EAU CLAIRE,2023-08-02,2023,8,2,Summer,6,44.8,-91.6,365.0,210.0,137.0,13.0,5.0,0.0,0.0,164.0,78.0,46.0,0.0,0.0,110.0,254.0,1.0
Eau Claire,WI,EAU CLAIRE,2023-09-20,2023,9,20,Fall,3,44.8,-91.5,365.0,210.0,137.0,13.0,5.0,0.0,0.0,164.0,78.0,46.0,0.0,0.0,110.0,254.0,1.0
Eau Claire,WI,EAU CLAIRE,2023-09-28,2023,9,28,Fall,3,44.8,-91.6,365.0,210.0,137.0,13.0,5.0,0.0,0.0,164.0,78.0,46.0,0.0,0.0,110.0,254.0,1.0
Eau Claire,WI,EAU CLAIRE,2023-10-01,2023,10,1,Fall,6,44.8,-91.6,365.0,210.0,137.0,13.0,5.0,0.0,0.0,164.0,78.0,46.0,0.0,0.0,110.0,254.0,1.0
Eden Prairie,MN,HENNEPIN,2023-07-29,2023,7,29,Summer,2,44.8,-93.4,365.0,173.0,175.0,14.0,3.0,0.0,0.0,187.0,80.0,52.0,1.0,8.0,69.0,273.0,14.0
Eden Prairie,MN,HENNEPIN,2023-10-05,2023,10,5,Fall,1,44.9,-93.5,365.0,173.0,175.0,14.0,3.0,0.0,0.0,187.0,80.0,52.0,1.0,8.0,69.0,273.0,14.0
Edgewater,FL,VOLUSIA,2023-03-01,2023,3,1,Spring,1,28.9,-80.9,365.0,262.0,102.0,1.0,0.0,0.0,0.0,118.0,58.0,44.0,0.0,0.0,149.0,216.0,0.0
Edgewater,MD,ANNE ARUNDEL,2023-09-18,2023,9,18,Fall,1,38.9,-76.5,263.0,225.0,36.0,2.0,0.0,0.0,0.0,150.0,58.0,40.0,0.0,0.0,244.0,0.0,19.0
Edgewater,MD,ANNE ARUNDEL,2023-10-29,2023,10,29,Fall,2,38.9,-76.5,263.0,225.0,36.0,2.0,0.0,0.0,0.0,150.0,58.0,40.0,0.0,0.0,244.0,0.0,19.0
Edinburg,TX,HIDALGO,2023-01-19,2023,1,19,Winter,6,26.3,-98.2,357.0,206.0,151.0,0.0,0.0,0.0,0.0,95.0,68.0,44.0,0.0,0.0,19.0,338.0,0.0
Edinburg,TX,HIDALGO,2023-01-21,2023,1,21,Winter,12,26.3,-98.2,357.0,206.0,151.0,0.0,0.0,0.0,0.0,95.0,68.0,44.0,0.0,0.0,19.0,338.0,0.0
Edinburg,TX,HIDALGO,2023-02-18,2023,2,18,Winter,6,26.3,-98.2,357.0,206.0,151.0,0.0,0.0,0.0,0.0,95.0,68.0,44.0,0.0,0.0,19.0,338.0,0.0
Edinburg,TX,HIDALGO,2023-02-24,2023,2,24,Winter,6,26.3,-98.2,357.0,206.0,151.0,0.0,0.0,0.0,0.0,95.0,68.0,44.0,0.0,0.0,19.0,338.0,0.0
Edinburg,TX,HIDALGO,2023-03-03,2023,3,3,Spring,6,26.3,-98.2,357.0,206.0,151.0,0.0,0.0,0.0,0.0,95.0,68.0,44.0,0.0,0.0,19.0,338.0,0.0
Edinburg,TX,HIDALGO,2023-03-16,2023,3,16,Spring,6,26.3,-98.2,357.0,206.0,151.0,0.0,0.0,0.0,0.0,95.0,68.0,44.0,0.0,0.0,19.0,338.0,0.0
Edinburg,TX,HIDALGO,2023-03-20,2023,3,20,Spring,6,26.3,-98.2,357.0,206.0,151.0,0.0,0.0,0.0,0.0,95.0,68.0,44.0,0.0,0.0,19.0,338.0,0.0
Edinburg,TX,HIDALGO,2023-03-27,2023,3,27,Spring,6,26.3,-98.2,357.0,206.0,151.0,0.0,0.0,0.0,0.0,95.0,68.0,44.0,0.0,0.0,19.0,338.0,0.0
Edinburg,TX,HIDALGO,2023-03-30,2023,3,30,Spring,6,26.3,-98.2,357.0,206.0,151.0,0.0,0.0,0.0,0.0,95.0,68.0,44.0,0.0,0.0,19.0,338.0,0.0
Edinburg,TX,HIDALGO,2023-09-30,2023,9,30,Fall,6,26.3,-98.2,357.0,206.0,151.0,0.0,0.0,0.0,0.0,95.0,68.0,44.0,0.0,0.0,19.0,338.0,0.0
Edinburg,TX,HIDALGO,2023-12-24,2023,12,24,Winter,12,26.3,-98.2,357.0,206.0,151.0,0.0,0.0,0.0,0.0,95.0,68.0,44.0,0.0,0.0,19.0,338.0,0.0
Edinburgh,IN,JOHNSON,2023-04-20,2023,4,20,Spring,5,39.4,-86.0,,,,,,,,,,,,,,,
Edmond,OK,OKLAHOMA,2023-04-30,2023,4,30,Spring,1,35.6,-97.4,365.0,150.0,210.0,5.0,0.0,0.0,0.0,136.0,74.0,53.0,0.0,12.0,140.0,208.0,5.0
Edmond,OK,OKLAHOMA,2023-05-31,2023,5,31,Spring,1,35.6,-97.5,365.0,150.0,210.0,5.0,0.0,0.0,0.0,136.0,74.0,53.0,0.0,12.0,140.0,208.0,5.0
Edmond,OK,OKLAHOMA,2023-08-08,2023,8,8,Summer,1,35.7,-97.5,365.0,150.0,210.0,5.0,0.0,0.0,0.0,136.0,74.0,53.0,0.0,12.0,140.0,208.0,5.0
Edmond,OK,OKLAHOMA,2023-08-16,2023,8,16,Summer,1,35.7,-97.5,365.0,150.0,210.0,5.0,0.0,0.0,0.0,136.0,74.0,53.0,0.0,12.0,140.0,208.0,5.0
Edmond,OK,OKLAHOMA,2023-08-17,2023,8,17,Summer,1,35.7,-97.5,365.0,150.0,210.0,5.0,0.0,0.0,0.0,136.0,74.0,53.0,0.0,12.0,140.0,208.0,5.0
Edmond,OK,OKLAHOMA,2023-08-18,2023,8,18,Summer,1,35.7,-97.5,365.0,150.0,210.0,5.0,0.0,0.0,0.0,136.0,74.0,53.0,0.0,12.0,140.0,208.0,5.0
Edmond,OK,OKLAHOMA,2023-08-19,2023,8,19,Summer,6,35.7,-97.5,365.0,150.0,210.0,5.0,0.0,0.0,0.0,136.0,74.0,53.0,0.0,12.0,140.0,208.0,5.0
Edmond,OK,OKLAHOMA,2023-08-22,2023,8,22,Summer,2,35.7,-97.5,365.0,150.0,210.0,5.0,0.0,0.0,0.0,136.0,74.0,53.0,0.0,12.0,140.0,208.0,5.0
Edmond,OK,OKLAHOMA,2023-08-25,2023,8,25,Summer,3,35.7,-97.5,365.0,150.0,210.0,5.0,0.0,0.0,0.0,136.0,74.0,53.0,0.0,12.0,140.0,208.0,5.0
Edmond,OK,OKLAHOMA,2023-08-28,2023,8,28,Summer,3,35.7,-97.5,365.0,150.0,210.0,5.0,0.0,0.0,0.0,136.0,74.0,53.0,0.0,12.0,140.0,208.0,5.0
Edmond,OK,OKLAHOMA,2023-08-30,2023,8,30,Summer,2,35.7,-97.5,365.0,150.0,210.0,5.0,0.0,0.0,0.0,136.0,74.0,53.0,0.0,12.0,140.0,208.0,5.0
Edmond,OK,OKLAHOMA,2023-08-31,2023,8,31,Summer,3,35.7,-97.5,365.0,150.0,210.0,5.0,0.0,0.0,0.0,136.0,74.0,53.0,0.0,12.0,140.0,208.0,5.0
Edmond,OK,OKLAHOMA,2023-09-01,2023,9,1,Fall,3,35.7,-97.5,365.0,150.0,210.0,5.0,0.0,0.0,0.0,136.0,74.0,53.0,0.0,12.0,140.0,208.0,5.0
Edmond,OK,OKLAHOMA,2023-09-06,2023,9,6,Fall,1,35.6,-97.5,365.0,150.0,210.0,5.0,0.0,0.0,0.0,136.0,74.0,53.0,0.0,12.0,140.0,208.0,5.0
Edmond,OK,OKLAHOMA,2023-09-12,2023,9,12,Fall,2,35.7,-97.5,365.0,150.0,210.0,5.0,0.0,0.0,0.0,136.0,74.0,53.0,0.0,12.0,140.0,208.0,5.0
Edmond,OK,OKLAHOMA,2023-09-13,2023,9,13,Fall,3,35.7,-97.5,365.0,150.0,210.0,5.0,0.0,0.0,0.0,136.0,74.0,53.0,0.0,12.0,140.0,208.0,5.0
Edmond,OK,OKLAHOMA,2023-09-14,2023,9,14,Fall,11,35.7,-97.5,365.0,150.0,210.0,5.0,0.0,0.0,0.0,136.0,74.0,53.0,0.0,12.0,140.0,208.0,5.0
Edmond,OK,OKLAHOMA,2023-09-15,2023,9,15,Fall,2,35.7,-97.5,365.0,150.0,210.0,5.0,0.0,0.0,0.0,136.0,74.0,53.0,0.0,12.0,140.0,208.0,5.0
Edmond,OK,OKLAHOMA,2023-09-16,2023,9,16,Fall,1,35.7,-97.5,365.0,150.0,210.0,5.0,0.0,0.0,0.0,136.0,74.0,53.0,0.0,12.0,140.0,208.0,5.0
Edmond,OK,OKLAHOMA,2023-09-20,2023,9,20,Fall,5,35.7,-97.5,365.0,150.0,210.0,5.0,0.0,0.0,0.0,136.0,74.0,53.0,0.0,12.0,140.0,208.0,5.0
Edmond,OK,OKLAHOMA,2023-09-22,2023,9,22,Fall,1,35.7,-97.5,365.0,150.0,210.0,5.0,0.0,0.0,0.0,136.0,74.0,53.0,0.0,12.0,140.0,208.0,5.0
Edmond,OK,OKLAHOMA,2023-09-25,2023,9,25,Fall,1,35.7,-97.5,365.0,150.0,210.0,5.0,0.0,0.0,0.0,136.0,74.0,53.0,0.0,12.0,140.0,208.0,5.0
Edmond,OK,OKLAHOMA,2023-09-26,2023,9,26,Fall,20,35.7,-97.5,365.0,150.0,210.0,5.0,0.0,0.0,0.0,136.0,74.0,53.0,0.0,12.0,140.0,208.0,5.0
Edmond,OK,OKLAHOMA,2023-09-28,2023,9,28,Fall,22,35.7,-97.5,365.0,150.0,210.0,5.0,0.0,0.0,0.0,136.0,74.0,53.0,0.0,12.0,140.0,208.0,5.0
Edmond,OK,OKLAHOMA,2023-09-29,2023,9,29,Fall,1,35.6,-97.4,365.0,150.0,210.0,5.0,0.0,0.0,0.0,136.0,74.0,53.0,0.0,12.0,140.0,208.0,5.0
Edmond,OK,OKLAHOMA,2023-09-30,2023,9,30,Fall,1,35.7,-97.5,365.0,150.0,210.0,5.0,0.0,0.0,0.0,136.0,74.0,53.0,0.0,12.0,140.0,208.0,5.0
Edmond,OK,OKLAHOMA,2023-10-01,2023,10,1,Fall,2,35.7,-97.5,365.0,150.0,210.0,5.0,0.0,0.0,0.0,136.0,74.0,53.0,0.0,12.0,140.0,208.0,5.0
Edmond,OK,OKLAHOMA,2023-10-04,2023,10,4,Fall,2,35.7,-97.5,365.0,150.0,210.0,5.0,0.0,0.0,0.0,136.0,74.0,53.0,0.0,12.0,140.0,208.0,5.0
Edmond,OK,OKLAHOMA,2023-10-05,2023,10,5,Fall,2,35.7,-97.5,365.0,150.0,210.0,5.0,0.0,0.0,0.0,136.0,74.0,53.0,0.0,12.0,140.0,208.0,5.0
Edmond,OK,OKLAHOMA,2023-10-06,2023,10,6,Fall,1,35.7,-97.5,365.0,150.0,210.0,5.0,0.0,0.0,0.0,136.0,74.0,53.0,0.0,12.0,140.0,208.0,5.0
Edmond,OK,OKLAHOMA,2023-10-17,2023,10,17,Fall,1,35.7,-97.5,365.0,150.0,210.0,5.0,0.0,0.0,0.0,136.0,74.0,53.0,0.0,12.0,140.0,208.0,5.0
Edmond,OK,OKLAHOMA,2023-10-26,2023,10,26,Fall,1,35.6,-97.5,365.0,150.0,210.0,5.0,0.0,0.0,0.0,136.0,74.0,53.0,0.0,12.0,140.0,208.0,5.0
Edwardsville,IL,MADISON,2023-05-04,2023,5,4,Spring,16,38.8,-90.0,363.0,113.0,234.0,14.0,2.0,0.0,0.0,155.0,81.0,55.0,0.0,0.0,124.0,239.0,0.0
Edwardsville,IL,MADISON,2023-07-10,2023,7,10,Summer,4,38.8,-90.0,363.0,113.0,234.0,14.0,2.0,0.0,0.0,155.0,81.0,55.0,0.0,0.0,124.0,239.0,0.0
Edwardsville,IL,MADISON,2023-07-17,2023,7,17,Summer,4,38.8,-90.0,363.0,113.0,234.0,14.0,2.0,0.0,0.0,155.0,81.0,55.0,0.0,0.0,124.0,239.0,0.0
Edwardsville,IL,MADISON,2023-08-02,2023,8,2,Summer,4,38.8,-90.0,363.0,113.0,234.0,14.0,2.0,0.0,0.0,155.0,81.0,55.0,0.0,0.0,124.0,239.0,0.0
Edwardsville,IL,MADISON,2023-08-04,2023,8,4,Summer,4,38.8,-90.0,363.0,113.0,234.0,14.0,2.0,0.0,0.0,155.0,81.0,55.0,0.0,0.0,124.0,239.0,0.0
Edwardsville,IL,MADISON,2023-08-06,2023,8,6,Summer,8,38.8,-90.0,363.0,113.0,234.0,14.0,2.0,0.0,0.0,155.0,81.0,55.0,0.0,0.0,124.0,239.0,0.0
Edwardsville,IL,MADISON,2023-09-09,2023,9,9,Fall,8,38.8,-90.0,363.0,113.0,234.0,14.0,2.0,0.0,0.0,155.0,81.0,55.0,0.0,0.0,124.0,239.0,0.0
Edwardsville,IL,MADISON,2023-09-10,2023,9,10,Fall,12,38.8,-90.0,363.0,113.0,234.0,14.0,2.0,0.0,0.0,155.0,81.0,55.0,0.0,0.0,124.0,239.0,0.0
Edwardsville,IL,MADISON,2023-09-11,2023,9,11,Fall,12,38.8,-90.0,363.0,113.0,234.0,14.0,2.0,0.0,0.0,155.0,81.0,55.0,0.0,0.0,124.0,239.0,0.0
Edwardsville,IL,MADISON,2023-09-25,2023,9,25,Fall,12,38.8,-90.0,363.0,113.0,234.0,14.0,2.0,0.0,0.0,155.0,81.0,55.0,0.0,0.0,124.0,239.0,0.0
Edwardsville,IL,MADISON,2023-09-27,2023,9,27,Fall,80,38.8,-90.0,363.0,113.0,234.0,14.0,2.0,0.0,0.0,155.0,81.0,55.0,0.0,0.0,124.0,239.0,0.0
Edwardsville,IL,MADISON,2023-09-28,2023,9,28,Fall,32,38.8,-90.0,363.0,113.0,234.0,14.0,2.0,0.0,0.0,155.0,81.0,55.0,0.0,0.0,124.0,239.0,0.0
Edwardsville,IL,MADISON,2023-09-29,2023,9,29,Fall,56,38.8,-90.0,363.0,113.0,234.0,14.0,2.0,0.0,0.0,155.0,81.0,55.0,0.0,0.0,124.0,239.0,0.0
Edwardsville,IL,MADISON,2023-09-30,2023,9,30,Fall,32,38.8,-90.0,363.0,113.0,234.0,14.0,2.0,0.0,0.0,155.0,81.0,55.0,0.0,0.0,124.0,239.0,0.0
Edwardsville,IL,MADISON,2023-10-02,2023,10,2,Fall,20,38.8,-90.0,363.0,113.0,234.0,14.0,2.0,0.0,0.0,155.0,81.0,55.0,0.0,0.0,124.0,239.0,0.0
Edwardsville,IL,MADISON,2023-10-03,2023,10,3,Fall,12,38.8,-90.0,363.0,113.0,234.0,14.0,2.0,0.0,0.0,155.0,81.0,55.0,0.0,0.0,124.0,239.0,0.0
Edwardsville,IL,MADISON,2023-10-04,2023,10,4,Fall,8,38.8,-90.0,363.0,113.0,234.0,14.0,2.0,0.0,0.0,155.0,81.0,55.0,0.0,0.0,124.0,239.0,0.0
Edwardsville,IL,MADISON,2023-10-12,2023,10,12,Fall,16,38.8,-90.0,363.0,113.0,234.0,14.0,2.0,0.0,0.0,155.0,81.0,55.0,0.0,0.0,124.0,239.0,0.0
Edwardsville,IL,MADISON,2023-10-13,2023,10,13,Fall,8,38.8,-90.0,363.0,113.0,234.0,14.0,2.0,0.0,0.0,155.0,81.0,55.0,0.0,0.0,124.0,239.0,0.0
Edwardsville,IL,MADISON,2023-10-24,2023,10,24,Fall,4,38.8,-90.0,363.0,113.0,234.0,14.0,2.0,0.0,0.0,155.0,81.0,55.0,0.0,0.0,124.0,239.0,0.0
Edwardsville,KS,WYANDOTTE,2023-05-20,2023,5,20,Spring,2,39.1,-94.8,365.0,174.0,174.0,15.0,2.0,0.0,0.0,166.0,78.0,51.0,0.0,9.0,128.0,227.0,1.0
Egg Harbor,WI,DOOR,2023-07-29,2023,7,29,Summer,6,45.0,-87.3,204.0,155.0,40.0,8.0,1.0,0.0,0.0,159.0,87.0,41.0,0.0,0.0,204.0,0.0,0.0
Egg Harbor,WI,DOOR,2023-08-04,2023,8,4,Summer,12,45.0,-87.3,204.0,155.0,40.0,8.0,1.0,0.0,0.0,159.0,87.0,41.0,0.0,0.0,204.0,0.0,0.0
El Reno,OK,CANADIAN,2023-07-21,2023,7,21,Summer,2,35.5,-98.0,278.0,195.0,77.0,6.0,0.0,0.0,0.0,133.0,77.0,45.0,0.0,0.0,278.0,0.0,0.0
El Reno,OK,CANADIAN,2023-08-12,2023,8,12,Summer,2,35.5,-98.0,278.0,195.0,77.0,6.0,0.0,0.0,0.0,133.0,77.0,45.0,0.0,0.0,278.0,0.0,0.0
El Reno,OK,CANADIAN,2023-08-13,2023,8,13,Summer,2,35.5,-98.0,278.0,195.0,77.0,6.0,0.0,0.0,0.0,133.0,77.0,45.0,0.0,0.0,278.0,0.0,0.0
El Reno,OK,CANADIAN,2023-09-14,2023,9,14,Fall,3,35.5,-98.0,278.0,195.0,77.0,6.0,0.0,0.0,0.0,133.0,77.0,45.0,0.0,0.0,278.0,0.0,0.0
El Reno,OK,CANADIAN,2023-09-26,2023,9,26,Fall,4,35.5,-98.0,278.0,195.0,77.0,6.0,0.0,0.0,0.0,133.0,77.0,45.0,0.0,0.0,278.0,0.0,0.0
El Reno,OK,CANADIAN,2023-10-10,2023,10,10,Fall,2,35.5,-98.0,278.0,195.0,77.0,6.0,0.0,0.0,0.0,133.0,77.0,45.0,0.0,0.0,278.0,0.0,0.0
El Segundo,CA,LOS ANGELES,2023-10-05,2023,10,5,Fall,1,33.9,-118.4,365.0,41.0,237.0,52.0,32.0,3.0,0.0,210.0,147.0,67.0,0.0,5.0,150.0,203.0,7.0
El Segundo,CA,LOS ANGELES,2023-10-19,2023,10,19,Fall,1,33.9,-118.4,365.0,41.0,237.0,52.0,32.0,3.0,0.0,210.0,147.0,67.0,0.0,5.0,150.0,203.0,7.0
El Segundo,CA,LOS ANGELES,2023-10-24,2023,10,24,Fall,2,33.9,-118.4,365.0,41.0,237.0,52.0,32.0,3.0,0.0,210.0,147.0,67.0,0.0,5.0,150.0,203.0,7.0
El Segundo,CA,LOS ANGELES,2023-11-07,2023,11,7,Fall,8,33.9,-118.4,365.0,41.0,237.0,52.0,32.0,3.0,0.0,210.0,147.0,67.0,0.0,5.0,150.0,203.0,7.0
El Segundo,CA,LOS ANGELES,2023-11-14,2023,11,14,Fall,2,33.9,-118.4,365.0,41.0,237.0,52.0,32.0,3.0,0.0,210.0,147.0,67.0,0.0,5.0,150.0,203.0,7.0
El Segundo,CA,LOS ANGELES,2023-11-21,2023,11,21,Fall,2,33.9,-118.4,365.0,41.0,237.0,52.0,32.0,3.0,0.0,210.0,147.0,67.0,0.0,5.0,150.0,203.0,7.0
El Segundo,CA,LOS ANGELES,2023-11-28,2023,11,28,Fall,1,33.9,-118.4,365.0,41.0,237.0,52.0,32.0,3.0,0.0,210.0,147.0,67.0,0.0,5.0,150.0,203.0,7.0
El Segundo,CA,LOS ANGELES,2023-12-06,2023,12,6,Winter,4,33.9,-118.4,365.0,41.0,237.0,52.0,32.0,3.0,0.0,210.0,147.0,67.0,0.0,5.0,150.0,203.0,7.0
El Segundo,CA,LOS ANGELES,2023-12-12,2023,12,12,Winter,4,33.9,-118.4,365.0,41.0,237.0,52.0,32.0,3.0,0.0,210.0,147.0,67.0,0.0,5.0,150.0,203.0,7.0
El Segundo,CA,LOS ANGELES,2023-12-24,2023,12,24,Winter,1,33.9,-118.4,365.0,41.0,237.0,52.0,32.0,3.0,0.0,210.0,147.0,67.0,0.0,5.0,150.0,203.0,7.0
El Segundo,CA,LOS ANGELES,2023-12-29,2023,12,29,Winter,3,33.9,-118.4,365.0,41.0,237.0,52.0,32.0,3.0,0.0,210.0,147.0,67.0,0.0,5.0,150.0,203.0,7.0
El Sobrante,CA,CONTRA COSTA,2023-11-24,2023,11,24,Fall,3,38.0,-122.3,365.0,172.0,191.0,2.0,0.0,0.0,0.0,110.0,64.0,52.0,0.0,1.0,93.0,271.0,0.0
Elbridge,NY,ONONDAGA,2023-07-22,2023,7,22,Summer,4,43.0,-76.4,361.0,273.0,80.0,4.0,3.0,1.0,0.0,258.0,59.0,40.0,0.0,0.0,184.0,177.0,0.0
Elgin,IL,KANE,2023-07-03,2023,7,3,Summer,4,42.0,-88.3,288.0,178.0,89.0,16.0,5.0,0.0,0.0,174.0,87.0,46.0,0.0,0.0,198.0,90.0,0.0
Elgin,IL,KANE,2023-07-28,2023,7,28,Summer,4,42.0,-88.2,288.0,178.0,89.0,16.0,5.0,0.0,0.0,174.0,87.0,46.0,0.0,0.0,198.0,90.0,0.0
Elizabeth,IN,HARRISON,2023-08-31,2023,8,31,Summer,2,38.2,-85.9,,,,,,,,,,,,,,,
Elizabeth,PA,ALLEGHENY,2023-09-04,2023,9,4,Fall,2,40.3,-79.8,365.0,121.0,227.0,15.0,1.0,1.0,0.0,237.0,84.0,56.0,0.0,0.0,71.0,294.0,0.0
Elizabethton,TN,CARTER,2023-07-28,2023,7,28,Summer,1,36.3,-82.3,,,,,,,,,,,,,,,
Elizabethton,TN,CARTER,2023-09-27,2023,9,27,Fall,1,36.3,-82.2,,,,,,,,,,,,,,,
Elizabethton,TN,CARTER,2023-10-04,2023,10,4,Fall,2,36.3,-82.2,,,,,,,,,,,,,,,
Elizabethton,TN,CARTER,2023-11-13,2023,11,13,Fall,4,36.3,-82.2,,,,,,,,,,,,,,,
Elk Grove,CA,SACRAMENTO,2023-07-06,2023,7,6,Summer,1,38.4,-121.4,365.0,180.0,173.0,12.0,0.0,0.0,0.0,133.0,86.0,51.0,0.0,0.0,199.0,166.0,0.0
Elk Grove Village,IL,COOK,2023-09-15,2023,9,15,Fall,2,42.0,-88.0,365.0,104.0,227.0,27.0,5.0,2.0,0.0,223.0,93.0,57.0,0.0,8.0,97.0,252.0,8.0
Elkins,WV,RANDOLPH,2023-08-06,2023,8,6,Summer,1,38.9,-79.8,,,,,,,,,,,,,,,
Elkins,WV,RANDOLPH,2023-10-05,2023,10,5,Fall,1,38.9,-79.8,,,,,,,,,,,,,,,
Elkins,WV,RANDOLPH,2023-11-04,2023,11,4,Fall,1,38.9,-79.8,,,,,,,,,,,,,,,
Ellendale,DE,SUSSEX,2023-10-02,2023,10,2,Fall,1,38.8,-75.4,365.0,215.0,144.0,3.0,2.0,1.0,0.0,203.0,68.0,47.0,0.0,0.0,140.0,225.0,0.0
Ellicott City,MD,HOWARD,2023-09-21,2023,9,21,Fall,35,39.3,-76.9,365.0,268.0,93.0,1.0,3.0,0.0,0.0,188.0,59.0,38.0,0.0,64.0,0.0,301.0,0.0
Ellington,NY,CHAUTAUQUA,2023-09-05,2023,9,5,Fall,1,42.2,-79.1,363.0,322.0,36.0,5.0,0.0,0.0,0.0,133.0,54.0,37.0,0.0,0.0,335.0,28.0,0.0
Ellsworth,ME,HANCOCK,2023-09-13,2023,9,13,Fall,10,44.5,-68.4,365.0,314.0,51.0,0.0,0.0,0.0,0.0,93.0,54.0,38.0,0.0,0.0,321.0,44.0,0.0
Elmhurst,IL,DUPAGE,2023-07-05,2023,7,5,Summer,1,41.9,-87.9,365.0,146.0,202.0,11.0,4.0,2.0,0.0,234.0,77.0,53.0,0.0,0.0,101.0,264.0,0.0
Elmhurst,IL,DUPAGE,2023-07-08,2023,7,8,Summer,1,41.9,-88.0,365.0,146.0,202.0,11.0,4.0,2.0,0.0,234.0,77.0,53.0,0.0,0.0,101.0,264.0,0.0
Elmhurst,IL,DUPAGE,2023-07-09,2023,7,9,Summer,1,41.9,-87.9,365.0,146.0,202.0,11.0,4.0,2.0,0.0,234.0,77.0,53.0,0.0,0.0,101.0,264.0,0.0
Elsah,IL,JERSEY,2023-08-30,2023,8,30,Summer,2,39.0,-90.4,365.0,199.0,148.0,17.0,1.0,0.0,0.0,166.0,77.0,48.0,0.0,0.0,134.0,231.0,0.0
Elyria,OH,LORAIN,2023-07-27,2023,7,27,Summer,6,41.3,-82.1,243.0,221.0,22.0,0.0,0.0,0.0,0.0,90.0,50.0,37.0,0.0,0.0,243.0,0.0,0.0
Elyria,OH,LORAIN,2023-07-31,2023,7,31,Summer,6,41.3,-82.1,243.0,221.0,22.0,0.0,0.0,0.0,0.0,90.0,50.0,37.0,0.0,0.0,243.0,0.0,0.0
Elyria,OH,LORAIN,2023-08-16,2023,8,16,Summer,6,41.3,-82.1,243.0,221.0,22.0,0.0,0.0,0.0,0.0,90.0,50.0,37.0,0.0,0.0,243.0,0.0,0.0
Elyria,OH,LORAIN,2023-08-17,2023,8,17,Summer,12,41.3,-82.1,243.0,221.0,22.0,0.0,0.0,0.0,0.0,90.0,50.0,37.0,0.0,0.0,243.0,0.0,0.0
Elyria,OH,LORAIN,2023-08-22,2023,8,22,Summer,6,41.3,-82.1,243.0,221.0,22.0,0.0,0.0,0.0,0.0,90.0,50.0,37.0,0.0,0.0,243.0,0.0,0.0
Emerson,AR,COLUMBIA,2023-10-18,2023,10,18,Fall,1,33.1,-93.2,,,,,,,,,,,,,,,
Emeryville,CA,ALAMEDA,2023-11-08,2023,11,8,Fall,2,37.8,-122.3,365.0,198.0,154.0,13.0,0.0,0.0,0.0,130.0,70.0,48.0,1.0,16.0,131.0,217.0,0.0
Encinitas,CA,SAN DIEGO,2023-05-16,2023,5,16,Spring,3,33.0,-117.3,365.0,61.0,260.0,44.0,0.0,0.0,0.0,150.0,101.0,67.0,0.0,1.0,185.0,151.0,28.0
Endicott,WA,WHITMAN,2023-08-13,2023,8,13,Summer,1,46.9,-117.7,365.0,323.0,40.0,0.0,0.0,1.0,1.0,326.0,53.0,26.0,0.0,0.0,0.0,365.0,0.0
Englewood,FL,SARASOTA,2023-01-25,2023,1,25,Winter,3,27.0,-82.4,365.0,232.0,132.0,1.0,0.0,0.0,0.0,143.0,61.0,47.0,0.0,0.0,141.0,224.0,0.0
Englewood,NJ,BERGEN,2023-07-01,2023,7,1,Summer,1,40.9,-74.0,365.0,204.0,152.0,5.0,4.0,0.0,0.0,197.0,69.0,48.0,0.0,29.0,91.0,245.0,0.0
Englewood,NJ,BERGEN,2023-07-28,2023,7,28,Summer,1,40.9,-74.0,365.0,204.0,152.0,5.0,4.0,0.0,0.0,197.0,69.0,48.0,0.0,29.0,91.0,245.0,0.0
Englewood,NJ,BERGEN,2023-08-16,2023,8,16,Summer,1,40.9,-74.0,365.0,204.0,152.0,5.0,4.0,0.0,0.0,197.0,69.0,48.0,0.0,29.0,91.0,245.0,0.0
Englewood,NJ,BERGEN,2023-08-18,2023,8,18,Summer,1,40.9,-74.0,365.0,204.0,152.0,5.0,4.0,0.0,0.0,197.0,69.0,48.0,0.0,29.0,91.0,245.0,0.0
Englewood,NJ,BERGEN,2023-08-29,2023,8,29,Summer,2,40.9,-74.0,365.0,204.0,152.0,5.0,4.0,0.0,0.0,197.0,69.0,48.0,0.0,29.0,91.0,245.0,0.0
Englewood,NJ,BERGEN,2023-10-04,2023,10,4,Fall,1,40.9,-74.0,365.0,204.0,152.0,5.0,4.0,0.0,0.0,197.0,69.0,48.0,0.0,29.0,91.0,245.0,0.0
Englewood,OH,MONTGOMERY,2023-07-20,2023,7,20,Summer,2,39.9,-84.3,363.0,181.0,171.0,8.0,3.0,0.0,0.0,196.0,71.0,51.0,0.0,0.0,116.0,246.0,1.0
Enid,OK,GARFIELD,2023-10-03,2023,10,3,Fall,26,36.4,-97.9,,,,,,,,,,,,,,,
Enid,OK,GARFIELD,2023-10-04,2023,10,4,Fall,40,36.4,-97.9,,,,,,,,,,,,,,,
Enid,OK,GARFIELD,2023-10-05,2023,10,5,Fall,12,36.4,-97.9,,,,,,,,,,,,,,,
Enid,OK,GARFIELD,2023-10-26,2023,10,26,Fall,6,36.4,-97.9,,,,,,,,,,,,,,,
Ennis,TX,ELLIS,2023-04-08,2023,4,8,Spring,1,32.3,-96.7,348.0,286.0,60.0,2.0,0.0,0.0,0.0,112.0,61.0,36.0,0.0,20.0,328.0,0.0,0.0
Enterprise,AL,COFFEE,2023-08-15,2023,8,15,Summer,2,31.4,-85.8,,,,,,,,,,,,,,,
Enterprise,AL,COFFEE,2023-09-12,2023,9,12,Fall,4,31.4,-85.8,,,,,,,,,,,,,,,
Enterprise,AL,COFFEE,2023-09-13,2023,9,13,Fall,4,31.4,-85.8,,,,,,,,,,,,,,,
Enterprise,AL,COFFEE,2023-09-14,2023,9,14,Fall,2,31.4,-85.8,,,,,,,,,,,,,,,
Enterprise,AL,COFFEE,2023-10-03,2023,10,3,Fall,4,31.4,-85.8,,,,,,,,,,,,,,,
Erie,PA,ERIE,2023-07-26,2023,7,26,Summer,36,42.2,-80.0,365.0,240.0,116.0,6.0,3.0,0.0,0.0,180.0,64.0,42.0,1.0,3.0,148.0,212.0,1.0
Erie,PA,ERIE,2023-07-30,2023,7,30,Summer,24,42.1,-80.2,365.0,240.0,116.0,6.0,3.0,0.0,0.0,180.0,64.0,42.0,1.0,3.0,148.0,212.0,1.0
Erie,PA,ERIE,2023-08-16,2023,8,16,Summer,24,42.1,-80.1,365.0,240.0,116.0,6.0,3.0,0.0,0.0,180.0,64.0,42.0,1.0,3.0,148.0,212.0,1.0
Erie,PA,ERIE,2023-08-26,2023,8,26,Summer,12,42.1,-80.1,365.0,240.0,116.0,6.0,3.0,0.0,0.0,180.0,64.0,42.0,1.0,3.0,148.0,212.0,1.0
Erie,PA,ERIE,2023-09-02,2023,9,2,Fall,12,42.1,-80.1,365.0,240.0,116.0,6.0,3.0,0.0,0.0,180.0,64.0,42.0,1.0,3.0,148.0,212.0,1.0
Erie,PA,ERIE,2023-09-19,2023,9,19,Fall,84,42.2,-80.1,365.0,240.0,116.0,6.0,3.0,0.0,0.0,180.0,64.0,42.0,1.0,3.0,148.0,212.0,1.0
Erie,PA,ERIE,2023-09-21,2023,9,21,Fall,144,42.2,-80.1,365.0,240.0,116.0,6.0,3.0,0.0,0.0,180.0,64.0,42.0,1.0,3.0,148.0,212.0,1.0
Erie,PA,ERIE,2023-10-03,2023,10,3,Fall,12,42.2,-80.1,365.0,240.0,116.0,6.0,3.0,0.0,0.0,180.0,64.0,42.0,1.0,3.0,148.0,212.0,1.0
Erieville,NY,MADISON,2023-09-13,2023,9,13,Fall,1,42.9,-75.7,,,,,,,,,,,,,,,
Erieville,NY,MADISON,2023-09-14,2023,9,14,Fall,1,42.9,-75.7,,,,,,,,,,,,,,,
Escalante,UT,GARFIELD,2023-10-22,2023,10,22,Fall,2,37.8,-111.4,121.0,121.0,0.0,0.0,0.0,0.0,0.0,38.0,19.0,10.0,0.0,0.0,0.0,121.0,0.0
Escalon,CA,SAN JOAQUIN,2023-07-11,2023,7,11,Summer,1,37.8,-121.0,365.0,208.0,148.0,9.0,0.0,0.0,0.0,119.0,78.0,47.0,0.0,0.0,161.0,194.0,10.0
Escalon,CA,SAN JOAQUIN,2023-10-04,2023,10,4,Fall,2,37.8,-121.0,365.0,208.0,148.0,9.0,0.0,0.0,0.0,119.0,78.0,47.0,0.0,0.0,161.0,194.0,10.0
Estes Park,CO,LARIMER,2023-08-23,2023,8,23,Summer,2,40.4,-105.6,365.0,175.0,185.0,4.0,1.0,0.0,0.0,156.0,77.0,51.0,0.0,0.0,304.0,61.0,0.0
Eugene,OR,LANE,2023-08-12,2023,8,12,Summer,6,44.1,-123.2,365.0,190.0,159.0,9.0,6.0,1.0,0.0,211.0,79.0,49.0,0.0,0.0,78.0,287.0,0.0
Eureka,CA,HUMBOLDT,2023-07-27,2023,7,27,Summer,3,40.8,-124.2,365.0,284.0,70.0,6.0,1.0,4.0,0.0,299.0,60.0,32.0,0.0,0.0,190.0,153.0,22.0
Eureka,MO,SAINT LOUIS,2023-09-26,2023,9,26,Fall,16,38.5,-90.6,365.0,218.0,130.0,14.0,3.0,0.0,0.0,166.0,74.0,46.0,0.0,13.0,168.0,184.0,0.0
Eustis,FL,LAKE,2023-04-18,2023,4,18,Spring,2,28.9,-81.7,364.0,337.0,27.0,0.0,0.0,0.0,0.0,97.0,49.0,37.0,0.0,0.0,364.0,0.0,0.0
Evanston,IL,COOK,2023-05-21,2023,5,21,Spring,3,42.1,-87.7,365.0,104.0,227.0,27.0,5.0,2.0,0.0,223.0,93.0,57.0,0.0,8.0,97.0,252.0,8.0
Evanston,IL,COOK,2023-06-01,2023,6,1,Summer,3,42.1,-87.7,365.0,104.0,227.0,27.0,5.0,2.0,0.0,223.0,93.0,57.0,0.0,8.0,97.0,252.0,8.0
Evanston,IL,COOK,2023-07-31,2023,7,31,Summer,18,42.1,-87.7,365.0,104.0,227.0,27.0,5.0,2.0,0.0,223.0,93.0,57.0,0.0,8.0,97.0,252.0,8.0
Evanston,IL,COOK,2023-08-01,2023,8,1,Summer,6,42.1,-87.7,365.0,104.0,227.0,27.0,5.0,2.0,0.0,223.0,93.0,57.0,0.0,8.0,97.0,252.0,8.0
Evanston,IL,COOK,2023-08-03,2023,8,3,Summer,6,42.1,-87.7,365.0,104.0,227.0,27.0,5.0,2.0,0.0,223.0,93.0,57.0,0.0,8.0,97.0,252.0,8.0
Evanston,IL,COOK,2023-08-09,2023,8,9,Summer,3,42.0,-87.7,365.0,104.0,227.0,27.0,5.0,2.0,0.0,223.0,93.0,57.0,0.0,8.0,97.0,252.0,8.0
Evanston,IL,COOK,2023-08-17,2023,8,17,Summer,3,42.1,-87.7,365.0,104.0,227.0,27.0,5.0,2.0,0.0,223.0,93.0,57.0,0.0,8.0,97.0,252.0,8.0
Evanston,IL,COOK,2023-08-28,2023,8,28,Summer,3,42.1,-87.7,365.0,104.0,227.0,27.0,5.0,2.0,0.0,223.0,93.0,57.0,0.0,8.0,97.0,252.0,8.0
Evansville,IN,VANDERBURGH,2023-09-19,2023,9,19,Fall,24,38.1,-87.5,365.0,152.0,205.0,7.0,1.0,0.0,0.0,179.0,70.0,52.0,0.0,0.0,119.0,246.0,0.0
Evansville,IN,VANDERBURGH,2023-09-28,2023,9,28,Fall,48,38.1,-87.5,365.0,152.0,205.0,7.0,1.0,0.0,0.0,179.0,70.0,52.0,0.0,0.0,119.0,246.0,0.0
Evansville,IN,VANDERBURGH,2023-10-04,2023,10,4,Fall,12,38.0,-87.5,365.0,152.0,205.0,7.0,1.0,0.0,0.0,179.0,70.0,52.0,0.0,0.0,119.0,246.0,0.0
Evansville,IN,VANDERBURGH,2023-10-08,2023,10,8,Fall,12,38.1,-87.5,365.0,152.0,205.0,7.0,1.0,0.0,0.0,179.0,70.0,52.0,0.0,0.0,119.0,246.0,0.0
Evansville,IN,VANDERBURGH,2023-10-13,2023,10,13,Fall,12,38.1,-87.5,365.0,152.0,205.0,7.0,1.0,0.0,0.0,179.0,70.0,52.0,0.0,0.0,119.0,246.0,0.0
Evansville,WI,ROCK,2023-08-06,2023,8,6,Summer,1,42.8,-89.3,205.0,131.0,52.0,20.0,2.0,0.0,0.0,177.0,108.0,46.0,0.0,0.0,205.0,0.0,0.0
Evergreen Park,IL,COOK,2023-07-03,2023,7,3,Summer,3,41.7,-87.7,365.0,104.0,227.0,27.0,5.0,2.0,0.0,223.0,93.0,57.0,0.0,8.0,97.0,252.0,8.0
Evergreen Park,IL,COOK,2023-07-13,2023,7,13,Summer,3,41.7,-87.7,365.0,104.0,227.0,27.0,5.0,2.0,0.0,223.0,93.0,57.0,0.0,8.0,97.0,252.0,8.0
Evergreen Park,IL,COOK,2023-07-29,2023,7,29,Summer,3,41.7,-87.7,365.0,104.0,227.0,27.0,5.0,2.0,0.0,223.0,93.0,57.0,0.0,8.0,97.0,252.0,8.0
Evergreen Park,IL,COOK,2023-08-04,2023,8,4,Summer,3,41.7,-87.7,365.0,104.0,227.0,27.0,5.0,2.0,0.0,223.0,93.0,57.0,0.0,8.0,97.0,252.0,8.0
Evington,VA,CAMPBELL,2023-10-03,2023,10,3,Fall,1,37.3,-79.2,,,,,,,,,,,,,,,
Exeter,NH,ROCKINGHAM,2023-08-01,2023,8,1,Summer,9,43.0,-71.0,365.0,276.0,89.0,0.0,0.0,0.0,0.0,100.0,59.0,40.0,0.0,0.0,239.0,126.0,0.0
Exeter,RI,WASHINGTON,2023-07-19,2023,7,19,Summer,2,41.6,-71.7,355.0,287.0,58.0,10.0,0.0,0.0,0.0,140.0,58.0,40.0,0.0,0.0,166.0,189.0,0.0
Exmore,VA,NORTHAMPTON,2023-07-21,2023,7,21,Summer,1,37.5,-75.9,,,,,,,,,,,,,,,
Fair Lawn,NJ,BERGEN,2023-08-14,2023,8,14,Summer,3,40.9,-74.1,365.0,204.0,152.0,5.0,4.0,0.0,0.0,197.0,69.0,48.0,0.0,29.0,91.0,245.0,0.0
Fair Oaks,CA,SACRAMENTO,2023-08-26,2023,8,26,Summer,1,38.7,-121.3,365.0,180.0,173.0,12.0,0.0,0.0,0.0,133.0,86.0,51.0,0.0,0.0,199.0,166.0,0.0
Fair Oaks,IN,JASPER,2023-09-22,2023,9,22,Fall,3,41.0,-87.3,,,,,,,,,,,,,,,
Fairborn,OH,GREENE,2023-09-13,2023,9,13,Fall,5,39.8,-84.0,244.0,187.0,53.0,4.0,0.0,0.0,0.0,126.0,67.0,44.0,0.0,0.0,244.0,0.0,0.0
Fairborn,OH,GREENE,2023-09-14,2023,9,14,Fall,5,39.8,-84.0,244.0,187.0,53.0,4.0,0.0,0.0,0.0,126.0,67.0,44.0,0.0,0.0,244.0,0.0,0.0
Fairborn,OH,GREENE,2023-10-04,2023,10,4,Fall,5,39.8,-84.0,244.0,187.0,53.0,4.0,0.0,0.0,0.0,126.0,67.0,44.0,0.0,0.0,244.0,0.0,0.0
Fairborn,OH,GREENE,2023-10-13,2023,10,13,Fall,10,39.8,-84.0,244.0,187.0,53.0,4.0,0.0,0.0,0.0,126.0,67.0,44.0,0.0,0.0,244.0,0.0,0.0
Fairburn,SD,CUSTER,2023-09-07,2023,9,7,Fall,2,43.6,-103.4,365.0,308.0,48.0,4.0,5.0,0.0,0.0,167.0,58.0,43.0,0.0,0.0,303.0,59.0,3.0
Fairbury,IL,LIVINGSTON,2023-07-01,2023,7,1,Summer,6,40.8,-88.5,,,,,,,,,,,,,,,
Fairbury,IL,LIVINGSTON,2023-07-05,2023,7,5,Summer,3,40.8,-88.5,,,,,,,,,,,,,,,
Fairbury,IL,LIVINGSTON,2023-07-09,2023,7,9,Summer,36,40.8,-88.5,,,,,,,,,,,,,,,
Fairbury,IL,LIVINGSTON,2023-07-11,2023,7,11,Summer,3,40.8,-88.5,,,,,,,,,,,,,,,
Fairbury,IL,LIVINGSTON,2023-07-12,2023,7,12,Summer,6,40.8,-88.5,,,,,,,,,,,,,,,
Fairbury,IL,LIVINGSTON,2023-07-14,2023,7,14,Summer,9,40.8,-88.5,,,,,,,,,,,,,,,
Fairbury,IL,LIVINGSTON,2023-07-16,2023,7,16,Summer,3,40.8,-88.5,,,,,,,,,,,,,,,
Fairbury,IL,LIVINGSTON,2023-07-18,2023,7,18,Summer,6,40.8,-88.5,,,,,,,,,,,,,,,
Fairbury,IL,LIVINGSTON,2023-07-29,2023,7,29,Summer,3,40.8,-88.5,,,,,,,,,,,,,,,
Fairbury,IL,LIVINGSTON,2023-07-30,2023,7,30,Summer,6,40.8,-88.5,,,,,,,,,,,,,,,
Fairbury,IL,LIVINGSTON,2023-07-31,2023,7,31,Summer,15,40.8,-88.5,,,,,,,,,,,,,,,
Fairbury,IL,LIVINGSTON,2023-08-01,2023,8,1,Summer,6,40.8,-88.5,,,,,,,,,,,,,,,
Fairbury,IL,LIVINGSTON,2023-08-02,2023,8,2,Summer,3,40.8,-88.5,,,,,,,,,,,,,,,
Fairbury,IL,LIVINGSTON,2023-08-03,2023,8,3,Summer,12,40.8,-88.5,,,,,,,,,,,,,,,
Fairbury,IL,LIVINGSTON,2023-08-04,2023,8,4,Summer,6,40.8,-88.5,,,,,,,,,,,,,,,
Fairbury,IL,LIVINGSTON,2023-08-06,2023,8,6,Summer,12,40.8,-88.5,,,,,,,,,,,,,,,
Fairbury,IL,LIVINGSTON,2023-10-24,2023,10,24,Fall,3,40.8,-88.5,,,,,,,,,,,,,,,
Fairfax,VA,FAIRFAX,2023-07-31,2023,7,31,Summer,4,38.8,-77.4,365.0,217.0,138.0,7.0,2.0,1.0,0.0,222.0,69.0,46.0,0.0,19.0,130.0,216.0,0.0
Fairfax,VA,FAIRFAX,2023-08-13,2023,8,13,Summer,4,38.8,-77.3,365.0,217.0,138.0,7.0,2.0,1.0,0.0,222.0,69.0,46.0,0.0,19.0,130.0,216.0,0.0
Fairfax,VA,FAIRFAX,2023-09-02,2023,9,2,Fall,4,38.8,-77.4,365.0,217.0,138.0,7.0,2.0,1.0,0.0,222.0,69.0,46.0,0.0,19.0,130.0,216.0,0.0
Fairfax,VA,FAIRFAX,2023-09-18,2023,9,18,Fall,4,38.8,-77.4,365.0,217.0,138.0,7.0,2.0,1.0,0.0,222.0,69.0,46.0,0.0,19.0,130.0,216.0,0.0
Fairfax Station,VA,FAIRFAX,2023-08-25,2023,8,25,Summer,3,38.7,-77.3,365.0,217.0,138.0,7.0,2.0,1.0,0.0,222.0,69.0,46.0,0.0,19.0,130.0,216.0,0.0
Fairfield,CT,FAIRFIELD,2023-08-02,2023,8,2,Summer,4,41.2,-73.3,365.0,210.0,135.0,12.0,7.0,1.0,0.0,242.0,79.0,46.0,0.0,12.0,146.0,206.0,1.0
Fairfield,CT,FAIRFIELD,2023-10-09,2023,10,9,Fall,4,41.2,-73.2,365.0,210.0,135.0,12.0,7.0,1.0,0.0,242.0,79.0,46.0,0.0,12.0,146.0,206.0,1.0
Fairfield,IA,JEFFERSON,2023-09-13,2023,9,13,Fall,8,41.0,-92.0,,,,,,,,,,,,,,,
Fairfield,NJ,ESSEX,2023-07-01,2023,7,1,Summer,1,40.9,-74.3,,,,,,,,,,,,,,,
Fairfield,NJ,ESSEX,2023-08-17,2023,8,17,Summer,1,40.9,-74.3,,,,,,,,,,,,,,,
Fairfield,NJ,ESSEX,2023-10-05,2023,10,5,Fall,1,40.9,-74.3,,,,,,,,,,,,,,,
Fairfield,PA,ADAMS,2023-08-13,2023,8,13,Summer,4,39.8,-77.4,365.0,188.0,166.0,7.0,3.0,1.0,0.0,241.0,77.0,50.0,0.0,0.0,175.0,190.0,0.0
Fairfield,PA,ADAMS,2023-08-21,2023,8,21,Summer,8,39.8,-77.4,365.0,188.0,166.0,7.0,3.0,1.0,0.0,241.0,77.0,50.0,0.0,0.0,175.0,190.0,0.0
Fairfield,PA,ADAMS,2023-09-18,2023,9,18,Fall,4,39.8,-77.4,365.0,188.0,166.0,7.0,3.0,1.0,0.0,241.0,77.0,50.0,0.0,0.0,175.0,190.0,0.0
Fairfield,PA,ADAMS,2023-09-19,2023,9,19,Fall,4,39.8,-77.4,365.0,188.0,166.0,7.0,3.0,1.0,0.0,241.0,77.0,50.0,0.0,0.0,175.0,190.0,0.0
Fairfield,PA,ADAMS,2023-10-03,2023,10,3,Fall,4,39.8,-77.4,365.0,188.0,166.0,7.0,3.0,1.0,0.0,241.0,77.0,50.0,0.0,0.0,175.0,190.0,0.0
Fairfield,PA,ADAMS,2023-10-28,2023,10,28,Fall,4,39.8,-77.4,365.0,188.0,166.0,7.0,3.0,1.0,0.0,241.0,77.0,50.0,0.0,0.0,175.0,190.0,0.0
Fairhope,AL,BALDWIN,2023-03-04,2023,3,4,Spring,2,30.5,-87.9,347.0,236.0,111.0,0.0,0.0,0.0,0.0,90.0,60.0,43.0,0.0,0.0,108.0,239.0,0.0
Fairhope,AL,BALDWIN,2023-04-25,2023,4,25,Spring,2,30.4,-87.8,347.0,236.0,111.0,0.0,0.0,0.0,0.0,90.0,60.0,43.0,0.0,0.0,108.0,239.0,0.0
Fairhope,AL,BALDWIN,2023-07-08,2023,7,8,Summer,2,30.5,-87.9,347.0,236.0,111.0,0.0,0.0,0.0,0.0,90.0,60.0,43.0,0.0,0.0,108.0,239.0,0.0
Fairhope,AL,BALDWIN,2023-09-11,2023,9,11,Fall,2,30.5,-87.8,347.0,236.0,111.0,0.0,0.0,0.0,0.0,90.0,60.0,43.0,0.0,0.0,108.0,239.0,0.0
Fairhope,AL,BALDWIN,2023-09-22,2023,9,22,Fall,4,30.5,-87.9,347.0,236.0,111.0,0.0,0.0,0.0,0.0,90.0,60.0,43.0,0.0,0.0,108.0,239.0,0.0
Fairhope,AL,BALDWIN,2023-10-17,2023,10,17,Fall,6,30.5,-87.9,347.0,236.0,111.0,0.0,0.0,0.0,0.0,90.0,60.0,43.0,0.0,0.0,108.0,239.0,0.0
Fairhope,AL,BALDWIN,2023-10-26,2023,10,26,Fall,30,30.5,-87.9,347.0,236.0,111.0,0.0,0.0,0.0,0.0,90.0,60.0,43.0,0.0,0.0,108.0,239.0,0.0
Fairhope,AL,BALDWIN,2023-10-27,2023,10,27,Fall,4,30.6,-87.9,347.0,236.0,111.0,0.0,0.0,0.0,0.0,90.0,60.0,43.0,0.0,0.0,108.0,239.0,0.0
Fairhope,AL,BALDWIN,2023-10-28,2023,10,28,Fall,4,30.6,-87.9,347.0,236.0,111.0,0.0,0.0,0.0,0.0,90.0,60.0,43.0,0.0,0.0,108.0,239.0,0.0
Fairhope,AL,BALDWIN,2023-11-06,2023,11,6,Fall,4,30.6,-87.9,347.0,236.0,111.0,0.0,0.0,0.0,0.0,90.0,60.0,43.0,0.0,0.0,108.0,239.0,0.0
Fairlawn,OH,SUMMIT,2023-09-16,2023,9,16,Fall,2,41.1,-81.6,348.0,209.0,131.0,5.0,2.0,1.0,0.0,230.0,74.0,46.0,0.0,0.0,150.0,198.0,0.0
Fairmont,WV,MARION,2023-10-15,2023,10,15,Fall,8,39.5,-80.2,118.0,84.0,33.0,0.0,1.0,0.0,0.0,170.0,58.0,39.0,0.0,0.0,0.0,118.0,0.0
Fairmont,WV,MARION,2023-11-02,2023,11,2,Fall,0,39.5,-80.1,118.0,84.0,33.0,0.0,1.0,0.0,0.0,170.0,58.0,39.0,0.0,0.0,0.0,118.0,0.0
Fairport,NY,MONROE,2023-08-20,2023,8,20,Summer,1,43.1,-77.4,365.0,237.0,120.0,3.0,5.0,0.0,0.0,176.0,64.0,42.0,0.0,0.0,128.0,237.0,0.0
Fairview,NC,BUNCOMBE,2023-08-10,2023,8,10,Summer,1,35.5,-82.4,365.0,261.0,104.0,0.0,0.0,0.0,0.0,99.0,60.0,43.0,0.0,0.0,133.0,232.0,0.0
Falconer,NY,CHAUTAUQUA,2023-08-29,2023,8,29,Summer,1,42.2,-79.2,363.0,322.0,36.0,5.0,0.0,0.0,0.0,133.0,54.0,37.0,0.0,0.0,335.0,28.0,0.0
Fallbrook,CA,SAN DIEGO,2023-08-03,2023,8,3,Summer,2,33.4,-117.2,365.0,61.0,260.0,44.0,0.0,0.0,0.0,150.0,101.0,67.0,0.0,1.0,185.0,151.0,28.0
Falls Church,VA,FAIRFAX,2023-09-18,2023,9,18,Fall,7,38.9,-77.2,365.0,217.0,138.0,7.0,2.0,1.0,0.0,222.0,69.0,46.0,0.0,19.0,130.0,216.0,0.0
Falls Church,VA,FAIRFAX,2023-10-12,2023,10,12,Fall,7,38.9,-77.2,365.0,217.0,138.0,7.0,2.0,1.0,0.0,222.0,69.0,46.0,0.0,19.0,130.0,216.0,0.0
Falls Church,VA,FAIRFAX,2023-10-26,2023,10,26,Fall,7,38.9,-77.2,365.0,217.0,138.0,7.0,2.0,1.0,0.0,222.0,69.0,46.0,0.0,19.0,130.0,216.0,0.0
Falls Church,VA,FAIRFAX,2023-10-29,2023,10,29,Fall,7,38.9,-77.2,365.0,217.0,138.0,7.0,2.0,1.0,0.0,222.0,69.0,46.0,0.0,19.0,130.0,216.0,0.0
Falmouth,MA,BARNSTABLE,2023-08-20,2023,8,20,Summer,2,41.6,-70.6,358.0,331.0,24.0,3.0,0.0,0.0,0.0,140.0,49.0,37.0,0.0,0.0,336.0,22.0,0.0
Falmouth,MA,BARNSTABLE,2023-08-21,2023,8,21,Summer,1,41.6,-70.6,358.0,331.0,24.0,3.0,0.0,0.0,0.0,140.0,49.0,37.0,0.0,0.0,336.0,22.0,0.0
Falmouth,MA,BARNSTABLE,2023-10-03,2023,10,3,Fall,1,41.6,-70.6,358.0,331.0,24.0,3.0,0.0,0.0,0.0,140.0,49.0,37.0,0.0,0.0,336.0,22.0,0.0
Falmouth,MA,BARNSTABLE,2023-10-11,2023,10,11,Fall,1,41.6,-70.6,358.0,331.0,24.0,3.0,0.0,0.0,0.0,140.0,49.0,37.0,0.0,0.0,336.0,22.0,0.0
Farmington,AR,WASHINGTON,2023-04-11,2023,4,11,Spring,2,36.0,-94.2,365.0,265.0,95.0,5.0,0.0,0.0,0.0,119.0,64.0,44.0,0.0,0.0,323.0,42.0,0.0
Farmington,AR,WASHINGTON,2023-04-12,2023,4,12,Spring,2,36.0,-94.2,365.0,265.0,95.0,5.0,0.0,0.0,0.0,119.0,64.0,44.0,0.0,0.0,323.0,42.0,0.0
Farmington,AR,WASHINGTON,2023-04-13,2023,4,13,Spring,4,36.0,-94.2,365.0,265.0,95.0,5.0,0.0,0.0,0.0,119.0,64.0,44.0,0.0,0.0,323.0,42.0,0.0
Farmington,AR,WASHINGTON,2023-04-16,2023,4,16,Spring,2,36.0,-94.2,365.0,265.0,95.0,5.0,0.0,0.0,0.0,119.0,64.0,44.0,0.0,0.0,323.0,42.0,0.0
Farmington,ME,FRANKLIN,2023-08-24,2023,8,24,Summer,6,44.7,-70.1,,,,,,,,,,,,,,,
Farmington,ME,FRANKLIN,2023-08-26,2023,8,26,Summer,6,44.7,-70.1,,,,,,,,,,,,,,,
Farmington,MN,DAKOTA,2023-06-01,2023,6,1,Summer,1,44.6,-93.1,365.0,184.0,171.0,7.0,3.0,0.0,0.0,185.0,73.0,49.0,0.0,10.0,0.0,355.0,0.0
Farmington,MN,DAKOTA,2023-07-08,2023,7,8,Summer,1,44.6,-93.1,365.0,184.0,171.0,7.0,3.0,0.0,0.0,185.0,73.0,49.0,0.0,10.0,0.0,355.0,0.0
Farmington,MN,DAKOTA,2023-07-09,2023,7,9,Summer,1,44.6,-93.1,365.0,184.0,171.0,7.0,3.0,0.0,0.0,185.0,73.0,49.0,0.0,10.0,0.0,355.0,0.0
Farmington,PA,FAYETTE,2023-08-13,2023,8,13,Summer,1,39.8,-79.6,304.0,220.0,82.0,2.0,0.0,0.0,0.0,129.0,64.0,44.0,0.0,0.0,232.0,72.0,0.0
Farmville,VA,PRINCE EDWARD,2023-09-19,2023,9,19,Fall,8,37.2,-78.4,360.0,351.0,9.0,0.0,0.0,0.0,0.0,74.0,44.0,34.0,0.0,0.0,360.0,0.0,0.0
Fayetteville,AR,WASHINGTON,2023-04-08,2023,4,8,Spring,4,36.1,-94.2,365.0,265.0,95.0,5.0,0.0,0.0,0.0,119.0,64.0,44.0,0.0,0.0,323.0,42.0,0.0
Fayetteville,AR,WASHINGTON,2023-04-09,2023,4,9,Spring,6,36.1,-94.1,365.0,265.0,95.0,5.0,0.0,0.0,0.0,119.0,64.0,44.0,0.0,0.0,323.0,42.0,0.0
Fayetteville,AR,WASHINGTON,2023-04-10,2023,4,10,Spring,10,36.1,-94.2,365.0,265.0,95.0,5.0,0.0,0.0,0.0,119.0,64.0,44.0,0.0,0.0,323.0,42.0,0.0
Fayetteville,AR,WASHINGTON,2023-04-14,2023,4,14,Spring,2,36.1,-94.1,365.0,265.0,95.0,5.0,0.0,0.0,0.0,119.0,64.0,44.0,0.0,0.0,323.0,42.0,0.0
Fayetteville,AR,WASHINGTON,2023-08-15,2023,8,15,Summer,2,36.1,-94.1,365.0,265.0,95.0,5.0,0.0,0.0,0.0,119.0,64.0,44.0,0.0,0.0,323.0,42.0,0.0
Fayetteville,AR,WASHINGTON,2023-08-16,2023,8,16,Summer,2,36.1,-94.1,365.0,265.0,95.0,5.0,0.0,0.0,0.0,119.0,64.0,44.0,0.0,0.0,323.0,42.0,0.0
Fayetteville,AR,WASHINGTON,2023-08-17,2023,8,17,Summer,2,36.1,-94.1,365.0,265.0,95.0,5.0,0.0,0.0,0.0,119.0,64.0,44.0,0.0,0.0,323.0,42.0,0.0
Fayetteville,AR,WASHINGTON,2023-08-20,2023,8,20,Summer,2,36.1,-94.2,365.0,265.0,95.0,5.0,0.0,0.0,0.0,119.0,64.0,44.0,0.0,0.0,323.0,42.0,0.0
Fayetteville,AR,WASHINGTON,2023-08-23,2023,8,23,Summer,2,36.1,-94.1,365.0,265.0,95.0,5.0,0.0,0.0,0.0,119.0,64.0,44.0,0.0,0.0,323.0,42.0,0.0
Fayetteville,AR,WASHINGTON,2023-08-25,2023,8,25,Summer,2,36.1,-94.1,365.0,265.0,95.0,5.0,0.0,0.0,0.0,119.0,64.0,44.0,0.0,0.0,323.0,42.0,0.0
Fayetteville,AR,WASHINGTON,2023-09-10,2023,9,10,Fall,4,36.1,-94.2,365.0,265.0,95.0,5.0,0.0,0.0,0.0,119.0,64.0,44.0,0.0,0.0,323.0,42.0,0.0
Fayetteville,AR,WASHINGTON,2023-09-21,2023,9,21,Fall,4,36.1,-94.2,365.0,265.0,95.0,5.0,0.0,0.0,0.0,119.0,64.0,44.0,0.0,0.0,323.0,42.0,0.0
Fayetteville,AR,WASHINGTON,2023-09-27,2023,9,27,Fall,2,36.1,-94.2,365.0,265.0,95.0,5.0,0.0,0.0,0.0,119.0,64.0,44.0,0.0,0.0,323.0,42.0,0.0
Fayetteville,AR,WASHINGTON,2023-10-02,2023,10,2,Fall,2,36.1,-94.1,365.0,265.0,95.0,5.0,0.0,0.0,0.0,119.0,64.0,44.0,0.0,0.0,323.0,42.0,0.0
Fayetteville,AR,WASHINGTON,2023-10-11,2023,10,11,Fall,2,36.1,-94.1,365.0,265.0,95.0,5.0,0.0,0.0,0.0,119.0,64.0,44.0,0.0,0.0,323.0,42.0,0.0
Fayetteville,AR,WASHINGTON,2023-10-18,2023,10,18,Fall,2,36.1,-94.2,365.0,265.0,95.0,5.0,0.0,0.0,0.0,119.0,64.0,44.0,0.0,0.0,323.0,42.0,0.0
Fayetteville,AR,WASHINGTON,2023-10-25,2023,10,25,Fall,2,36.1,-94.2,365.0,265.0,95.0,5.0,0.0,0.0,0.0,119.0,64.0,44.0,0.0,0.0,323.0,42.0,0.0
Fayetteville,GA,FAYETTE,2023-07-14,2023,7,14,Summer,2,33.4,-84.4,,,,,,,,,,,,,,,
Fayetteville,GA,FAYETTE,2023-10-14,2023,10,14,Fall,6,33.4,-84.5,,,,,,,,,,,,,,,
Fayetteville,GA,FAYETTE,2023-10-21,2023,10,21,Fall,4,33.4,-84.5,,,,,,,,,,,,,,,
Fayetteville,NY,ONONDAGA,2023-07-28,2023,7,28,Summer,1,43.1,-76.0,361.0,273.0,80.0,4.0,3.0,1.0,0.0,258.0,59.0,40.0,0.0,0.0,184.0,177.0,0.0
Fayetteville,PA,FRANKLIN,2023-07-25,2023,7,25,Summer,1,39.9,-77.6,301.0,267.0,32.0,2.0,0.0,0.0,0.0,133.0,51.0,39.0,0.0,0.0,301.0,0.0,0.0
Fayetteville,PA,FRANKLIN,2023-07-28,2023,7,28,Summer,4,39.9,-77.6,301.0,267.0,32.0,2.0,0.0,0.0,0.0,133.0,51.0,39.0,0.0,0.0,301.0,0.0,0.0
Fayetteville,PA,FRANKLIN,2023-08-04,2023,8,4,Summer,2,39.9,-77.6,301.0,267.0,32.0,2.0,0.0,0.0,0.0,133.0,51.0,39.0,0.0,0.0,301.0,0.0,0.0
Fayetteville,PA,FRANKLIN,2023-08-06,2023,8,6,Summer,7,39.9,-77.6,301.0,267.0,32.0,2.0,0.0,0.0,0.0,133.0,51.0,39.0,0.0,0.0,301.0,0.0,0.0
Fayetteville,PA,FRANKLIN,2023-08-13,2023,8,13,Summer,1,39.9,-77.5,301.0,267.0,32.0,2.0,0.0,0.0,0.0,133.0,51.0,39.0,0.0,0.0,301.0,0.0,0.0
Fayetteville,PA,FRANKLIN,2023-08-19,2023,8,19,Summer,1,39.9,-77.5,301.0,267.0,32.0,2.0,0.0,0.0,0.0,133.0,51.0,39.0,0.0,0.0,301.0,0.0,0.0
Fayetteville,PA,FRANKLIN,2023-08-28,2023,8,28,Summer,1,39.9,-77.5,301.0,267.0,32.0,2.0,0.0,0.0,0.0,133.0,51.0,39.0,0.0,0.0,301.0,0.0,0.0
Fayetteville,PA,FRANKLIN,2023-09-04,2023,9,4,Fall,1,39.9,-77.5,301.0,267.0,32.0,2.0,0.0,0.0,0.0,133.0,51.0,39.0,0.0,0.0,301.0,0.0,0.0
Fayetteville,TX,FAYETTE,2023-11-03,2023,11,3,Fall,20,29.9,-96.7,,,,,,,,,,,,,,,
Fenton,MO,SAINT LOUIS,2023-09-30,2023,9,30,Fall,3,38.5,-90.4,365.0,218.0,130.0,14.0,3.0,0.0,0.0,166.0,74.0,46.0,0.0,13.0,168.0,184.0,0.0
Fernandina Beach,FL,NASSAU,2023-03-10,2023,3,10,Spring,6,30.6,-81.4,,,,,,,,,,,,,,,
Fernandina Beach,FL,NASSAU,2023-03-17,2023,3,17,Spring,6,30.7,-81.4,,,,,,,,,,,,,,,
Fernandina Beach,FL,NASSAU,2023-03-31,2023,3,31,Spring,6,30.6,-81.5,,,,,,,,,,,,,,,
Fernandina Beach,FL,NASSAU,2023-04-27,2023,4,27,Spring,12,30.7,-81.5,,,,,,,,,,,,,,,
Fernandina Beach,FL,NASSAU,2023-08-03,2023,8,3,Summer,6,30.7,-81.4,,,,,,,,,,,,,,,
Fernandina Beach,FL,NASSAU,2023-10-26,2023,10,26,Fall,12,30.7,-81.5,,,,,,,,,,,,,,,
Fernandina Beach,FL,NASSAU,2023-11-30,2023,11,30,Fall,6,30.7,-81.4,,,,,,,,,,,,,,,
Ferndale,MI,OAKLAND,2023-07-07,2023,7,7,Summer,6,42.5,-83.1,261.0,193.0,58.0,9.0,1.0,0.0,0.0,169.0,74.0,41.0,0.0,0.0,208.0,53.0,0.0
Ferndale,MI,OAKLAND,2023-07-12,2023,7,12,Summer,6,42.5,-83.1,261.0,193.0,58.0,9.0,1.0,0.0,0.0,169.0,74.0,41.0,0.0,0.0,208.0,53.0,0.0
Ferndale,MI,OAKLAND,2023-07-14,2023,7,14,Summer,3,42.5,-83.1,261.0,193.0,58.0,9.0,1.0,0.0,0.0,169.0,74.0,41.0,0.0,0.0,208.0,53.0,0.0
Ferndale,MI,OAKLAND,2023-07-16,2023,7,16,Summer,3,42.5,-83.1,261.0,193.0,58.0,9.0,1.0,0.0,0.0,169.0,74.0,41.0,0.0,0.0,208.0,53.0,0.0
Ferndale,MI,OAKLAND,2023-07-17,2023,7,17,Summer,3,42.5,-83.1,261.0,193.0,58.0,9.0,1.0,0.0,0.0,169.0,74.0,41.0,0.0,0.0,208.0,53.0,0.0
Ferndale,MI,OAKLAND,2023-07-18,2023,7,18,Summer,3,42.5,-83.1,261.0,193.0,58.0,9.0,1.0,0.0,0.0,169.0,74.0,41.0,0.0,0.0,208.0,53.0,0.0
Ferndale,MI,OAKLAND,2023-07-30,2023,7,30,Summer,6,42.5,-83.1,261.0,193.0,58.0,9.0,1.0,0.0,0.0,169.0,74.0,41.0,0.0,0.0,208.0,53.0,0.0
Ferndale,MI,OAKLAND,2023-08-01,2023,8,1,Summer,12,42.5,-83.1,261.0,193.0,58.0,9.0,1.0,0.0,0.0,169.0,74.0,41.0,0.0,0.0,208.0,53.0,0.0
Ferndale,MI,OAKLAND,2023-08-03,2023,8,3,Summer,3,42.5,-83.1,261.0,193.0,58.0,9.0,1.0,0.0,0.0,169.0,74.0,41.0,0.0,0.0,208.0,53.0,0.0
Ferndale,MI,OAKLAND,2023-08-04,2023,8,4,Summer,3,42.5,-83.1,261.0,193.0,58.0,9.0,1.0,0.0,0.0,169.0,74.0,41.0,0.0,0.0,208.0,53.0,0.0
Ferndale,MI,OAKLAND,2023-08-05,2023,8,5,Summer,12,42.5,-83.1,261.0,193.0,58.0,9.0,1.0,0.0,0.0,169.0,74.0,41.0,0.0,0.0,208.0,53.0,0.0
Ferndale,MI,OAKLAND,2023-08-09,2023,8,9,Summer,3,42.5,-83.1,261.0,193.0,58.0,9.0,1.0,0.0,0.0,169.0,74.0,41.0,0.0,0.0,208.0,53.0,0.0
Ferndale,MI,OAKLAND,2023-08-11,2023,8,11,Summer,6,42.5,-83.1,261.0,193.0,58.0,9.0,1.0,0.0,0.0,169.0,74.0,41.0,0.0,0.0,208.0,53.0,0.0
Ferndale,MI,OAKLAND,2023-08-12,2023,8,12,Summer,3,42.5,-83.1,261.0,193.0,58.0,9.0,1.0,0.0,0.0,169.0,74.0,41.0,0.0,0.0,208.0,53.0,0.0
Ferndale,MI,OAKLAND,2023-08-17,2023,8,17,Summer,12,42.5,-83.1,261.0,193.0,58.0,9.0,1.0,0.0,0.0,169.0,74.0,41.0,0.0,0.0,208.0,53.0,0.0
Ferndale,MI,OAKLAND,2023-10-05,2023,10,5,Fall,12,42.5,-83.1,261.0,193.0,58.0,9.0,1.0,0.0,0.0,169.0,74.0,41.0,0.0,0.0,208.0,53.0,0.0
Ferndale,MI,OAKLAND,2023-10-07,2023,10,7,Fall,3,42.5,-83.1,261.0,193.0,58.0,9.0,1.0,0.0,0.0,169.0,74.0,41.0,0.0,0.0,208.0,53.0,0.0
Ferndale,MI,OAKLAND,2023-10-22,2023,10,22,Fall,3,42.5,-83.1,261.0,193.0,58.0,9.0,1.0,0.0,0.0,169.0,74.0,41.0,0.0,0.0,208.0,53.0,0.0
Fernley,NV,LYON,2023-09-12,2023,9,12,Fall,2,39.6,-119.2,349.0,325.0,24.0,0.0,0.0,0.0,0.0,87.0,49.0,41.0,0.0,0.0,349.0,0.0,0.0
Ferris,TX,ELLIS,2023-03-23,2023,3,23,Spring,1,32.5,-96.6,348.0,286.0,60.0,2.0,0.0,0.0,0.0,112.0,61.0,36.0,0.0,20.0,328.0,0.0,0.0
Fertile,MN,POLK,2023-05-26,2023,5,26,Spring,2,47.6,-96.2,,,,,,,,,,,,,,,
Finksburg,MD,CARROLL,2023-08-13,2023,8,13,Summer,2,39.5,-76.9,244.0,183.0,57.0,4.0,0.0,0.0,0.0,143.0,74.0,44.0,0.0,0.0,244.0,0.0,0.0
Fishers,IN,HAMILTON,2023-10-09,2023,10,9,Fall,2,40.0,-85.9,364.0,220.0,134.0,8.0,2.0,0.0,0.0,190.0,69.0,46.0,0.0,0.0,168.0,196.0,0.0
Fitchburg,MA,WORCESTER,2023-08-22,2023,8,22,Summer,1,42.6,-71.8,365.0,268.0,93.0,4.0,0.0,0.0,0.0,148.0,58.0,39.0,0.0,5.0,190.0,170.0,0.0
Flagstaff,AZ,COCONINO,2023-08-29,2023,8,29,Summer,2,35.2,-111.7,365.0,243.0,118.0,1.0,2.0,1.0,0.0,203.0,80.0,46.0,0.0,0.0,356.0,9.0,0.0
Flat Rock,MI,WAYNE,2023-09-13,2023,9,13,Fall,5,42.1,-83.3,365.0,70.0,272.0,19.0,3.0,1.0,0.0,226.0,89.0,61.0,0.0,2.0,33.0,329.0,1.0
Flat Rock,MI,WAYNE,2023-10-01,2023,10,1,Fall,40,42.1,-83.3,365.0,70.0,272.0,19.0,3.0,1.0,0.0,226.0,89.0,61.0,0.0,2.0,33.0,329.0,1.0
Flat Rock,MI,WAYNE,2023-10-02,2023,10,2,Fall,5,42.1,-83.2,365.0,70.0,272.0,19.0,3.0,1.0,0.0,226.0,89.0,61.0,0.0,2.0,33.0,329.0,1.0
Flat Rock,MI,WAYNE,2023-10-08,2023,10,8,Fall,10,42.1,-83.3,365.0,70.0,272.0,19.0,3.0,1.0,0.0,226.0,89.0,61.0,0.0,2.0,33.0,329.0,1.0
Flatgap,KY,JOHNSON,2023-07-01,2023,7,1,Summer,7,37.9,-82.9,,,,,,,,,,,,,,,
Flatgap,KY,JOHNSON,2023-08-01,2023,8,1,Summer,7,37.9,-82.9,,,,,,,,,,,,,,,
Flatgap,KY,JOHNSON,2023-08-04,2023,8,4,Summer,7,37.9,-82.9,,,,,,,,,,,,,,,
Flatgap,KY,JOHNSON,2023-08-05,2023,8,5,Summer,7,37.9,-82.9,,,,,,,,,,,,,,,
Flatgap,KY,JOHNSON,2023-08-18,2023,8,18,Summer,7,37.9,-82.9,,,,,,,,,,,,,,,
Fleetwood,PA,BERKS,2023-07-27,2023,7,27,Summer,36,40.5,-75.8,364.0,205.0,147.0,7.0,3.0,2.0,0.0,287.0,72.0,48.0,0.0,0.0,171.0,193.0,0.0
Flemington,MO,POLK,2023-10-02,2023,10,2,Fall,11,37.9,-93.4,,,,,,,,,,,,,,,
Flint,TX,SMITH,2023-08-02,2023,8,2,Summer,9,32.2,-95.4,364.0,296.0,64.0,4.0,0.0,0.0,0.0,119.0,67.0,38.0,0.0,3.0,361.0,0.0,0.0
Flint,TX,SMITH,2023-11-03,2023,11,3,Fall,15,32.2,-95.5,364.0,296.0,64.0,4.0,0.0,0.0,0.0,119.0,67.0,38.0,0.0,3.0,361.0,0.0,0.0
Floresville,TX,WILSON,2023-10-19,2023,10,19,Fall,40,29.1,-98.2,292.0,292.0,0.0,0.0,0.0,0.0,0.0,36.0,18.0,7.0,0.0,292.0,0.0,0.0,0.0
Flourtown,PA,MONTGOMERY,2023-07-31,2023,7,31,Summer,1,40.1,-75.2,365.0,232.0,127.0,1.0,3.0,2.0,0.0,284.0,67.0,44.0,0.0,0.0,144.0,221.0,0.0
Flower Mound,TX,DENTON,2023-04-08,2023,4,8,Spring,3,33.0,-97.1,365.0,200.0,133.0,27.0,5.0,0.0,0.0,177.0,93.0,49.0,0.0,2.0,247.0,116.0,0.0
Flower Mound,TX,DENTON,2023-07-24,2023,7,24,Summer,3,33.0,-97.1,365.0,200.0,133.0,27.0,5.0,0.0,0.0,177.0,93.0,49.0,0.0,2.0,247.0,116.0,0.0
Flower Mound,TX,DENTON,2023-08-17,2023,8,17,Summer,3,33.0,-97.1,365.0,200.0,133.0,27.0,5.0,0.0,0.0,177.0,93.0,49.0,0.0,2.0,247.0,116.0,0.0
Flower Mound,TX,DENTON,2023-09-09,2023,9,9,Fall,3,33.0,-97.1,365.0,200.0,133.0,27.0,5.0,0.0,0.0,177.0,93.0,49.0,0.0,2.0,247.0,116.0,0.0
Flower Mound,TX,DENTON,2023-09-19,2023,9,19,Fall,12,33.0,-97.1,365.0,200.0,133.0,27.0,5.0,0.0,0.0,177.0,93.0,49.0,0.0,2.0,247.0,116.0,0.0
Flower Mound,TX,DENTON,2023-09-23,2023,9,23,Fall,3,33.0,-97.1,365.0,200.0,133.0,27.0,5.0,0.0,0.0,177.0,93.0,49.0,0.0,2.0,247.0,116.0,0.0
Flower Mound,TX,DENTON,2023-09-25,2023,9,25,Fall,3,33.0,-97.1,365.0,200.0,133.0,27.0,5.0,0.0,0.0,177.0,93.0,49.0,0.0,2.0,247.0,116.0,0.0
Flower Mound,TX,DENTON,2023-10-03,2023,10,3,Fall,9,33.0,-97.1,365.0,200.0,133.0,27.0,5.0,0.0,0.0,177.0,93.0,49.0,0.0,2.0,247.0,116.0,0.0
Flower Mound,TX,DENTON,2023-10-04,2023,10,4,Fall,9,33.0,-97.1,365.0,200.0,133.0,27.0,5.0,0.0,0.0,177.0,93.0,49.0,0.0,2.0,247.0,116.0,0.0
Flower Mound,TX,DENTON,2023-10-08,2023,10,8,Fall,24,33.0,-97.1,365.0,200.0,133.0,27.0,5.0,0.0,0.0,177.0,93.0,49.0,0.0,2.0,247.0,116.0,0.0
Flower Mound,TX,DENTON,2023-10-10,2023,10,10,Fall,12,33.0,-97.1,365.0,200.0,133.0,27.0,5.0,0.0,0.0,177.0,93.0,49.0,0.0,2.0,247.0,116.0,0.0
Flower Mound,TX,DENTON,2023-10-11,2023,10,11,Fall,3,33.0,-97.1,365.0,200.0,133.0,27.0,5.0,0.0,0.0,177.0,93.0,49.0,0.0,2.0,247.0,116.0,0.0
Flower Mound,TX,DENTON,2023-10-13,2023,10,13,Fall,12,33.0,-97.1,365.0,200.0,133.0,27.0,5.0,0.0,0.0,177.0,93.0,49.0,0.0,2.0,247.0,116.0,0.0
Flower Mound,TX,DENTON,2023-10-27,2023,10,27,Fall,3,33.0,-97.1,365.0,200.0,133.0,27.0,5.0,0.0,0.0,177.0,93.0,49.0,0.0,2.0,247.0,116.0,0.0
Flower Mound,TX,DENTON,2023-11-14,2023,11,14,Fall,3,33.0,-97.1,365.0,200.0,133.0,27.0,5.0,0.0,0.0,177.0,93.0,49.0,0.0,2.0,247.0,116.0,0.0
Foley,AL,BALDWIN,2023-02-15,2023,2,15,Winter,4,30.4,-87.7,347.0,236.0,111.0,0.0,0.0,0.0,0.0,90.0,60.0,43.0,0.0,0.0,108.0,239.0,0.0
Foley,AL,BALDWIN,2023-03-24,2023,3,24,Spring,4,30.4,-87.7,347.0,236.0,111.0,0.0,0.0,0.0,0.0,90.0,60.0,43.0,0.0,0.0,108.0,239.0,0.0
Folly Beach,SC,CHARLESTON,2023-11-02,2023,11,2,Fall,14,32.7,-79.9,365.0,212.0,153.0,0.0,0.0,0.0,0.0,93.0,64.0,47.0,0.0,0.0,68.0,295.0,2.0
Folsom,CA,SACRAMENTO,2023-04-21,2023,4,21,Spring,5,38.7,-121.2,365.0,180.0,173.0,12.0,0.0,0.0,0.0,133.0,86.0,51.0,0.0,0.0,199.0,166.0,0.0
Folsom,CA,SACRAMENTO,2023-07-27,2023,7,27,Summer,10,38.7,-121.2,365.0,180.0,173.0,12.0,0.0,0.0,0.0,133.0,86.0,51.0,0.0,0.0,199.0,166.0,0.0
Folsom,CA,SACRAMENTO,2023-10-14,2023,10,14,Fall,5,38.7,-121.2,365.0,180.0,173.0,12.0,0.0,0.0,0.0,133.0,86.0,51.0,0.0,0.0,199.0,166.0,0.0
Forest Park,IL,COOK,2023-08-04,2023,8,4,Summer,1,41.9,-87.8,365.0,104.0,227.0,27.0,5.0,2.0,0.0,223.0,93.0,57.0,0.0,8.0,97.0,252.0,8.0
Forestburgh,NY,SULLIVAN,2023-07-12,2023,7,12,Summer,3,41.5,-74.7,,,,,,,,,,,,,,,
Foristell,MO,SAINT CHARLES,2023-09-27,2023,9,27,Fall,5,38.8,-90.9,245.0,156.0,74.0,15.0,0.0,0.0,0.0,147.0,87.0,45.0,0.0,0.0,245.0,0.0,0.0
Forney,TX,KAUFMAN,2023-09-13,2023,9,13,Fall,4,32.7,-96.4,364.0,222.0,133.0,8.0,1.0,0.0,0.0,159.0,71.0,46.0,0.0,0.0,213.0,151.0,0.0
Forney,TX,KAUFMAN,2023-10-08,2023,10,8,Fall,4,32.7,-96.4,364.0,222.0,133.0,8.0,1.0,0.0,0.0,159.0,71.0,46.0,0.0,0.0,213.0,151.0,0.0
Fort Bragg,CA,MENDOCINO,2023-09-14,2023,9,14,Fall,14,39.4,-123.8,365.0,144.0,216.0,5.0,0.0,0.0,0.0,140.0,69.0,53.0,0.0,0.0,29.0,336.0,0.0
Fort Bragg,CA,MENDOCINO,2023-09-19,2023,9,19,Fall,7,39.4,-123.8,365.0,144.0,216.0,5.0,0.0,0.0,0.0,140.0,69.0,53.0,0.0,0.0,29.0,336.0,0.0
Fort Cobb,OK,CADDO,2023-08-18,2023,8,18,Summer,1,35.1,-98.4,,,,,,,,,,,,,,,
Fort Collins,CO,LARIMER,2023-07-10,2023,7,10,Summer,6,40.5,-105.1,365.0,175.0,185.0,4.0,1.0,0.0,0.0,156.0,77.0,51.0,0.0,0.0,304.0,61.0,0.0
Fort Collins,CO,LARIMER,2023-07-22,2023,7,22,Summer,6,40.6,-105.1,365.0,175.0,185.0,4.0,1.0,0.0,0.0,156.0,77.0,51.0,0.0,0.0,304.0,61.0,0.0
Fort Collins,CO,LARIMER,2023-07-23,2023,7,23,Summer,6,40.6,-105.1,365.0,175.0,185.0,4.0,1.0,0.0,0.0,156.0,77.0,51.0,0.0,0.0,304.0,61.0,0.0
Fort Collins,CO,LARIMER,2023-08-14,2023,8,14,Summer,18,40.6,-105.1,365.0,175.0,185.0,4.0,1.0,0.0,0.0,156.0,77.0,51.0,0.0,0.0,304.0,61.0,0.0
Fort Collins,CO,LARIMER,2023-09-01,2023,9,1,Fall,12,40.6,-105.1,365.0,175.0,185.0,4.0,1.0,0.0,0.0,156.0,77.0,51.0,0.0,0.0,304.0,61.0,0.0
Fort Collins,CO,LARIMER,2023-09-11,2023,9,11,Fall,6,40.5,-105.1,365.0,175.0,185.0,4.0,1.0,0.0,0.0,156.0,77.0,51.0,0.0,0.0,304.0,61.0,0.0
Fort Collins,CO,LARIMER,2023-09-16,2023,9,16,Fall,6,40.5,-105.1,365.0,175.0,185.0,4.0,1.0,0.0,0.0,156.0,77.0,51.0,0.0,0.0,304.0,61.0,0.0
Fort Collins,CO,LARIMER,2023-10-09,2023,10,9,Fall,6,40.6,-105.0,365.0,175.0,185.0,4.0,1.0,0.0,0.0,156.0,77.0,51.0,0.0,0.0,304.0,61.0,0.0
Fort Edward,NY,WASHINGTON,2023-08-31,2023,8,31,Summer,4,43.2,-73.6,,,,,,,,,,,,,,,
Fort Edward,NY,WASHINGTON,2023-09-14,2023,9,14,Fall,2,43.3,-73.6,,,,,,,,,,,,,,,
Fort Edward,NY,WASHINGTON,2023-10-05,2023,10,5,Fall,4,43.2,-73.6,,,,,,,,,,,,,,,
Fort Knox,KY,HARDIN,2023-09-14,2023,9,14,Fall,2,37.9,-86.0,365.0,225.0,136.0,3.0,1.0,0.0,0.0,151.0,66.0,45.0,0.0,0.0,116.0,249.0,0.0
Fort Lauderdale,FL,BROWARD,2023-02-21,2023,2,21,Winter,34,26.1,-80.2,365.0,158.0,204.0,3.0,0.0,0.0,0.0,109.0,66.0,52.0,0.0,5.0,72.0,288.0,0.0
Fort Mill,SC,LANCASTER,2023-07-30,2023,7,30,Summer,3,35.1,-81.0,,,,,,,,,,,,,,,
Fort Mill,SC,LANCASTER,2023-09-25,2023,9,25,Fall,3,35.0,-80.9,,,,,,,,,,,,,,,
Fort Mill,SC,YORK,2023-07-30,2023,7,30,Summer,3,35.1,-81.0,365.0,213.0,149.0,3.0,0.0,0.0,0.0,115.0,67.0,47.0,0.0,0.0,169.0,196.0,0.0
Fort Mill,SC,YORK,2023-09-25,2023,9,25,Fall,3,35.0,-80.9,365.0,213.0,149.0,3.0,0.0,0.0,0.0,115.0,67.0,47.0,0.0,0.0,169.0,196.0,0.0
Fort Morgan,CO,MORGAN,2023-07-05,2023,7,5,Summer,1,40.3,-103.8,,,,,,,,,,,,,,,
Fort Myers,FL,LEE,2023-01-26,2023,1,26,Winter,8,26.7,-81.8,364.0,343.0,20.0,1.0,0.0,0.0,0.0,101.0,46.0,35.0,0.0,0.0,364.0,0.0,0.0
Fort Myers,FL,LEE,2023-03-20,2023,3,20,Spring,80,26.6,-81.8,364.0,343.0,20.0,1.0,0.0,0.0,0.0,101.0,46.0,35.0,0.0,0.0,364.0,0.0,0.0
Fort Myers,FL,LEE,2023-11-05,2023,11,5,Fall,24,26.6,-81.9,364.0,343.0,20.0,1.0,0.0,0.0,0.0,101.0,46.0,35.0,0.0,0.0,364.0,0.0,0.0
Fort Myers Beach,FL,LEE,2023-11-25,2023,11,25,Fall,6,26.4,-81.9,364.0,343.0,20.0,1.0,0.0,0.0,0.0,101.0,46.0,35.0,0.0,0.0,364.0,0.0,0.0
Fort Thomas,KY,CAMPBELL,2023-08-11,2023,8,11,Summer,4,39.1,-84.5,360.0,234.0,120.0,4.0,2.0,0.0,0.0,187.0,66.0,44.0,0.0,0.0,112.0,248.0,0.0
Fort Walton Beach,FL,OKALOOSA,2023-11-06,2023,11,6,Fall,6,30.4,-86.6,241.0,218.0,23.0,0.0,0.0,0.0,0.0,84.0,50.0,37.0,0.0,0.0,234.0,0.0,7.0
Fort Walton Beach,FL,OKALOOSA,2023-12-05,2023,12,5,Winter,18,30.4,-86.6,241.0,218.0,23.0,0.0,0.0,0.0,0.0,84.0,50.0,37.0,0.0,0.0,234.0,0.0,7.0
Fort Worth,TX,TARRANT,2023-03-28,2023,3,28,Spring,70,32.8,-97.3,365.0,99.0,239.0,23.0,4.0,0.0,0.0,172.0,93.0,57.0,0.0,4.0,122.0,239.0,0.0
Fort Worth,TX,TARRANT,2023-04-09,2023,4,9,Spring,70,32.8,-97.3,365.0,99.0,239.0,23.0,4.0,0.0,0.0,172.0,93.0,57.0,0.0,4.0,122.0,239.0,0.0
Fort Worth,TX,TARRANT,2023-04-26,2023,4,26,Spring,35,32.7,-97.3,365.0,99.0,239.0,23.0,4.0,0.0,0.0,172.0,93.0,57.0,0.0,4.0,122.0,239.0,0.0
Fort Worth,TX,TARRANT,2023-08-08,2023,8,8,Summer,35,32.8,-97.3,365.0,99.0,239.0,23.0,4.0,0.0,0.0,172.0,93.0,57.0,0.0,4.0,122.0,239.0,0.0
Fort Worth,TX,TARRANT,2023-08-27,2023,8,27,Summer,105,32.8,-97.5,365.0,99.0,239.0,23.0,4.0,0.0,0.0,172.0,93.0,57.0,0.0,4.0,122.0,239.0,0.0
Fort Worth,TX,TARRANT,2023-09-10,2023,9,10,Fall,105,32.8,-97.3,365.0,99.0,239.0,23.0,4.0,0.0,0.0,172.0,93.0,57.0,0.0,4.0,122.0,239.0,0.0
Fort Worth,TX,TARRANT,2023-09-12,2023,9,12,Fall,70,32.9,-97.2,365.0,99.0,239.0,23.0,4.0,0.0,0.0,172.0,93.0,57.0,0.0,4.0,122.0,239.0,0.0
Fort Worth,TX,TARRANT,2023-09-16,2023,9,16,Fall,140,32.8,-97.3,365.0,99.0,239.0,23.0,4.0,0.0,0.0,172.0,93.0,57.0,0.0,4.0,122.0,239.0,0.0
Fort Worth,TX,TARRANT,2023-09-18,2023,9,18,Fall,35,32.8,-97.5,365.0,99.0,239.0,23.0,4.0,0.0,0.0,172.0,93.0,57.0,0.0,4.0,122.0,239.0,0.0
Fort Worth,TX,TARRANT,2023-09-20,2023,9,20,Fall,210,32.8,-97.3,365.0,99.0,239.0,23.0,4.0,0.0,0.0,172.0,93.0,57.0,0.0,4.0,122.0,239.0,0.0
Fort Worth,TX,TARRANT,2023-09-21,2023,9,21,Fall,245,32.8,-97.3,365.0,99.0,239.0,23.0,4.0,0.0,0.0,172.0,93.0,57.0,0.0,4.0,122.0,239.0,0.0
Fort Worth,TX,TARRANT,2023-09-23,2023,9,23,Fall,35,32.7,-97.5,365.0,99.0,239.0,23.0,4.0,0.0,0.0,172.0,93.0,57.0,0.0,4.0,122.0,239.0,0.0
Fort Worth,TX,TARRANT,2023-09-24,2023,9,24,Fall,35,32.8,-97.5,365.0,99.0,239.0,23.0,4.0,0.0,0.0,172.0,93.0,57.0,0.0,4.0,122.0,239.0,0.0
Fort Worth,TX,TARRANT,2023-09-25,2023,9,25,Fall,70,32.8,-97.3,365.0,99.0,239.0,23.0,4.0,0.0,0.0,172.0,93.0,57.0,0.0,4.0,122.0,239.0,0.0
Fort Worth,TX,TARRANT,2023-09-26,2023,9,26,Fall,70,32.9,-97.3,365.0,99.0,239.0,23.0,4.0,0.0,0.0,172.0,93.0,57.0,0.0,4.0,122.0,239.0,0.0
Fort Worth,TX,TARRANT,2023-09-30,2023,9,30,Fall,140,32.8,-97.3,365.0,99.0,239.0,23.0,4.0,0.0,0.0,172.0,93.0,57.0,0.0,4.0,122.0,239.0,0.0
Fort Worth,TX,TARRANT,2023-10-01,2023,10,1,Fall,70,32.8,-97.3,365.0,99.0,239.0,23.0,4.0,0.0,0.0,172.0,93.0,57.0,0.0,4.0,122.0,239.0,0.0
Fort Worth,TX,TARRANT,2023-10-02,2023,10,2,Fall,175,32.8,-97.3,365.0,99.0,239.0,23.0,4.0,0.0,0.0,172.0,93.0,57.0,0.0,4.0,122.0,239.0,0.0
Fort Worth,TX,TARRANT,2023-10-04,2023,10,4,Fall,210,32.8,-97.3,365.0,99.0,239.0,23.0,4.0,0.0,0.0,172.0,93.0,57.0,0.0,4.0,122.0,239.0,0.0
Fort Worth,TX,TARRANT,2023-10-06,2023,10,6,Fall,70,32.8,-97.3,365.0,99.0,239.0,23.0,4.0,0.0,0.0,172.0,93.0,57.0,0.0,4.0,122.0,239.0,0.0
Fort Worth,TX,TARRANT,2023-10-09,2023,10,9,Fall,735,32.8,-97.3,365.0,99.0,239.0,23.0,4.0,0.0,0.0,172.0,93.0,57.0,0.0,4.0,122.0,239.0,0.0
Fort Worth,TX,TARRANT,2023-10-10,2023,10,10,Fall,350,32.9,-97.2,365.0,99.0,239.0,23.0,4.0,0.0,0.0,172.0,93.0,57.0,0.0,4.0,122.0,239.0,0.0
Fort Worth,TX,TARRANT,2023-10-12,2023,10,12,Fall,210,32.8,-97.3,365.0,99.0,239.0,23.0,4.0,0.0,0.0,172.0,93.0,57.0,0.0,4.0,122.0,239.0,0.0
Fort Worth,TX,TARRANT,2023-10-13,2023,10,13,Fall,210,32.8,-97.3,365.0,99.0,239.0,23.0,4.0,0.0,0.0,172.0,93.0,57.0,0.0,4.0,122.0,239.0,0.0
Fort Worth,TX,TARRANT,2023-10-14,2023,10,14,Fall,35,32.9,-97.3,365.0,99.0,239.0,23.0,4.0,0.0,0.0,172.0,93.0,57.0,0.0,4.0,122.0,239.0,0.0
Fort Worth,TX,TARRANT,2023-10-20,2023,10,20,Fall,35,32.7,-97.3,365.0,99.0,239.0,23.0,4.0,0.0,0.0,172.0,93.0,57.0,0.0,4.0,122.0,239.0,0.0
Fort Worth,TX,TARRANT,2023-10-27,2023,10,27,Fall,70,32.8,-97.3,365.0,99.0,239.0,23.0,4.0,0.0,0.0,172.0,93.0,57.0,0.0,4.0,122.0,239.0,0.0
Fort Worth,TX,TARRANT,2023-10-30,2023,10,30,Fall,105,32.8,-97.3,365.0,99.0,239.0,23.0,4.0,0.0,0.0,172.0,93.0,57.0,0.0,4.0,122.0,239.0,0.0
Fort Worth,TX,TARRANT,2023-11-03,2023,11,3,Fall,35,32.8,-97.3,365.0,99.0,239.0,23.0,4.0,0.0,0.0,172.0,93.0,57.0,0.0,4.0,122.0,239.0,0.0
Fort Worth,TX,TARRANT,2023-11-04,2023,11,4,Fall,105,32.8,-97.3,365.0,99.0,239.0,23.0,4.0,0.0,0.0,172.0,93.0,57.0,0.0,4.0,122.0,239.0,0.0
Fort Worth,TX,TARRANT,2023-11-06,2023,11,6,Fall,140,32.8,-97.3,365.0,99.0,239.0,23.0,4.0,0.0,0.0,172.0,93.0,57.0,0.0,4.0,122.0,239.0,0.0
Fort Worth,TX,TARRANT,2023-11-14,2023,11,14,Fall,70,32.8,-97.3,365.0,99.0,239.0,23.0,4.0,0.0,0.0,172.0,93.0,57.0,0.0,4.0,122.0,239.0,0.0
Fort Worth,TX,TARRANT,2023-11-20,2023,11,20,Fall,35,32.8,-97.3,365.0,99.0,239.0,23.0,4.0,0.0,0.0,172.0,93.0,57.0,0.0,4.0,122.0,239.0,0.0
Fountain,CO,EL PASO,2023-08-05,2023,8,5,Summer,1,38.7,-104.7,365.0,240.0,123.0,1.0,1.0,0.0,0.0,154.0,67.0,47.0,0.0,0.0,334.0,31.0,0.0
Fowlerville,MI,LIVINGSTON,2023-09-05,2023,9,5,Fall,1,42.6,-84.0,,,,,,,,,,,,,,,
Francestown,NH,HILLSBOROUGH,2023-08-03,2023,8,3,Summer,1,43.0,-71.8,365.0,305.0,55.0,5.0,0.0,0.0,0.0,119.0,58.0,39.0,3.0,0.0,293.0,69.0,0.0
Francestown,NH,HILLSBOROUGH,2023-09-18,2023,9,18,Fall,1,43.0,-71.8,365.0,305.0,55.0,5.0,0.0,0.0,0.0,119.0,58.0,39.0,3.0,0.0,293.0,69.0,0.0
Francestown,NH,HILLSBOROUGH,2023-09-21,2023,9,21,Fall,1,43.0,-71.8,365.0,305.0,55.0,5.0,0.0,0.0,0.0,119.0,58.0,39.0,3.0,0.0,293.0,69.0,0.0
Francitas,TX,JACKSON,2023-03-30,2023,3,30,Spring,1,28.8,-96.3,,,,,,,,,,,,,,,
Francitas,TX,JACKSON,2023-04-03,2023,4,3,Spring,2,28.8,-96.3,,,,,,,,,,,,,,,
Francitas,TX,JACKSON,2023-04-05,2023,4,5,Spring,1,28.8,-96.3,,,,,,,,,,,,,,,
Francitas,TX,JACKSON,2023-04-09,2023,4,9,Spring,1,28.8,-96.3,,,,,,,,,,,,,,,
Francitas,TX,JACKSON,2023-04-20,2023,4,20,Spring,1,28.8,-96.3,,,,,,,,,,,,,,,
Francitas,TX,JACKSON,2023-04-26,2023,4,26,Spring,1,28.8,-96.3,,,,,,,,,,,,,,,
Francitas,TX,JACKSON,2023-05-01,2023,5,1,Spring,2,28.8,-96.3,,,,,,,,,,,,,,,
Francitas,TX,JACKSON,2023-05-12,2023,5,12,Spring,1,28.8,-96.3,,,,,,,,,,,,,,,
Francitas,TX,JACKSON,2023-05-30,2023,5,30,Spring,1,28.8,-96.3,,,,,,,,,,,,,,,
Francitas,TX,JACKSON,2023-10-17,2023,10,17,Fall,2,28.8,-96.3,,,,,,,,,,,,,,,
Francitas,TX,JACKSON,2023-10-19,2023,10,19,Fall,1,28.8,-96.3,,,,,,,,,,,,,,,
Francitas,TX,JACKSON,2023-10-21,2023,10,21,Fall,2,28.8,-96.3,,,,,,,,,,,,,,,
Francitas,TX,JACKSON,2023-10-29,2023,10,29,Fall,1,28.8,-96.3,,,,,,,,,,,,,,,
Francitas,TX,JACKSON,2023-11-01,2023,11,1,Fall,2,28.8,-96.3,,,,,,,,,,,,,,,
Francitas,TX,JACKSON,2023-11-02,2023,11,2,Fall,2,28.8,-96.3,,,,,,,,,,,,,,,
Francitas,TX,JACKSON,2023-11-03,2023,11,3,Fall,2,28.8,-96.3,,,,,,,,,,,,,,,
Francitas,TX,JACKSON,2023-11-04,2023,11,4,Fall,3,28.8,-96.3,,,,,,,,,,,,,,,
Francitas,TX,JACKSON,2023-11-05,2023,11,5,Fall,6,28.8,-96.3,,,,,,,,,,,,,,,
Francitas,TX,JACKSON,2023-11-06,2023,11,6,Fall,3,28.8,-96.3,,,,,,,,,,,,,,,
Francitas,TX,JACKSON,2023-11-08,2023,11,8,Fall,4,28.8,-96.3,,,,,,,,,,,,,,,
Francitas,TX,JACKSON,2023-11-14,2023,11,14,Fall,4,28.8,-96.3,,,,,,,,,,,,,,,
Francitas,TX,JACKSON,2023-11-15,2023,11,15,Fall,4,28.8,-96.3,,,,,,,,,,,,,,,
Francitas,TX,JACKSON,2023-11-16,2023,11,16,Fall,1,28.8,-96.3,,,,,,,,,,,,,,,
Francitas,TX,JACKSON,2023-11-17,2023,11,17,Fall,14,28.8,-96.3,,,,,,,,,,,,,,,
Francitas,TX,JACKSON,2023-11-18,2023,11,18,Fall,9,28.8,-96.3,,,,,,,,,,,,,,,
Francitas,TX,JACKSON,2023-11-19,2023,11,19,Fall,8,28.8,-96.3,,,,,,,,,,,,,,,
Francitas,TX,JACKSON,2023-11-20,2023,11,20,Fall,17,28.8,-96.3,,,,,,,,,,,,,,,
Francitas,TX,JACKSON,2023-11-23,2023,11,23,Fall,10,28.8,-96.3,,,,,,,,,,,,,,,
Francitas,TX,JACKSON,2023-11-24,2023,11,24,Fall,13,28.8,-96.3,,,,,,,,,,,,,,,
Francitas,TX,JACKSON,2023-11-28,2023,11,28,Fall,5,28.8,-96.3,,,,,,,,,,,,,,,
Francitas,TX,JACKSON,2023-12-01,2023,12,1,Winter,5,28.8,-96.3,,,,,,,,,,,,,,,
Francitas,TX,JACKSON,2023-12-03,2023,12,3,Winter,5,28.8,-96.3,,,,,,,,,,,,,,,
Francitas,TX,JACKSON,2023-12-07,2023,12,7,Winter,4,28.8,-96.3,,,,,,,,,,,,,,,
Francitas,TX,JACKSON,2023-12-09,2023,12,9,Winter,6,28.8,-96.3,,,,,,,,,,,,,,,
Francitas,TX,JACKSON,2023-12-15,2023,12,15,Winter,1,28.8,-96.3,,,,,,,,,,,,,,,
Frankfort,KY,FRANKLIN,2023-10-11,2023,10,11,Fall,6,38.2,-84.8,,,,,,,,,,,,,,,
Franklin,KY,SIMPSON,2023-08-13,2023,8,13,Summer,1,36.7,-86.5,244.0,204.0,33.0,7.0,0.0,0.0,0.0,122.0,61.0,43.0,0.0,0.0,244.0,0.0,0.0
Franklin,KY,SIMPSON,2023-10-26,2023,10,26,Fall,1,36.7,-86.5,244.0,204.0,33.0,7.0,0.0,0.0,0.0,122.0,61.0,43.0,0.0,0.0,244.0,0.0,0.0
Franklin,MA,NORFOLK,2023-07-13,2023,7,13,Summer,1,42.1,-71.4,365.0,276.0,85.0,4.0,0.0,0.0,0.0,136.0,58.0,41.0,0.0,1.0,229.0,135.0,0.0
Franklin,NC,MACON,2023-09-26,2023,9,26,Fall,42,35.1,-83.5,361.0,342.0,19.0,0.0,0.0,0.0,0.0,93.0,46.0,34.0,0.0,0.0,361.0,0.0,0.0
Franklin,OH,WARREN,2023-08-29,2023,8,29,Summer,4,39.5,-84.3,364.0,230.0,127.0,5.0,2.0,0.0,0.0,183.0,72.0,44.0,0.0,0.0,162.0,202.0,0.0
Franklin,TN,WILLIAMSON,2023-06-04,2023,6,4,Summer,4,35.9,-86.9,244.0,197.0,45.0,2.0,0.0,0.0,0.0,122.0,61.0,43.0,0.0,0.0,244.0,0.0,0.0
Franklin,TN,WILLIAMSON,2023-06-14,2023,6,14,Summer,4,35.9,-86.9,244.0,197.0,45.0,2.0,0.0,0.0,0.0,122.0,61.0,43.0,0.0,0.0,244.0,0.0,0.0
Franklin,TN,WILLIAMSON,2023-07-15,2023,7,15,Summer,4,35.9,-86.9,244.0,197.0,45.0,2.0,0.0,0.0,0.0,122.0,61.0,43.0,0.0,0.0,244.0,0.0,0.0
Franklinton,LA,WASHINGTON,2023-08-01,2023,8,1,Summer,6,30.9,-90.2,,,,,,,,,,,,,,,
Fraser,MI,MACOMB,2023-11-15,2023,11,15,Fall,1,42.5,-82.9,364.0,182.0,170.0,8.0,4.0,0.0,0.0,195.0,75.0,51.0,0.0,0.0,120.0,244.0,0.0
Frederick,MD,FREDERICK,2023-08-18,2023,8,18,Summer,14,39.4,-77.4,232.0,167.0,59.0,6.0,0.0,0.0,0.0,136.0,77.0,44.0,0.0,0.0,232.0,0.0,0.0
Frederick,MD,FREDERICK,2023-08-27,2023,8,27,Summer,7,39.4,-77.5,232.0,167.0,59.0,6.0,0.0,0.0,0.0,136.0,77.0,44.0,0.0,0.0,232.0,0.0,0.0
Frederick,MD,FREDERICK,2023-08-30,2023,8,30,Summer,7,39.4,-77.4,232.0,167.0,59.0,6.0,0.0,0.0,0.0,136.0,77.0,44.0,0.0,0.0,232.0,0.0,0.0
Frederick,MD,FREDERICK,2023-09-18,2023,9,18,Fall,14,39.4,-77.4,232.0,167.0,59.0,6.0,0.0,0.0,0.0,136.0,77.0,44.0,0.0,0.0,232.0,0.0,0.0
Frederick,MD,FREDERICK,2023-09-21,2023,9,21,Fall,21,39.4,-77.4,232.0,167.0,59.0,6.0,0.0,0.0,0.0,136.0,77.0,44.0,0.0,0.0,232.0,0.0,0.0
Frederick,MD,FREDERICK,2023-09-28,2023,9,28,Fall,7,39.4,-77.4,232.0,167.0,59.0,6.0,0.0,0.0,0.0,136.0,77.0,44.0,0.0,0.0,232.0,0.0,0.0
Frederick,MD,FREDERICK,2023-10-04,2023,10,4,Fall,7,39.4,-77.5,232.0,167.0,59.0,6.0,0.0,0.0,0.0,136.0,77.0,44.0,0.0,0.0,232.0,0.0,0.0
Frederick,MD,FREDERICK,2023-10-05,2023,10,5,Fall,14,39.4,-77.4,232.0,167.0,59.0,6.0,0.0,0.0,0.0,136.0,77.0,44.0,0.0,0.0,232.0,0.0,0.0
Frederick,MD,FREDERICK,2023-10-10,2023,10,10,Fall,7,39.4,-77.4,232.0,167.0,59.0,6.0,0.0,0.0,0.0,136.0,77.0,44.0,0.0,0.0,232.0,0.0,0.0
Fredericksburg,VA,STAFFORD,2023-07-31,2023,7,31,Summer,10,38.4,-77.5,365.0,332.0,31.0,1.0,1.0,0.0,0.0,169.0,50.0,37.0,0.0,0.0,365.0,0.0,0.0
Fremont,CA,ALAMEDA,2023-10-21,2023,10,21,Fall,1,37.6,-122.0,365.0,198.0,154.0,13.0,0.0,0.0,0.0,130.0,70.0,48.0,1.0,16.0,131.0,217.0,0.0
Friendsville,PA,SUSQUEHANNA,2023-07-16,2023,7,16,Summer,1,41.9,-76.0,152.0,126.0,26.0,0.0,0.0,0.0,0.0,64.0,53.0,28.0,0.0,0.0,0.0,152.0,0.0
Friendsville,PA,SUSQUEHANNA,2023-09-03,2023,9,3,Fall,3,41.9,-76.0,152.0,126.0,26.0,0.0,0.0,0.0,0.0,64.0,53.0,28.0,0.0,0.0,0.0,152.0,0.0
Friendsville,PA,SUSQUEHANNA,2023-09-04,2023,9,4,Fall,3,41.9,-76.0,152.0,126.0,26.0,0.0,0.0,0.0,0.0,64.0,53.0,28.0,0.0,0.0,0.0,152.0,0.0
Friendsville,TN,BLOUNT,2023-04-09,2023,4,9,Spring,1,35.8,-84.1,365.0,224.0,133.0,8.0,0.0,0.0,0.0,137.0,67.0,46.0,0.0,0.0,203.0,162.0,0.0
Friendsville,TN,BLOUNT,2023-10-18,2023,10,18,Fall,1,35.8,-84.1,365.0,224.0,133.0,8.0,0.0,0.0,0.0,137.0,67.0,46.0,0.0,0.0,203.0,162.0,0.0
Friendsville,TN,BLOUNT,2023-11-16,2023,11,16,Fall,1,35.8,-84.1,365.0,224.0,133.0,8.0,0.0,0.0,0.0,137.0,67.0,46.0,0.0,0.0,203.0,162.0,0.0
Frisco,TX,COLLIN,2023-04-08,2023,4,8,Spring,1,33.2,-96.8,356.0,261.0,74.0,19.0,2.0,0.0,0.0,154.0,80.0,41.0,0.0,0.0,356.0,0.0,0.0
Frisco,TX,COLLIN,2023-10-08,2023,10,8,Fall,3,33.1,-96.8,356.0,261.0,74.0,19.0,2.0,0.0,0.0,154.0,80.0,41.0,0.0,0.0,356.0,0.0,0.0
Frisco,TX,COLLIN,2023-10-15,2023,10,15,Fall,3,33.1,-96.8,356.0,261.0,74.0,19.0,2.0,0.0,0.0,154.0,80.0,41.0,0.0,0.0,356.0,0.0,0.0
Frisco,TX,DENTON,2023-04-08,2023,4,8,Spring,1,33.2,-96.8,365.0,200.0,133.0,27.0,5.0,0.0,0.0,177.0,93.0,49.0,0.0,2.0,247.0,116.0,0.0
Frisco,TX,DENTON,2023-10-08,2023,10,8,Fall,3,33.1,-96.8,365.0,200.0,133.0,27.0,5.0,0.0,0.0,177.0,93.0,49.0,0.0,2.0,247.0,116.0,0.0
Frisco,TX,DENTON,2023-10-15,2023,10,15,Fall,3,33.1,-96.8,365.0,200.0,133.0,27.0,5.0,0.0,0.0,177.0,93.0,49.0,0.0,2.0,247.0,116.0,0.0
Front Royal,VA,WARREN,2023-08-20,2023,8,20,Summer,4,38.9,-78.2,,,,,,,,,,,,,,,
Fruitland,IA,MUSCATINE,2023-10-09,2023,10,9,Fall,4,41.4,-91.1,365.0,188.0,173.0,1.0,2.0,1.0,0.0,207.0,66.0,49.0,0.0,0.0,0.0,365.0,0.0
Fullerton,CA,ORANGE,2023-08-02,2023,8,2,Summer,1,33.9,-117.9,365.0,160.0,195.0,9.0,1.0,0.0,0.0,166.0,77.0,52.0,0.0,14.0,142.0,204.0,5.0
Fullerton,CA,ORANGE,2023-08-03,2023,8,3,Summer,1,33.9,-117.9,365.0,160.0,195.0,9.0,1.0,0.0,0.0,166.0,77.0,52.0,0.0,14.0,142.0,204.0,5.0
Fullerton,CA,ORANGE,2023-11-24,2023,11,24,Fall,1,33.9,-117.9,365.0,160.0,195.0,9.0,1.0,0.0,0.0,166.0,77.0,52.0,0.0,14.0,142.0,204.0,5.0
Fulton,NY,OSWEGO,2023-07-13,2023,7,13,Summer,6,43.4,-76.3,356.0,341.0,14.0,1.0,0.0,0.0,0.0,105.0,44.0,33.0,0.0,0.0,356.0,0.0,0.0
Fulton,NY,OSWEGO,2023-07-30,2023,7,30,Summer,6,43.3,-76.4,356.0,341.0,14.0,1.0,0.0,0.0,0.0,105.0,44.0,33.0,0.0,0.0,356.0,0.0,0.0
Gainesville,FL,ALACHUA,2023-01-24,2023,1,24,Winter,4,29.7,-82.4,365.0,270.0,94.0,1.0,0.0,0.0,0.0,104.0,57.0,40.0,0.0,0.0,139.0,226.0,0.0
Gainesville,FL,ALACHUA,2023-02-06,2023,2,6,Winter,4,29.7,-82.4,365.0,270.0,94.0,1.0,0.0,0.0,0.0,104.0,57.0,40.0,0.0,0.0,139.0,226.0,0.0
Gainesville,FL,ALACHUA,2023-03-06,2023,3,6,Spring,12,29.7,-82.4,365.0,270.0,94.0,1.0,0.0,0.0,0.0,104.0,57.0,40.0,0.0,0.0,139.0,226.0,0.0
Gainesville,FL,ALACHUA,2023-03-12,2023,3,12,Spring,4,29.7,-82.4,365.0,270.0,94.0,1.0,0.0,0.0,0.0,104.0,57.0,40.0,0.0,0.0,139.0,226.0,0.0
Gainesville,FL,ALACHUA,2023-03-26,2023,3,26,Spring,4,29.7,-82.4,365.0,270.0,94.0,1.0,0.0,0.0,0.0,104.0,57.0,40.0,0.0,0.0,139.0,226.0,0.0
Gainesville,FL,ALACHUA,2023-04-10,2023,4,10,Spring,8,29.7,-82.4,365.0,270.0,94.0,1.0,0.0,0.0,0.0,104.0,57.0,40.0,0.0,0.0,139.0,226.0,0.0
Gainesville,FL,ALACHUA,2023-04-15,2023,4,15,Spring,4,29.7,-82.4,365.0,270.0,94.0,1.0,0.0,0.0,0.0,104.0,57.0,40.0,0.0,0.0,139.0,226.0,0.0
Gainesville,FL,ALACHUA,2023-05-02,2023,5,2,Spring,4,29.7,-82.4,365.0,270.0,94.0,1.0,0.0,0.0,0.0,104.0,57.0,40.0,0.0,0.0,139.0,226.0,0.0
Gainesville,FL,ALACHUA,2023-05-20,2023,5,20,Spring,4,29.7,-82.4,365.0,270.0,94.0,1.0,0.0,0.0,0.0,104.0,57.0,40.0,0.0,0.0,139.0,226.0,0.0
Gainesville,FL,ALACHUA,2023-05-21,2023,5,21,Spring,4,29.7,-82.4,365.0,270.0,94.0,1.0,0.0,0.0,0.0,104.0,57.0,40.0,0.0,0.0,139.0,226.0,0.0
Gainesville,FL,ALACHUA,2023-05-28,2023,5,28,Spring,12,29.7,-82.4,365.0,270.0,94.0,1.0,0.0,0.0,0.0,104.0,57.0,40.0,0.0,0.0,139.0,226.0,0.0
Gainesville,FL,ALACHUA,2023-07-30,2023,7,30,Summer,4,29.7,-82.4,365.0,270.0,94.0,1.0,0.0,0.0,0.0,104.0,57.0,40.0,0.0,0.0,139.0,226.0,0.0
Gainesville,FL,ALACHUA,2023-08-07,2023,8,7,Summer,16,29.7,-82.4,365.0,270.0,94.0,1.0,0.0,0.0,0.0,104.0,57.0,40.0,0.0,0.0,139.0,226.0,0.0
Gainesville,FL,ALACHUA,2023-08-16,2023,8,16,Summer,4,29.7,-82.4,365.0,270.0,94.0,1.0,0.0,0.0,0.0,104.0,57.0,40.0,0.0,0.0,139.0,226.0,0.0
Gainesville,FL,ALACHUA,2023-08-30,2023,8,30,Summer,8,29.7,-82.4,365.0,270.0,94.0,1.0,0.0,0.0,0.0,104.0,57.0,40.0,0.0,0.0,139.0,226.0,0.0
Gainesville,FL,ALACHUA,2023-10-26,2023,10,26,Fall,4,29.7,-82.4,365.0,270.0,94.0,1.0,0.0,0.0,0.0,104.0,57.0,40.0,0.0,0.0,139.0,226.0,0.0
Gainesville,FL,ALACHUA,2023-11-01,2023,11,1,Fall,4,29.7,-82.4,365.0,270.0,94.0,1.0,0.0,0.0,0.0,104.0,57.0,40.0,0.0,0.0,139.0,226.0,0.0
Gainesville,GA,HALL,2023-08-10,2023,8,10,Summer,8,34.4,-83.8,363.0,166.0,194.0,3.0,0.0,0.0,0.0,137.0,68.0,52.0,0.0,0.0,0.0,363.0,0.0
Gainesville,GA,HALL,2023-08-15,2023,8,15,Summer,2,34.4,-83.8,363.0,166.0,194.0,3.0,0.0,0.0,0.0,137.0,68.0,52.0,0.0,0.0,0.0,363.0,0.0
Gainesville,GA,HALL,2023-09-23,2023,9,23,Fall,12,34.4,-83.8,363.0,166.0,194.0,3.0,0.0,0.0,0.0,137.0,68.0,52.0,0.0,0.0,0.0,363.0,0.0
Gainesville,GA,HALL,2023-10-25,2023,10,25,Fall,2,34.3,-83.9,363.0,166.0,194.0,3.0,0.0,0.0,0.0,137.0,68.0,52.0,0.0,0.0,0.0,363.0,0.0
Galesburg,IL,KNOX,2023-07-29,2023,7,29,Summer,2,41.0,-90.4,,,,,,,,,,,,,,,
Galesburg,IL,KNOX,2023-07-31,2023,7,31,Summer,2,41.0,-90.4,,,,,,,,,,,,,,,
Galesburg,IL,KNOX,2023-08-02,2023,8,2,Summer,2,41.0,-90.4,,,,,,,,,,,,,,,
Galesburg,IL,KNOX,2023-08-03,2023,8,3,Summer,2,41.0,-90.4,,,,,,,,,,,,,,,
Galesburg,IL,KNOX,2023-08-07,2023,8,7,Summer,2,41.0,-90.4,,,,,,,,,,,,,,,
Galesburg,IL,KNOX,2023-08-18,2023,8,18,Summer,2,41.0,-90.4,,,,,,,,,,,,,,,
Galesburg,IL,KNOX,2023-08-19,2023,8,19,Summer,2,41.0,-90.4,,,,,,,,,,,,,,,
Galesburg,IL,KNOX,2023-08-21,2023,8,21,Summer,2,41.0,-90.4,,,,,,,,,,,,,,,
Galesburg,IL,KNOX,2023-08-22,2023,8,22,Summer,4,41.0,-90.4,,,,,,,,,,,,,,,
Galesburg,IL,KNOX,2023-08-24,2023,8,24,Summer,2,41.0,-90.4,,,,,,,,,,,,,,,
Galesburg,IL,KNOX,2023-08-25,2023,8,25,Summer,16,41.0,-90.4,,,,,,,,,,,,,,,
Galesburg,IL,KNOX,2023-08-26,2023,8,26,Summer,2,41.0,-90.4,,,,,,,,,,,,,,,
Galesburg,IL,KNOX,2023-08-27,2023,8,27,Summer,2,41.0,-90.4,,,,,,,,,,,,,,,
Galesburg,IL,KNOX,2023-08-29,2023,8,29,Summer,2,41.0,-90.4,,,,,,,,,,,,,,,
Galesburg,IL,KNOX,2023-09-27,2023,9,27,Fall,2,41.0,-90.4,,,,,,,,,,,,,,,
Gallatin,TN,SUMNER,2023-07-18,2023,7,18,Summer,1,36.4,-86.5,353.0,242.0,104.0,7.0,0.0,0.0,0.0,133.0,64.0,45.0,0.0,0.0,160.0,193.0,0.0
Gallatin,TN,SUMNER,2023-08-08,2023,8,8,Summer,1,36.4,-86.5,353.0,242.0,104.0,7.0,0.0,0.0,0.0,133.0,64.0,45.0,0.0,0.0,160.0,193.0,0.0
Galt,CA,SACRAMENTO,2023-08-19,2023,8,19,Summer,1,38.3,-121.4,365.0,180.0,173.0,12.0,0.0,0.0,0.0,133.0,86.0,51.0,0.0,0.0,199.0,166.0,0.0
Galt,CA,SACRAMENTO,2023-10-28,2023,10,28,Fall,1,38.3,-121.4,365.0,180.0,173.0,12.0,0.0,0.0,0.0,133.0,86.0,51.0,0.0,0.0,199.0,166.0,0.0
Galveston,TX,GALVESTON,2023-03-03,2023,3,3,Spring,210,29.3,-94.8,362.0,177.0,164.0,19.0,2.0,0.0,0.0,159.0,74.0,51.0,0.0,5.0,170.0,187.0,0.0
Galveston,TX,GALVESTON,2023-03-05,2023,3,5,Spring,7,29.2,-95.0,362.0,177.0,164.0,19.0,2.0,0.0,0.0,159.0,74.0,51.0,0.0,5.0,170.0,187.0,0.0
Galveston,TX,GALVESTON,2023-11-01,2023,11,1,Fall,1400,29.1,-95.1,362.0,177.0,164.0,19.0,2.0,0.0,0.0,159.0,74.0,51.0,0.0,5.0,170.0,187.0,0.0
Galveston,TX,GALVESTON,2023-12-18,2023,12,18,Winter,7,29.3,-94.8,362.0,177.0,164.0,19.0,2.0,0.0,0.0,159.0,74.0,51.0,0.0,5.0,170.0,187.0,0.0
Gansevoort,NY,SARATOGA,2023-07-22,2023,7,22,Summer,5,43.2,-73.7,365.0,352.0,12.0,1.0,0.0,0.0,0.0,122.0,44.0,31.0,0.0,0.0,365.0,0.0,0.0
Garden City,ID,ADA,2023-07-08,2023,7,8,Summer,8,43.6,-116.2,365.0,251.0,111.0,3.0,0.0,0.0,0.0,120.0,64.0,44.0,0.0,5.0,245.0,114.0,1.0
Garden City,MO,CASS,2023-10-19,2023,10,19,Fall,15,38.5,-94.2,332.0,242.0,85.0,5.0,0.0,0.0,0.0,143.0,64.0,44.0,0.0,0.0,197.0,135.0,0.0
Gardendale,AL,JEFFERSON,2023-10-04,2023,10,4,Fall,2,33.7,-86.8,365.0,73.0,272.0,15.0,3.0,2.0,0.0,255.0,89.0,61.0,0.0,0.0,53.0,312.0,0.0
Gardendale,AL,JEFFERSON,2023-10-18,2023,10,18,Fall,2,33.7,-86.8,365.0,73.0,272.0,15.0,3.0,2.0,0.0,255.0,89.0,61.0,0.0,0.0,53.0,312.0,0.0
Gardendale,AL,JEFFERSON,2023-10-20,2023,10,20,Fall,1,33.7,-86.8,365.0,73.0,272.0,15.0,3.0,2.0,0.0,255.0,89.0,61.0,0.0,0.0,53.0,312.0,0.0
Gardendale,AL,JEFFERSON,2023-10-23,2023,10,23,Fall,2,33.7,-86.8,365.0,73.0,272.0,15.0,3.0,2.0,0.0,255.0,89.0,61.0,0.0,0.0,53.0,312.0,0.0
Gardendale,AL,JEFFERSON,2023-10-24,2023,10,24,Fall,2,33.7,-86.8,365.0,73.0,272.0,15.0,3.0,2.0,0.0,255.0,89.0,61.0,0.0,0.0,53.0,312.0,0.0
Gardendale,AL,JEFFERSON,2023-10-27,2023,10,27,Fall,5,33.7,-86.8,365.0,73.0,272.0,15.0,3.0,2.0,0.0,255.0,89.0,61.0,0.0,0.0,53.0,312.0,0.0
Gardendale,AL,JEFFERSON,2023-10-28,2023,10,28,Fall,3,33.7,-86.8,365.0,73.0,272.0,15.0,3.0,2.0,0.0,255.0,89.0,61.0,0.0,0.0,53.0,312.0,0.0
Gardendale,AL,JEFFERSON,2023-11-07,2023,11,7,Fall,1,33.7,-86.8,365.0,73.0,272.0,15.0,3.0,2.0,0.0,255.0,89.0,61.0,0.0,0.0,53.0,312.0,0.0
Gardendale,TX,ECTOR,2023-08-31,2023,8,31,Summer,2,32.0,-102.4,355.0,285.0,70.0,0.0,0.0,0.0,0.0,84.0,56.0,33.0,0.0,0.0,0.0,355.0,0.0
Gardendale,TX,ECTOR,2023-09-14,2023,9,14,Fall,1,32.0,-102.4,355.0,285.0,70.0,0.0,0.0,0.0,0.0,84.0,56.0,33.0,0.0,0.0,0.0,355.0,0.0
Gardendale,TX,ECTOR,2023-10-08,2023,10,8,Fall,15,32.0,-102.4,355.0,285.0,70.0,0.0,0.0,0.0,0.0,84.0,56.0,33.0,0.0,0.0,0.0,355.0,0.0
Garner,NC,WAKE,2023-07-22,2023,7,22,Summer,2,35.6,-78.6,365.0,190.0,170.0,5.0,0.0,0.0,0.0,130.0,66.0,49.0,0.0,1.0,108.0,256.0,0.0
Garrettsville,OH,PORTAGE,2023-07-28,2023,7,28,Summer,4,41.3,-81.1,241.0,178.0,60.0,2.0,1.0,0.0,0.0,159.0,71.0,43.0,0.0,0.0,241.0,0.0,0.0
Garrettsville,OH,PORTAGE,2023-10-13,2023,10,13,Fall,2,41.3,-81.1,241.0,178.0,60.0,2.0,1.0,0.0,0.0,159.0,71.0,43.0,0.0,0.0,241.0,0.0,0.0
Garrison,ND,MCLEAN,2023-06-04,2023,6,4,Summer,3,47.6,-101.4,,,,,,,,,,,,,,,
Gary,IN,LAKE,2023-08-08,2023,8,8,Summer,12,41.6,-87.2,365.0,125.0,222.0,16.0,1.0,1.0,0.0,215.0,80.0,55.0,0.0,0.0,69.0,294.0,2.0
Gary,IN,LAKE,2023-08-22,2023,8,22,Summer,12,41.6,-87.2,365.0,125.0,222.0,16.0,1.0,1.0,0.0,215.0,80.0,55.0,0.0,0.0,69.0,294.0,2.0
Gary,IN,LAKE,2023-09-15,2023,9,15,Fall,4,41.5,-87.4,365.0,125.0,222.0,16.0,1.0,1.0,0.0,215.0,80.0,55.0,0.0,0.0,69.0,294.0,2.0
Gatlinburg,TN,SEVIER,2023-10-20,2023,10,20,Fall,3,35.7,-83.5,268.0,205.0,60.0,3.0,0.0,0.0,0.0,115.0,64.0,45.0,0.0,0.0,268.0,0.0,0.0
Gatlinburg,TN,SEVIER,2023-10-25,2023,10,25,Fall,1,35.6,-83.4,268.0,205.0,60.0,3.0,0.0,0.0,0.0,115.0,64.0,45.0,0.0,0.0,268.0,0.0,0.0
Geneseo,IL,HENRY,2023-09-26,2023,9,26,Fall,22,41.4,-90.2,,,,,,,,,,,,,,,
Geneseo,IL,HENRY,2023-09-29,2023,9,29,Fall,8,41.4,-90.2,,,,,,,,,,,,,,,
Geneseo,IL,HENRY,2023-09-30,2023,9,30,Fall,12,41.4,-90.2,,,,,,,,,,,,,,,
Geneva,IL,KANE,2023-07-09,2023,7,9,Summer,1,41.9,-88.3,288.0,178.0,89.0,16.0,5.0,0.0,0.0,174.0,87.0,46.0,0.0,0.0,198.0,90.0,0.0
Geneva,IL,KANE,2023-08-16,2023,8,16,Summer,1,41.9,-88.3,288.0,178.0,89.0,16.0,5.0,0.0,0.0,174.0,87.0,46.0,0.0,0.0,198.0,90.0,0.0
Geneva,IL,KANE,2023-08-21,2023,8,21,Summer,1,41.9,-88.3,288.0,178.0,89.0,16.0,5.0,0.0,0.0,174.0,87.0,46.0,0.0,0.0,198.0,90.0,0.0
George,WA,GRANT,2023-06-24,2023,6,24,Summer,1,47.1,-120.0,365.0,300.0,59.0,3.0,0.0,2.0,1.0,301.0,57.0,32.0,0.0,0.0,0.0,365.0,0.0
Georgetown,PA,BEAVER,2023-08-25,2023,8,25,Summer,1,40.6,-80.5,365.0,158.0,197.0,8.0,0.0,2.0,0.0,235.0,78.0,52.0,0.0,1.0,89.0,275.0,0.0
Georgetown,TX,WILLIAMSON,2023-08-02,2023,8,2,Summer,4,30.6,-97.7,,,,,,,,,,,,,,,
Georgetown,TX,WILLIAMSON,2023-09-22,2023,9,22,Fall,4,30.7,-97.7,,,,,,,,,,,,,,,
Georgetown,TX,WILLIAMSON,2023-09-25,2023,9,25,Fall,4,30.7,-97.7,,,,,,,,,,,,,,,
Georgetown,TX,WILLIAMSON,2023-10-24,2023,10,24,Fall,8,30.6,-97.7,,,,,,,,,,,,,,,
Georgetown,TX,WILLIAMSON,2023-12-04,2023,12,4,Winter,16,30.6,-97.7,,,,,,,,,,,,,,,
Gering,NE,SCOTTS BLUFF,2023-10-20,2023,10,20,Fall,2,41.8,-103.7,343.0,298.0,44.0,0.0,0.0,1.0,0.0,225.0,52.0,21.0,0.0,0.0,0.0,343.0,0.0
Germantown,IL,CLINTON,2023-09-16,2023,9,16,Fall,3,38.6,-89.5,,,,,,,,,,,,,,,
Germantown,MD,MONTGOMERY,2023-08-10,2023,8,10,Summer,2,39.2,-77.3,357.0,291.0,61.0,2.0,3.0,0.0,0.0,165.0,61.0,42.0,0.0,0.0,195.0,162.0,0.0
Germantown,TN,SHELBY,2023-09-02,2023,9,2,Fall,32,35.1,-89.8,365.0,155.0,201.0,9.0,0.0,0.0,0.0,140.0,74.0,52.0,0.0,0.0,164.0,200.0,1.0
Germantown,WI,WASHINGTON,2023-10-04,2023,10,4,Fall,30,43.2,-88.1,,,,,,,,,,,,,,,
Gibsonia,PA,ALLEGHENY,2023-08-03,2023,8,3,Summer,8,40.6,-80.0,365.0,121.0,227.0,15.0,1.0,1.0,0.0,237.0,84.0,56.0,0.0,0.0,71.0,294.0,0.0
Gilbert,MN,SAINT LOUIS,2023-05-29,2023,5,29,Spring,2,47.5,-92.4,365.0,221.0,136.0,6.0,1.0,1.0,0.0,286.0,74.0,44.0,0.0,1.0,168.0,190.0,6.0
Gillespie,IL,MACOUPIN,2023-08-02,2023,8,2,Summer,4,39.1,-89.8,365.0,310.0,45.0,10.0,0.0,0.0,0.0,129.0,61.0,37.0,0.0,121.0,244.0,0.0,0.0
Gilroy,CA,SANTA CLARA,2023-07-28,2023,7,28,Summer,2,37.0,-121.5,365.0,238.0,123.0,4.0,0.0,0.0,0.0,134.0,63.0,43.0,0.0,2.0,181.0,182.0,0.0
Glade Spring,VA,WASHINGTON,2023-07-04,2023,7,4,Summer,1,36.8,-81.8,,,,,,,,,,,,,,,
Glade Spring,VA,WASHINGTON,2023-08-01,2023,8,1,Summer,1,36.8,-81.8,,,,,,,,,,,,,,,
Glade Spring,VA,WASHINGTON,2023-08-15,2023,8,15,Summer,2,36.8,-81.8,,,,,,,,,,,,,,,
Gladewater,TX,GREGG,2023-10-21,2023,10,21,Fall,2,32.5,-94.9,365.0,304.0,59.0,1.0,1.0,0.0,0.0,151.0,67.0,35.0,0.0,1.0,364.0,0.0,0.0
Glasgow,WV,KANAWHA,2023-08-12,2023,8,12,Summer,1,38.2,-81.4,361.0,254.0,106.0,0.0,1.0,0.0,0.0,153.0,58.0,42.0,0.0,0.0,136.0,225.0,0.0
Glasgow,WV,KANAWHA,2023-10-12,2023,10,12,Fall,5,38.2,-81.4,361.0,254.0,106.0,0.0,1.0,0.0,0.0,153.0,58.0,42.0,0.0,0.0,136.0,225.0,0.0
Glasgow,WV,KANAWHA,2023-10-18,2023,10,18,Fall,1,38.2,-81.4,361.0,254.0,106.0,0.0,1.0,0.0,0.0,153.0,58.0,42.0,0.0,0.0,136.0,225.0,0.0
Glastonbury,CT,HARTFORD,2023-08-18,2023,8,18,Summer,2,41.7,-72.6,365.0,226.0,132.0,4.0,3.0,0.0,0.0,166.0,64.0,43.0,0.0,19.0,156.0,190.0,0.0
Glastonbury,CT,HARTFORD,2023-09-03,2023,9,3,Fall,2,41.7,-72.6,365.0,226.0,132.0,4.0,3.0,0.0,0.0,166.0,64.0,43.0,0.0,19.0,156.0,190.0,0.0
Glastonbury,CT,HARTFORD,2023-10-05,2023,10,5,Fall,2,41.7,-72.6,365.0,226.0,132.0,4.0,3.0,0.0,0.0,166.0,64.0,43.0,0.0,19.0,156.0,190.0,0.0
Glen Ellyn,IL,DUPAGE,2023-07-30,2023,7,30,Summer,6,41.9,-88.0,365.0,146.0,202.0,11.0,4.0,2.0,0.0,234.0,77.0,53.0,0.0,0.0,101.0,264.0,0.0
Glen Jean,WV,FAYETTE,2023-09-12,2023,9,12,Fall,3,37.9,-81.1,,,,,,,,,,,,,,,
Glen Jean,WV,FAYETTE,2023-09-21,2023,9,21,Fall,2,37.9,-81.1,,,,,,,,,,,,,,,
Glen Jean,WV,FAYETTE,2023-09-22,2023,9,22,Fall,4,37.9,-81.2,,,,,,,,,,,,,,,
Glen Ridge,NJ,ESSEX,2023-07-03,2023,7,3,Summer,1,40.8,-74.2,,,,,,,,,,,,,,,
Glen Ridge,NJ,ESSEX,2023-07-13,2023,7,13,Summer,1,40.8,-74.2,,,,,,,,,,,,,,,
Glen Ridge,NJ,ESSEX,2023-07-30,2023,7,30,Summer,1,40.8,-74.2,,,,,,,,,,,,,,,
Glen Ridge,NJ,ESSEX,2023-07-31,2023,7,31,Summer,1,40.8,-74.2,,,,,,,,,,,,,,,
Glen Ridge,NJ,ESSEX,2023-08-01,2023,8,1,Summer,1,40.8,-74.2,,,,,,,,,,,,,,,
Glen Ridge,NJ,ESSEX,2023-08-08,2023,8,8,Summer,1,40.8,-74.2,,,,,,,,,,,,,,,
Glencoe,IL,COOK,2023-08-21,2023,8,21,Summer,3,42.1,-87.8,365.0,104.0,227.0,27.0,5.0,2.0,0.0,223.0,93.0,57.0,0.0,8.0,97.0,252.0,8.0
Glendora,CA,LOS ANGELES,2023-01-08,2023,1,8,Winter,1,34.1,-117.9,365.0,41.0,237.0,52.0,32.0,3.0,0.0,210.0,147.0,67.0,0.0,5.0,150.0,203.0,7.0
Glendora,CA,LOS ANGELES,2023-04-08,2023,4,8,Spring,1,34.1,-117.9,365.0,41.0,237.0,52.0,32.0,3.0,0.0,210.0,147.0,67.0,0.0,5.0,150.0,203.0,7.0
Glendora,CA,LOS ANGELES,2023-05-21,2023,5,21,Spring,4,34.1,-117.8,365.0,41.0,237.0,52.0,32.0,3.0,0.0,210.0,147.0,67.0,0.0,5.0,150.0,203.0,7.0
Glendora,CA,LOS ANGELES,2023-06-07,2023,6,7,Summer,6,34.1,-117.9,365.0,41.0,237.0,52.0,32.0,3.0,0.0,210.0,147.0,67.0,0.0,5.0,150.0,203.0,7.0
Glenpool,OK,TULSA,2023-04-11,2023,4,11,Spring,2,36.0,-96.0,365.0,142.0,205.0,16.0,2.0,0.0,0.0,197.0,77.0,53.0,0.0,0.0,154.0,204.0,7.0
Glenpool,OK,TULSA,2023-09-05,2023,9,5,Fall,1,36.0,-96.0,365.0,142.0,205.0,16.0,2.0,0.0,0.0,197.0,77.0,53.0,0.0,0.0,154.0,204.0,7.0
Glenpool,OK,TULSA,2023-10-05,2023,10,5,Fall,2,36.0,-96.0,365.0,142.0,205.0,16.0,2.0,0.0,0.0,197.0,77.0,53.0,0.0,0.0,154.0,204.0,7.0
Glenpool,OK,TULSA,2023-10-10,2023,10,10,Fall,3,36.0,-96.0,365.0,142.0,205.0,16.0,2.0,0.0,0.0,197.0,77.0,53.0,0.0,0.0,154.0,204.0,7.0
Glenpool,OK,TULSA,2023-10-23,2023,10,23,Fall,3,36.0,-96.0,365.0,142.0,205.0,16.0,2.0,0.0,0.0,197.0,77.0,53.0,0.0,0.0,154.0,204.0,7.0
Glenshaw,PA,ALLEGHENY,2023-08-31,2023,8,31,Summer,1,40.5,-80.0,365.0,121.0,227.0,15.0,1.0,1.0,0.0,237.0,84.0,56.0,0.0,0.0,71.0,294.0,0.0
Gloucester,MA,ESSEX,2023-10-28,2023,10,28,Fall,4,42.6,-70.7,365.0,243.0,120.0,2.0,0.0,0.0,0.0,105.0,60.0,44.0,0.0,1.0,160.0,204.0,0.0
Glyndon,MN,CLAY,2023-08-05,2023,8,5,Summer,10,46.9,-96.6,,,,,,,,,,,,,,,
Godfrey,IL,MADISON,2023-09-19,2023,9,19,Fall,15,39.0,-90.2,363.0,113.0,234.0,14.0,2.0,0.0,0.0,155.0,81.0,55.0,0.0,0.0,124.0,239.0,0.0
Goessel,KS,MARION,2023-04-16,2023,4,16,Spring,1,38.2,-97.3,,,,,,,,,,,,,,,
Gold Hill,OR,JACKSON,2023-08-17,2023,8,17,Summer,1,42.4,-123.0,365.0,216.0,135.0,2.0,7.0,5.0,0.0,237.0,69.0,45.0,0.0,0.0,98.0,267.0,0.0
Golden,CO,JEFFERSON,2023-08-24,2023,8,24,Summer,6,39.7,-105.2,365.0,206.0,141.0,18.0,0.0,0.0,0.0,143.0,90.0,49.0,0.0,2.0,363.0,0.0,0.0
Golden,CO,JEFFERSON,2023-09-30,2023,9,30,Fall,6,39.9,-105.4,365.0,206.0,141.0,18.0,0.0,0.0,0.0,143.0,90.0,49.0,0.0,2.0,363.0,0.0,0.0
Goleta,CA,SANTA BARBARA,2023-10-19,2023,10,19,Fall,20,34.4,-119.8,365.0,232.0,133.0,0.0,0.0,0.0,0.0,95.0,59.0,45.0,0.0,0.0,170.0,186.0,9.0
Goodlettsville,TN,DAVIDSON,2023-04-14,2023,4,14,Spring,5,36.3,-86.7,365.0,135.0,226.0,4.0,0.0,0.0,0.0,133.0,68.0,53.0,0.0,3.0,77.0,285.0,0.0
Goodyear,AZ,MARICOPA,2023-05-10,2023,5,10,Spring,2,33.4,-112.4,365.0,41.0,255.0,62.0,7.0,0.0,0.0,183.0,119.0,72.0,0.0,0.0,193.0,91.0,81.0
Goodyear,AZ,MARICOPA,2023-11-11,2023,11,11,Fall,4,33.5,-112.5,365.0,41.0,255.0,62.0,7.0,0.0,0.0,183.0,119.0,72.0,0.0,0.0,193.0,91.0,81.0
Goshen,IN,ELKHART,2023-08-03,2023,8,3,Summer,2,41.6,-85.8,365.0,228.0,130.0,5.0,2.0,0.0,0.0,193.0,69.0,44.0,0.0,0.0,174.0,191.0,0.0
Gouldsboro,ME,HANCOCK,2023-09-09,2023,9,9,Fall,3,44.5,-68.0,365.0,314.0,51.0,0.0,0.0,0.0,0.0,93.0,54.0,38.0,0.0,0.0,321.0,44.0,0.0
Gouldsboro,ME,HANCOCK,2023-09-10,2023,9,10,Fall,3,44.5,-68.0,365.0,314.0,51.0,0.0,0.0,0.0,0.0,93.0,54.0,38.0,0.0,0.0,321.0,44.0,0.0
Gouldsboro,ME,HANCOCK,2023-09-11,2023,9,11,Fall,3,44.5,-68.0,365.0,314.0,51.0,0.0,0.0,0.0,0.0,93.0,54.0,38.0,0.0,0.0,321.0,44.0,0.0
Granbury,TX,HOOD,2023-07-03,2023,7,3,Summer,4,32.5,-97.7,361.0,289.0,61.0,11.0,0.0,0.0,0.0,143.0,74.0,39.0,0.0,0.0,361.0,0.0,0.0
Granbury,TX,HOOD,2023-09-17,2023,9,17,Fall,8,32.4,-97.8,361.0,289.0,61.0,11.0,0.0,0.0,0.0,143.0,74.0,39.0,0.0,0.0,361.0,0.0,0.0
Granbury,TX,HOOD,2023-09-18,2023,9,18,Fall,8,32.4,-97.8,361.0,289.0,61.0,11.0,0.0,0.0,0.0,143.0,74.0,39.0,0.0,0.0,361.0,0.0,0.0
Granbury,TX,HOOD,2023-09-28,2023,9,28,Fall,52,32.4,-97.7,361.0,289.0,61.0,11.0,0.0,0.0,0.0,143.0,74.0,39.0,0.0,0.0,361.0,0.0,0.0
Granbury,TX,HOOD,2023-10-07,2023,10,7,Fall,4,32.4,-97.7,361.0,289.0,61.0,11.0,0.0,0.0,0.0,143.0,74.0,39.0,0.0,0.0,361.0,0.0,0.0
Granbury,TX,HOOD,2023-11-07,2023,11,7,Fall,8,32.5,-97.8,361.0,289.0,61.0,11.0,0.0,0.0,0.0,143.0,74.0,39.0,0.0,0.0,361.0,0.0,0.0
Granbury,TX,HOOD,2023-11-16,2023,11,16,Fall,4,32.5,-97.8,361.0,289.0,61.0,11.0,0.0,0.0,0.0,143.0,74.0,39.0,0.0,0.0,361.0,0.0,0.0
Granbury,TX,HOOD,2023-11-25,2023,11,25,Fall,4,32.5,-97.8,361.0,289.0,61.0,11.0,0.0,0.0,0.0,143.0,74.0,39.0,0.0,0.0,361.0,0.0,0.0
Granby,CT,HARTFORD,2023-08-09,2023,8,9,Summer,1,42.0,-72.8,365.0,226.0,132.0,4.0,3.0,0.0,0.0,166.0,64.0,43.0,0.0,19.0,156.0,190.0,0.0
Granby,MA,HAMPSHIRE,2023-07-17,2023,7,17,Summer,1,42.3,-72.5,365.0,292.0,67.0,6.0,0.0,0.0,0.0,138.0,55.0,38.0,0.0,3.0,227.0,135.0,0.0
Granby,MA,HAMPSHIRE,2023-09-06,2023,9,6,Fall,1,42.3,-72.5,365.0,292.0,67.0,6.0,0.0,0.0,0.0,138.0,55.0,38.0,0.0,3.0,227.0,135.0,0.0
Granby,MA,HAMPSHIRE,2023-09-07,2023,9,7,Fall,1,42.3,-72.5,365.0,292.0,67.0,6.0,0.0,0.0,0.0,138.0,55.0,38.0,0.0,3.0,227.0,135.0,0.0
Granby,MA,HAMPSHIRE,2023-09-09,2023,9,9,Fall,2,42.3,-72.5,365.0,292.0,67.0,6.0,0.0,0.0,0.0,138.0,55.0,38.0,0.0,3.0,227.0,135.0,0.0
Granby,MA,HAMPSHIRE,2023-09-16,2023,9,16,Fall,2,42.3,-72.5,365.0,292.0,67.0,6.0,0.0,0.0,0.0,138.0,55.0,38.0,0.0,3.0,227.0,135.0,0.0
Granby,MA,HAMPSHIRE,2023-09-20,2023,9,20,Fall,1,42.3,-72.5,365.0,292.0,67.0,6.0,0.0,0.0,0.0,138.0,55.0,38.0,0.0,3.0,227.0,135.0,0.0
Granby,MA,HAMPSHIRE,2023-09-27,2023,9,27,Fall,8,42.3,-72.5,365.0,292.0,67.0,6.0,0.0,0.0,0.0,138.0,55.0,38.0,0.0,3.0,227.0,135.0,0.0
Granby,MA,HAMPSHIRE,2023-10-08,2023,10,8,Fall,6,42.3,-72.5,365.0,292.0,67.0,6.0,0.0,0.0,0.0,138.0,55.0,38.0,0.0,3.0,227.0,135.0,0.0
Granby,MA,HAMPSHIRE,2023-10-10,2023,10,10,Fall,5,42.3,-72.5,365.0,292.0,67.0,6.0,0.0,0.0,0.0,138.0,55.0,38.0,0.0,3.0,227.0,135.0,0.0
Granby,MA,HAMPSHIRE,2023-10-12,2023,10,12,Fall,5,42.3,-72.5,365.0,292.0,67.0,6.0,0.0,0.0,0.0,138.0,55.0,38.0,0.0,3.0,227.0,135.0,0.0
Granby,MA,HAMPSHIRE,2023-10-13,2023,10,13,Fall,5,42.3,-72.5,365.0,292.0,67.0,6.0,0.0,0.0,0.0,138.0,55.0,38.0,0.0,3.0,227.0,135.0,0.0
Granby,MO,NEWTON,2023-09-06,2023,9,6,Fall,3,36.9,-94.3,,,,,,,,,,,,,,,
Grand Blanc,MI,GENESEE,2023-07-16,2023,7,16,Summer,2,42.9,-83.6,364.0,238.0,115.0,8.0,3.0,0.0,0.0,178.0,74.0,44.0,0.0,0.0,158.0,206.0,0.0
Grand Blanc,MI,GENESEE,2023-08-05,2023,8,5,Summer,2,42.9,-83.6,364.0,238.0,115.0,8.0,3.0,0.0,0.0,178.0,74.0,44.0,0.0,0.0,158.0,206.0,0.0
Grand Blanc,MI,GENESEE,2023-09-17,2023,9,17,Fall,8,42.9,-83.6,364.0,238.0,115.0,8.0,3.0,0.0,0.0,178.0,74.0,44.0,0.0,0.0,158.0,206.0,0.0
Grand Haven,MI,OTTAWA,2023-07-10,2023,7,10,Summer,2,43.1,-86.2,356.0,176.0,172.0,5.0,2.0,1.0,0.0,227.0,74.0,51.0,0.0,0.0,105.0,251.0,0.0
Grand Haven,MI,OTTAWA,2023-09-01,2023,9,1,Fall,2,43.0,-86.2,356.0,176.0,172.0,5.0,2.0,1.0,0.0,227.0,74.0,51.0,0.0,0.0,105.0,251.0,0.0
Grand Junction,CO,MESA,2023-06-16,2023,6,16,Summer,4,39.1,-108.6,365.0,246.0,119.0,0.0,0.0,0.0,0.0,90.0,64.0,46.0,0.0,0.0,301.0,64.0,0.0
Grand Junction,CO,MESA,2023-06-25,2023,6,25,Summer,4,39.1,-108.6,365.0,246.0,119.0,0.0,0.0,0.0,0.0,90.0,64.0,46.0,0.0,0.0,301.0,64.0,0.0
Grand Junction,CO,MESA,2023-09-10,2023,9,10,Fall,4,39.1,-108.6,365.0,246.0,119.0,0.0,0.0,0.0,0.0,90.0,64.0,46.0,0.0,0.0,301.0,64.0,0.0
Grand Junction,CO,MESA,2023-10-06,2023,10,6,Fall,4,39.1,-108.6,365.0,246.0,119.0,0.0,0.0,0.0,0.0,90.0,64.0,46.0,0.0,0.0,301.0,64.0,0.0
Grand Marais,MN,COOK,2023-06-02,2023,6,2,Summer,3,47.8,-90.3,346.0,298.0,47.0,1.0,0.0,0.0,0.0,120.0,54.0,13.0,0.0,0.0,0.0,346.0,0.0
Grand Marsh,WI,ADAMS,2023-07-30,2023,7,30,Summer,5,44.0,-89.6,,,,,,,,,,,,,,,
Grand Marsh,WI,ADAMS,2023-08-05,2023,8,5,Summer,10,44.0,-89.7,,,,,,,,,,,,,,,
Grand Rapids,MI,KENT,2023-05-23,2023,5,23,Spring,16,43.0,-85.7,365.0,188.0,165.0,9.0,2.0,1.0,0.0,220.0,80.0,49.0,1.0,13.0,153.0,198.0,0.0
Grand Rapids,MI,KENT,2023-07-12,2023,7,12,Summer,64,43.0,-85.7,365.0,188.0,165.0,9.0,2.0,1.0,0.0,220.0,80.0,49.0,1.0,13.0,153.0,198.0,0.0
Grand Rapids,MI,KENT,2023-07-17,2023,7,17,Summer,32,43.0,-85.6,365.0,188.0,165.0,9.0,2.0,1.0,0.0,220.0,80.0,49.0,1.0,13.0,153.0,198.0,0.0
Grand Rapids,MI,KENT,2023-07-18,2023,7,18,Summer,32,43.0,-85.6,365.0,188.0,165.0,9.0,2.0,1.0,0.0,220.0,80.0,49.0,1.0,13.0,153.0,198.0,0.0
Grand Rapids,MI,KENT,2023-07-25,2023,7,25,Summer,48,43.0,-85.6,365.0,188.0,165.0,9.0,2.0,1.0,0.0,220.0,80.0,49.0,1.0,13.0,153.0,198.0,0.0
Grand Rapids,MI,KENT,2023-07-26,2023,7,26,Summer,32,43.0,-85.6,365.0,188.0,165.0,9.0,2.0,1.0,0.0,220.0,80.0,49.0,1.0,13.0,153.0,198.0,0.0
Grand Rapids,MI,KENT,2023-07-27,2023,7,27,Summer,32,43.0,-85.7,365.0,188.0,165.0,9.0,2.0,1.0,0.0,220.0,80.0,49.0,1.0,13.0,153.0,198.0,0.0
Grand Rapids,MI,KENT,2023-07-28,2023,7,28,Summer,48,43.0,-85.7,365.0,188.0,165.0,9.0,2.0,1.0,0.0,220.0,80.0,49.0,1.0,13.0,153.0,198.0,0.0
Grand Rapids,MI,KENT,2023-07-29,2023,7,29,Summer,64,43.0,-85.6,365.0,188.0,165.0,9.0,2.0,1.0,0.0,220.0,80.0,49.0,1.0,13.0,153.0,198.0,0.0
Grand Rapids,MI,KENT,2023-08-03,2023,8,3,Summer,16,43.0,-85.7,365.0,188.0,165.0,9.0,2.0,1.0,0.0,220.0,80.0,49.0,1.0,13.0,153.0,198.0,0.0
Grand Rapids,MI,KENT,2023-08-05,2023,8,5,Summer,16,43.0,-85.7,365.0,188.0,165.0,9.0,2.0,1.0,0.0,220.0,80.0,49.0,1.0,13.0,153.0,198.0,0.0
Grand Rapids,MI,KENT,2023-08-07,2023,8,7,Summer,16,42.9,-85.5,365.0,188.0,165.0,9.0,2.0,1.0,0.0,220.0,80.0,49.0,1.0,13.0,153.0,198.0,0.0
Grand Rapids,MI,KENT,2023-08-08,2023,8,8,Summer,64,43.0,-85.6,365.0,188.0,165.0,9.0,2.0,1.0,0.0,220.0,80.0,49.0,1.0,13.0,153.0,198.0,0.0
Grand Rapids,MI,KENT,2023-08-09,2023,8,9,Summer,96,43.0,-85.6,365.0,188.0,165.0,9.0,2.0,1.0,0.0,220.0,80.0,49.0,1.0,13.0,153.0,198.0,0.0
Grand Rapids,MI,KENT,2023-08-10,2023,8,10,Summer,80,43.0,-85.7,365.0,188.0,165.0,9.0,2.0,1.0,0.0,220.0,80.0,49.0,1.0,13.0,153.0,198.0,0.0
Grand Rapids,MI,KENT,2023-08-11,2023,8,11,Summer,176,43.0,-85.7,365.0,188.0,165.0,9.0,2.0,1.0,0.0,220.0,80.0,49.0,1.0,13.0,153.0,198.0,0.0
Grand Rapids,MI,KENT,2023-08-14,2023,8,14,Summer,16,42.9,-85.6,365.0,188.0,165.0,9.0,2.0,1.0,0.0,220.0,80.0,49.0,1.0,13.0,153.0,198.0,0.0
Grand Rapids,MI,KENT,2023-08-17,2023,8,17,Summer,48,43.0,-85.6,365.0,188.0,165.0,9.0,2.0,1.0,0.0,220.0,80.0,49.0,1.0,13.0,153.0,198.0,0.0
Grand Rapids,MI,KENT,2023-08-20,2023,8,20,Summer,64,43.0,-85.7,365.0,188.0,165.0,9.0,2.0,1.0,0.0,220.0,80.0,49.0,1.0,13.0,153.0,198.0,0.0
Grand Rapids,MI,KENT,2023-09-01,2023,9,1,Fall,48,43.0,-85.7,365.0,188.0,165.0,9.0,2.0,1.0,0.0,220.0,80.0,49.0,1.0,13.0,153.0,198.0,0.0
Grand Rapids,MI,KENT,2023-09-03,2023,9,3,Fall,32,42.9,-85.6,365.0,188.0,165.0,9.0,2.0,1.0,0.0,220.0,80.0,49.0,1.0,13.0,153.0,198.0,0.0
Grand Rapids,MI,KENT,2023-09-05,2023,9,5,Fall,16,42.9,-85.6,365.0,188.0,165.0,9.0,2.0,1.0,0.0,220.0,80.0,49.0,1.0,13.0,153.0,198.0,0.0
Grand Rapids,MI,KENT,2023-09-10,2023,9,10,Fall,32,42.9,-85.6,365.0,188.0,165.0,9.0,2.0,1.0,0.0,220.0,80.0,49.0,1.0,13.0,153.0,198.0,0.0
Grand Rapids,MI,KENT,2023-09-12,2023,9,12,Fall,16,42.9,-85.6,365.0,188.0,165.0,9.0,2.0,1.0,0.0,220.0,80.0,49.0,1.0,13.0,153.0,198.0,0.0
Grand Rapids,MI,KENT,2023-09-16,2023,9,16,Fall,16,42.9,-85.6,365.0,188.0,165.0,9.0,2.0,1.0,0.0,220.0,80.0,49.0,1.0,13.0,153.0,198.0,0.0
Grand Rapids,MI,KENT,2023-09-23,2023,9,23,Fall,16,42.9,-85.6,365.0,188.0,165.0,9.0,2.0,1.0,0.0,220.0,80.0,49.0,1.0,13.0,153.0,198.0,0.0
Grand Rapids,MI,KENT,2023-09-24,2023,9,24,Fall,16,42.9,-85.6,365.0,188.0,165.0,9.0,2.0,1.0,0.0,220.0,80.0,49.0,1.0,13.0,153.0,198.0,0.0
Grand Rapids,MI,KENT,2023-09-30,2023,9,30,Fall,48,42.9,-85.6,365.0,188.0,165.0,9.0,2.0,1.0,0.0,220.0,80.0,49.0,1.0,13.0,153.0,198.0,0.0
Grand Rapids,MI,KENT,2023-10-01,2023,10,1,Fall,32,42.9,-85.6,365.0,188.0,165.0,9.0,2.0,1.0,0.0,220.0,80.0,49.0,1.0,13.0,153.0,198.0,0.0
Grand Rapids,MI,KENT,2023-10-04,2023,10,4,Fall,16,43.0,-85.6,365.0,188.0,165.0,9.0,2.0,1.0,0.0,220.0,80.0,49.0,1.0,13.0,153.0,198.0,0.0
Grapevine,TX,TARRANT,2023-09-14,2023,9,14,Fall,1,32.9,-97.1,365.0,99.0,239.0,23.0,4.0,0.0,0.0,172.0,93.0,57.0,0.0,4.0,122.0,239.0,0.0
Grapevine,TX,TARRANT,2023-10-11,2023,10,11,Fall,1,33.0,-97.0,365.0,99.0,239.0,23.0,4.0,0.0,0.0,172.0,93.0,57.0,0.0,4.0,122.0,239.0,0.0
Grapevine,TX,TARRANT,2023-10-21,2023,10,21,Fall,24,33.0,-97.1,365.0,99.0,239.0,23.0,4.0,0.0,0.0,172.0,93.0,57.0,0.0,4.0,122.0,239.0,0.0
Grass Lake,MI,JACKSON,2023-09-13,2023,9,13,Fall,1,42.3,-84.2,,,,,,,,,,,,,,,
Grass Lake,MI,JACKSON,2023-09-16,2023,9,16,Fall,2,42.3,-84.2,,,,,,,,,,,,,,,
Great River,NY,SUFFOLK,2023-08-01,2023,8,1,Summer,1,40.7,-73.2,365.0,278.0,74.0,11.0,2.0,0.0,0.0,195.0,62.0,41.0,0.0,1.0,278.0,86.0,0.0
Greeley,CO,WELD,2023-08-10,2023,8,10,Summer,5,40.4,-104.8,365.0,146.0,214.0,4.0,1.0,0.0,0.0,162.0,80.0,55.0,0.0,0.0,263.0,102.0,0.0
Green Bay,WI,BROWN,2023-05-23,2023,5,23,Spring,12,44.5,-88.0,365.0,216.0,136.0,8.0,5.0,0.0,0.0,179.0,74.0,44.0,0.0,0.0,107.0,258.0,0.0
Green Bay,WI,BROWN,2023-07-13,2023,7,13,Summer,24,44.5,-88.1,365.0,216.0,136.0,8.0,5.0,0.0,0.0,179.0,74.0,44.0,0.0,0.0,107.0,258.0,0.0
Green Bay,WI,BROWN,2023-07-29,2023,7,29,Summer,12,44.5,-88.0,365.0,216.0,136.0,8.0,5.0,0.0,0.0,179.0,74.0,44.0,0.0,0.0,107.0,258.0,0.0
Green Bay,WI,BROWN,2023-08-02,2023,8,2,Summer,24,44.5,-88.1,365.0,216.0,136.0,8.0,5.0,0.0,0.0,179.0,74.0,44.0,0.0,0.0,107.0,258.0,0.0
Green Bay,WI,BROWN,2023-08-15,2023,8,15,Summer,12,44.5,-88.0,365.0,216.0,136.0,8.0,5.0,0.0,0.0,179.0,74.0,44.0,0.0,0.0,107.0,258.0,0.0
Green Bay,WI,BROWN,2023-08-28,2023,8,28,Summer,12,44.5,-88.0,365.0,216.0,136.0,8.0,5.0,0.0,0.0,179.0,74.0,44.0,0.0,0.0,107.0,258.0,0.0
Green Bay,WI,BROWN,2023-09-25,2023,9,25,Fall,12,44.5,-88.0,365.0,216.0,136.0,8.0,5.0,0.0,0.0,179.0,74.0,44.0,0.0,0.0,107.0,258.0,0.0
Green Bay,WI,BROWN,2023-10-05,2023,10,5,Fall,36,44.5,-88.0,365.0,216.0,136.0,8.0,5.0,0.0,0.0,179.0,74.0,44.0,0.0,0.0,107.0,258.0,0.0
Green Valley,AZ,PIMA,2023-01-07,2023,1,7,Winter,3,31.9,-111.0,365.0,123.0,235.0,7.0,0.0,0.0,0.0,147.0,84.0,54.0,0.0,0.0,179.0,123.0,63.0
Green Valley,AZ,PIMA,2023-05-29,2023,5,29,Spring,3,31.9,-111.0,365.0,123.0,235.0,7.0,0.0,0.0,0.0,147.0,84.0,54.0,0.0,0.0,179.0,123.0,63.0
Green Valley,AZ,PIMA,2023-06-14,2023,6,14,Summer,6,31.9,-111.0,365.0,123.0,235.0,7.0,0.0,0.0,0.0,147.0,84.0,54.0,0.0,0.0,179.0,123.0,63.0
Greenback,TN,LOUDON,2023-10-14,2023,10,14,Fall,1,35.7,-84.2,361.0,264.0,96.0,1.0,0.0,0.0,0.0,107.0,60.0,42.0,0.0,0.0,148.0,213.0,0.0
Greenfield,IL,GREENE,2023-09-23,2023,9,23,Fall,80,39.3,-90.1,,,,,,,,,,,,,,,
Greenfield,IL,GREENE,2023-09-24,2023,9,24,Fall,60,39.3,-90.1,,,,,,,,,,,,,,,
Greenfield,IL,GREENE,2023-09-25,2023,9,25,Fall,50,39.3,-90.1,,,,,,,,,,,,,,,
Greenfield,IL,GREENE,2023-09-26,2023,9,26,Fall,60,39.3,-90.1,,,,,,,,,,,,,,,
Greenfield,IL,GREENE,2023-09-27,2023,9,27,Fall,60,39.3,-90.1,,,,,,,,,,,,,,,
Greenfield,IL,GREENE,2023-09-28,2023,9,28,Fall,4,39.3,-90.1,,,,,,,,,,,,,,,
Greenfield,IN,HANCOCK,2023-09-19,2023,9,19,Fall,8,39.8,-85.8,,,,,,,,,,,,,,,
Greenfield,MA,FRANKLIN,2023-07-15,2023,7,15,Summer,2,42.6,-72.6,365.0,246.0,113.0,5.0,1.0,0.0,0.0,154.0,61.0,43.0,0.0,0.0,139.0,226.0,0.0
Greenfield,NH,HILLSBOROUGH,2023-07-30,2023,7,30,Summer,1,42.9,-71.8,365.0,305.0,55.0,5.0,0.0,0.0,0.0,119.0,58.0,39.0,3.0,0.0,293.0,69.0,0.0
Greensboro,NC,GUILFORD,2023-07-26,2023,7,26,Summer,62,36.1,-79.8,365.0,183.0,178.0,4.0,0.0,0.0,0.0,131.0,67.0,50.0,0.0,0.0,112.0,248.0,5.0
Greensboro,NC,GUILFORD,2023-07-28,2023,7,28,Summer,62,36.1,-79.9,365.0,183.0,178.0,4.0,0.0,0.0,0.0,131.0,67.0,50.0,0.0,0.0,112.0,248.0,5.0
Greensboro,NC,GUILFORD,2023-08-18,2023,8,18,Summer,31,36.1,-79.8,365.0,183.0,178.0,4.0,0.0,0.0,0.0,131.0,67.0,50.0,0.0,0.0,112.0,248.0,5.0
Greensboro,NC,GUILFORD,2023-08-30,2023,8,30,Summer,31,36.1,-79.8,365.0,183.0,178.0,4.0,0.0,0.0,0.0,131.0,67.0,50.0,0.0,0.0,112.0,248.0,5.0
Greensboro,NC,GUILFORD,2023-08-31,2023,8,31,Summer,31,36.1,-79.8,365.0,183.0,178.0,4.0,0.0,0.0,0.0,131.0,67.0,50.0,0.0,0.0,112.0,248.0,5.0
Greensboro,NC,GUILFORD,2023-09-27,2023,9,27,Fall,31,36.1,-79.9,365.0,183.0,178.0,4.0,0.0,0.0,0.0,131.0,67.0,50.0,0.0,0.0,112.0,248.0,5.0
Greensboro,NC,GUILFORD,2023-10-04,2023,10,4,Fall,62,36.1,-79.9,365.0,183.0,178.0,4.0,0.0,0.0,0.0,131.0,67.0,50.0,0.0,0.0,112.0,248.0,5.0
Greensboro,NC,GUILFORD,2023-10-08,2023,10,8,Fall,31,36.1,-79.8,365.0,183.0,178.0,4.0,0.0,0.0,0.0,131.0,67.0,50.0,0.0,0.0,112.0,248.0,5.0
Greensboro,NC,GUILFORD,2023-10-17,2023,10,17,Fall,248,36.1,-79.8,365.0,183.0,178.0,4.0,0.0,0.0,0.0,131.0,67.0,50.0,0.0,0.0,112.0,248.0,5.0
Greensboro,NC,GUILFORD,2023-10-21,2023,10,21,Fall,31,36.1,-79.9,365.0,183.0,178.0,4.0,0.0,0.0,0.0,131.0,67.0,50.0,0.0,0.0,112.0,248.0,5.0
Greensboro,NC,GUILFORD,2023-10-29,2023,10,29,Fall,93,36.1,-79.9,365.0,183.0,178.0,4.0,0.0,0.0,0.0,131.0,67.0,50.0,0.0,0.0,112.0,248.0,5.0
Greenville,NC,PITT,2023-10-08,2023,10,8,Fall,4,35.6,-77.3,365.0,256.0,107.0,2.0,0.0,0.0,0.0,118.0,60.0,42.0,0.0,0.0,120.0,245.0,0.0
Greenville,NC,PITT,2023-10-26,2023,10,26,Fall,8,35.6,-77.3,365.0,256.0,107.0,2.0,0.0,0.0,0.0,118.0,60.0,42.0,0.0,0.0,120.0,245.0,0.0
Greenville,NC,PITT,2023-11-07,2023,11,7,Fall,4,35.6,-77.4,365.0,256.0,107.0,2.0,0.0,0.0,0.0,118.0,60.0,42.0,0.0,0.0,120.0,245.0,0.0
Greenville,SC,GREENVILLE,2023-08-28,2023,8,28,Summer,7,34.8,-82.4,365.0,167.0,196.0,2.0,0.0,0.0,0.0,126.0,70.0,52.0,0.0,2.0,134.0,229.0,0.0
Greenville,SC,GREENVILLE,2023-09-02,2023,9,2,Fall,7,34.8,-82.4,365.0,167.0,196.0,2.0,0.0,0.0,0.0,126.0,70.0,52.0,0.0,2.0,134.0,229.0,0.0
Greenville,SC,GREENVILLE,2023-09-04,2023,9,4,Fall,21,34.8,-82.4,365.0,167.0,196.0,2.0,0.0,0.0,0.0,126.0,70.0,52.0,0.0,2.0,134.0,229.0,0.0
Greenville,SC,GREENVILLE,2023-09-24,2023,9,24,Fall,63,34.8,-82.4,365.0,167.0,196.0,2.0,0.0,0.0,0.0,126.0,70.0,52.0,0.0,2.0,134.0,229.0,0.0
Greenville,SC,GREENVILLE,2023-10-11,2023,10,11,Fall,14,34.9,-82.3,365.0,167.0,196.0,2.0,0.0,0.0,0.0,126.0,70.0,52.0,0.0,2.0,134.0,229.0,0.0
Greenville,SC,GREENVILLE,2023-10-28,2023,10,28,Fall,21,34.9,-82.5,365.0,167.0,196.0,2.0,0.0,0.0,0.0,126.0,70.0,52.0,0.0,2.0,134.0,229.0,0.0
Greenville,TX,HUNT,2023-09-24,2023,9,24,Fall,2,33.1,-96.1,359.0,314.0,43.0,2.0,0.0,0.0,0.0,119.0,54.0,37.0,0.0,11.0,348.0,0.0,0.0
Greenwood,IN,JOHNSON,2023-04-19,2023,4,19,Spring,3,39.6,-86.1,,,,,,,,,,,,,,,
Greenwood,IN,JOHNSON,2023-09-08,2023,9,8,Fall,3,39.6,-86.2,,,,,,,,,,,,,,,
Greenwood,IN,JOHNSON,2023-09-11,2023,9,11,Fall,3,39.6,-86.2,,,,,,,,,,,,,,,
Greenwood,IN,JOHNSON,2023-09-12,2023,9,12,Fall,3,39.6,-86.2,,,,,,,,,,,,,,,
Greenwood,IN,JOHNSON,2023-09-13,2023,9,13,Fall,6,39.6,-86.2,,,,,,,,,,,,,,,
Greenwood,IN,JOHNSON,2023-09-16,2023,9,16,Fall,9,39.6,-86.2,,,,,,,,,,,,,,,
Greenwood,IN,JOHNSON,2023-09-18,2023,9,18,Fall,3,39.6,-86.2,,,,,,,,,,,,,,,
Greenwood,IN,JOHNSON,2023-09-20,2023,9,20,Fall,3,39.6,-86.2,,,,,,,,,,,,,,,
Greenwood,IN,JOHNSON,2023-09-21,2023,9,21,Fall,9,39.6,-86.2,,,,,,,,,,,,,,,
Greenwood,IN,JOHNSON,2023-09-25,2023,9,25,Fall,9,39.6,-86.2,,,,,,,,,,,,,,,
Greenwood,IN,JOHNSON,2023-09-27,2023,9,27,Fall,9,39.6,-86.2,,,,,,,,,,,,,,,
Greenwood,IN,JOHNSON,2023-09-28,2023,9,28,Fall,3,39.6,-86.2,,,,,,,,,,,,,,,
Greenwood,IN,JOHNSON,2023-09-29,2023,9,29,Fall,9,39.6,-86.2,,,,,,,,,,,,,,,
Greenwood,IN,JOHNSON,2023-09-30,2023,9,30,Fall,6,39.6,-86.2,,,,,,,,,,,,,,,
Greenwood,IN,JOHNSON,2023-10-03,2023,10,3,Fall,21,39.6,-86.2,,,,,,,,,,,,,,,
Greenwood,IN,JOHNSON,2023-10-04,2023,10,4,Fall,9,39.6,-86.2,,,,,,,,,,,,,,,
Greenwood,IN,JOHNSON,2023-10-11,2023,10,11,Fall,12,39.6,-86.2,,,,,,,,,,,,,,,
Greenwood,IN,JOHNSON,2023-10-12,2023,10,12,Fall,6,39.6,-86.2,,,,,,,,,,,,,,,
Greenwood,IN,JOHNSON,2023-10-13,2023,10,13,Fall,6,39.6,-86.2,,,,,,,,,,,,,,,
Greenwood,IN,JOHNSON,2023-10-17,2023,10,17,Fall,3,39.6,-86.2,,,,,,,,,,,,,,,
Greenwood,IN,JOHNSON,2023-10-20,2023,10,20,Fall,3,39.6,-86.2,,,,,,,,,,,,,,,
Greenwood,VA,ALBEMARLE,2023-08-14,2023,8,14,Summer,1,38.0,-78.8,364.0,254.0,104.0,3.0,3.0,0.0,0.0,168.0,64.0,44.0,0.0,0.0,125.0,239.0,0.0
Greer,SC,GREENVILLE,2023-08-09,2023,8,9,Summer,1,34.9,-82.2,365.0,167.0,196.0,2.0,0.0,0.0,0.0,126.0,70.0,52.0,0.0,2.0,134.0,229.0,0.0
Greer,SC,GREENVILLE,2023-09-02,2023,9,2,Fall,1,34.9,-82.2,365.0,167.0,196.0,2.0,0.0,0.0,0.0,126.0,70.0,52.0,0.0,2.0,134.0,229.0,0.0
Greer,SC,GREENVILLE,2023-09-04,2023,9,4,Fall,1,35.0,-82.2,365.0,167.0,196.0,2.0,0.0,0.0,0.0,126.0,70.0,52.0,0.0,2.0,134.0,229.0,0.0
Greer,SC,GREENVILLE,2023-10-10,2023,10,10,Fall,3,34.9,-82.2,365.0,167.0,196.0,2.0,0.0,0.0,0.0,126.0,70.0,52.0,0.0,2.0,134.0,229.0,0.0
Greer,SC,GREENVILLE,2023-10-21,2023,10,21,Fall,1,34.9,-82.3,365.0,167.0,196.0,2.0,0.0,0.0,0.0,126.0,70.0,52.0,0.0,2.0,134.0,229.0,0.0
Grenada,CA,SISKIYOU,2023-06-15,2023,6,15,Summer,2,41.6,-122.5,365.0,270.0,78.0,7.0,6.0,3.0,1.0,320.0,64.0,43.0,0.0,0.0,207.0,158.0,0.0
Griffith,IN,LAKE,2023-07-20,2023,7,20,Summer,10,41.5,-87.4,365.0,125.0,222.0,16.0,1.0,1.0,0.0,215.0,80.0,55.0,0.0,0.0,69.0,294.0,2.0
Griffith,IN,LAKE,2023-08-08,2023,8,8,Summer,2,41.5,-87.4,365.0,125.0,222.0,16.0,1.0,1.0,0.0,215.0,80.0,55.0,0.0,0.0,69.0,294.0,2.0
Groton,CT,NEW LONDON,2023-08-12,2023,8,12,Summer,22,41.4,-72.0,363.0,258.0,95.0,7.0,3.0,0.0,0.0,166.0,61.0,41.0,0.0,0.0,137.0,226.0,0.0
Groton,CT,NEW LONDON,2023-08-13,2023,8,13,Summer,22,41.3,-72.0,363.0,258.0,95.0,7.0,3.0,0.0,0.0,166.0,61.0,41.0,0.0,0.0,137.0,226.0,0.0
Groton,CT,NEW LONDON,2023-09-16,2023,9,16,Fall,110,41.3,-72.0,363.0,258.0,95.0,7.0,3.0,0.0,0.0,166.0,61.0,41.0,0.0,0.0,137.0,226.0,0.0
Groton,CT,NEW LONDON,2023-09-22,2023,9,22,Fall,11,41.3,-72.0,363.0,258.0,95.0,7.0,3.0,0.0,0.0,166.0,61.0,41.0,0.0,0.0,137.0,226.0,0.0
Groton,CT,NEW LONDON,2023-10-12,2023,10,12,Fall,11,41.3,-72.0,363.0,258.0,95.0,7.0,3.0,0.0,0.0,166.0,61.0,41.0,0.0,0.0,137.0,226.0,0.0
Gualala,CA,MENDOCINO,2023-08-22,2023,8,22,Summer,26,38.8,-123.5,365.0,144.0,216.0,5.0,0.0,0.0,0.0,140.0,69.0,53.0,0.0,0.0,29.0,336.0,0.0
Gualala,CA,MENDOCINO,2023-09-13,2023,9,13,Fall,2,38.8,-123.5,365.0,144.0,216.0,5.0,0.0,0.0,0.0,140.0,69.0,53.0,0.0,0.0,29.0,336.0,0.0
Guilford,CT,NEW HAVEN,2023-10-11,2023,10,11,Fall,5,41.3,-72.7,365.0,205.0,148.0,9.0,2.0,1.0,0.0,208.0,74.0,47.0,0.0,9.0,158.0,198.0,0.0
Gulf Breeze,FL,SANTA ROSA,2023-10-02,2023,10,2,Fall,9,30.4,-87.2,365.0,207.0,157.0,1.0,0.0,0.0,0.0,103.0,64.0,47.0,0.0,0.0,107.0,258.0,0.0
Gulf Breeze,FL,SANTA ROSA,2023-10-05,2023,10,5,Fall,9,30.4,-87.2,365.0,207.0,157.0,1.0,0.0,0.0,0.0,103.0,64.0,47.0,0.0,0.0,107.0,258.0,0.0
Gulf Shores,AL,BALDWIN,2023-01-10,2023,1,10,Winter,1,30.2,-87.7,347.0,236.0,111.0,0.0,0.0,0.0,0.0,90.0,60.0,43.0,0.0,0.0,108.0,239.0,0.0
Gulf Shores,AL,BALDWIN,2023-02-01,2023,2,1,Winter,1,30.2,-87.9,347.0,236.0,111.0,0.0,0.0,0.0,0.0,90.0,60.0,43.0,0.0,0.0,108.0,239.0,0.0
Gulf Shores,AL,BALDWIN,2023-02-05,2023,2,5,Winter,1,30.3,-87.7,347.0,236.0,111.0,0.0,0.0,0.0,0.0,90.0,60.0,43.0,0.0,0.0,108.0,239.0,0.0
Gulf Shores,AL,BALDWIN,2023-02-25,2023,2,25,Winter,2,30.2,-87.7,347.0,236.0,111.0,0.0,0.0,0.0,0.0,90.0,60.0,43.0,0.0,0.0,108.0,239.0,0.0
Gulf Shores,AL,BALDWIN,2023-03-08,2023,3,8,Spring,2,30.2,-87.7,347.0,236.0,111.0,0.0,0.0,0.0,0.0,90.0,60.0,43.0,0.0,0.0,108.0,239.0,0.0
Gulf Shores,AL,BALDWIN,2023-03-16,2023,3,16,Spring,4,30.2,-88.0,347.0,236.0,111.0,0.0,0.0,0.0,0.0,90.0,60.0,43.0,0.0,0.0,108.0,239.0,0.0
Gulf Shores,AL,BALDWIN,2023-03-27,2023,3,27,Spring,1,30.2,-87.7,347.0,236.0,111.0,0.0,0.0,0.0,0.0,90.0,60.0,43.0,0.0,0.0,108.0,239.0,0.0
Gulf Shores,AL,BALDWIN,2023-10-16,2023,10,16,Fall,3,30.2,-87.7,347.0,236.0,111.0,0.0,0.0,0.0,0.0,90.0,60.0,43.0,0.0,0.0,108.0,239.0,0.0
Gulf Shores,AL,BALDWIN,2023-10-17,2023,10,17,Fall,21,30.2,-88.0,347.0,236.0,111.0,0.0,0.0,0.0,0.0,90.0,60.0,43.0,0.0,0.0,108.0,239.0,0.0
Gulf Shores,AL,BALDWIN,2023-10-30,2023,10,30,Fall,6,30.2,-87.7,347.0,236.0,111.0,0.0,0.0,0.0,0.0,90.0,60.0,43.0,0.0,0.0,108.0,239.0,0.0
Gulfport,MS,HARRISON,2023-03-15,2023,3,15,Spring,4,30.4,-89.1,361.0,166.0,193.0,2.0,0.0,0.0,0.0,105.0,68.0,51.0,0.0,0.0,102.0,259.0,0.0
Gulfport,MS,HARRISON,2023-10-20,2023,10,20,Fall,120,30.2,-89.1,361.0,166.0,193.0,2.0,0.0,0.0,0.0,105.0,68.0,51.0,0.0,0.0,102.0,259.0,0.0
Gulfport,MS,HARRISON,2023-12-23,2023,12,23,Winter,4,30.4,-89.0,361.0,166.0,193.0,2.0,0.0,0.0,0.0,105.0,68.0,51.0,0.0,0.0,102.0,259.0,0.0
Gulliver,MI,SCHOOLCRAFT,2023-05-29,2023,5,29,Spring,1,46.1,-86.1,360.0,298.0,59.0,3.0,0.0,0.0,0.0,134.0,61.0,36.0,0.0,0.0,191.0,169.0,0.0
Gulliver,MI,SCHOOLCRAFT,2023-06-04,2023,6,4,Summer,1,46.1,-86.1,360.0,298.0,59.0,3.0,0.0,0.0,0.0,134.0,61.0,36.0,0.0,0.0,191.0,169.0,0.0
Gulliver,MI,SCHOOLCRAFT,2023-06-08,2023,6,8,Summer,1,46.1,-86.1,360.0,298.0,59.0,3.0,0.0,0.0,0.0,134.0,61.0,36.0,0.0,0.0,191.0,169.0,0.0
Gulliver,MI,SCHOOLCRAFT,2023-06-12,2023,6,12,Summer,1,46.1,-86.1,360.0,298.0,59.0,3.0,0.0,0.0,0.0,134.0,61.0,36.0,0.0,0.0,191.0,169.0,0.0
Gulliver,MI,SCHOOLCRAFT,2023-06-18,2023,6,18,Summer,2,46.1,-86.1,360.0,298.0,59.0,3.0,0.0,0.0,0.0,134.0,61.0,36.0,0.0,0.0,191.0,169.0,0.0
Gulliver,MI,SCHOOLCRAFT,2023-06-24,2023,6,24,Summer,2,46.1,-86.1,360.0,298.0,59.0,3.0,0.0,0.0,0.0,134.0,61.0,36.0,0.0,0.0,191.0,169.0,0.0
Gulliver,MI,SCHOOLCRAFT,2023-07-01,2023,7,1,Summer,2,46.1,-86.1,360.0,298.0,59.0,3.0,0.0,0.0,0.0,134.0,61.0,36.0,0.0,0.0,191.0,169.0,0.0
Gulliver,MI,SCHOOLCRAFT,2023-07-08,2023,7,8,Summer,15,46.1,-86.1,360.0,298.0,59.0,3.0,0.0,0.0,0.0,134.0,61.0,36.0,0.0,0.0,191.0,169.0,0.0
Gulliver,MI,SCHOOLCRAFT,2023-07-15,2023,7,15,Summer,16,46.1,-86.1,360.0,298.0,59.0,3.0,0.0,0.0,0.0,134.0,61.0,36.0,0.0,0.0,191.0,169.0,0.0
Gulliver,MI,SCHOOLCRAFT,2023-07-22,2023,7,22,Summer,6,46.1,-86.1,360.0,298.0,59.0,3.0,0.0,0.0,0.0,134.0,61.0,36.0,0.0,0.0,191.0,169.0,0.0
Gulliver,MI,SCHOOLCRAFT,2023-07-30,2023,7,30,Summer,8,46.1,-86.1,360.0,298.0,59.0,3.0,0.0,0.0,0.0,134.0,61.0,36.0,0.0,0.0,191.0,169.0,0.0
Gulliver,MI,SCHOOLCRAFT,2023-08-13,2023,8,13,Summer,3,46.1,-86.1,360.0,298.0,59.0,3.0,0.0,0.0,0.0,134.0,61.0,36.0,0.0,0.0,191.0,169.0,0.0
Gulliver,MI,SCHOOLCRAFT,2023-08-20,2023,8,20,Summer,2,46.1,-86.1,360.0,298.0,59.0,3.0,0.0,0.0,0.0,134.0,61.0,36.0,0.0,0.0,191.0,169.0,0.0
Gurnee,IL,LAKE,2023-08-01,2023,8,1,Summer,4,42.4,-87.9,243.0,182.0,47.0,13.0,1.0,0.0,0.0,179.0,84.0,42.0,0.0,0.0,243.0,0.0,0.0
Guyton,GA,EFFINGHAM,2023-11-05,2023,11,5,Fall,9,32.2,-81.3,,,,,,,,,,,,,,,
Gwynedd Valley,PA,MONTGOMERY,2023-08-04,2023,8,4,Summer,2,40.2,-75.3,365.0,232.0,127.0,1.0,3.0,2.0,0.0,284.0,67.0,44.0,0.0,0.0,144.0,221.0,0.0
Hacienda Heights,CA,LOS ANGELES,2023-08-07,2023,8,7,Summer,5,34.0,-117.9,365.0,41.0,237.0,52.0,32.0,3.0,0.0,210.0,147.0,67.0,0.0,5.0,150.0,203.0,7.0
Hackensack,NJ,BERGEN,2023-06-18,2023,6,18,Summer,2,40.9,-74.0,365.0,204.0,152.0,5.0,4.0,0.0,0.0,197.0,69.0,48.0,0.0,29.0,91.0,245.0,0.0
Hackensack,NJ,BERGEN,2023-07-30,2023,7,30,Summer,2,40.9,-74.0,365.0,204.0,152.0,5.0,4.0,0.0,0.0,197.0,69.0,48.0,0.0,29.0,91.0,245.0,0.0
Hackensack,NJ,BERGEN,2023-08-01,2023,8,1,Summer,2,40.9,-74.0,365.0,204.0,152.0,5.0,4.0,0.0,0.0,197.0,69.0,48.0,0.0,29.0,91.0,245.0,0.0
Hackensack,NJ,BERGEN,2023-08-02,2023,8,2,Summer,2,40.9,-74.0,365.0,204.0,152.0,5.0,4.0,0.0,0.0,197.0,69.0,48.0,0.0,29.0,91.0,245.0,0.0
Hackensack,NJ,BERGEN,2023-08-04,2023,8,4,Summer,2,40.9,-74.0,365.0,204.0,152.0,5.0,4.0,0.0,0.0,197.0,69.0,48.0,0.0,29.0,91.0,245.0,0.0
Hackensack,NJ,BERGEN,2023-08-06,2023,8,6,Summer,2,40.9,-74.0,365.0,204.0,152.0,5.0,4.0,0.0,0.0,197.0,69.0,48.0,0.0,29.0,91.0,245.0,0.0
Hackensack,NJ,BERGEN,2023-08-14,2023,8,14,Summer,2,40.9,-74.0,365.0,204.0,152.0,5.0,4.0,0.0,0.0,197.0,69.0,48.0,0.0,29.0,91.0,245.0,0.0
Hackensack,NJ,BERGEN,2023-08-15,2023,8,15,Summer,2,40.9,-74.0,365.0,204.0,152.0,5.0,4.0,0.0,0.0,197.0,69.0,48.0,0.0,29.0,91.0,245.0,0.0
Hackensack,NJ,BERGEN,2023-08-19,2023,8,19,Summer,2,40.9,-74.0,365.0,204.0,152.0,5.0,4.0,0.0,0.0,197.0,69.0,48.0,0.0,29.0,91.0,245.0,0.0
Hackensack,NJ,BERGEN,2023-08-21,2023,8,21,Summer,2,40.9,-74.0,365.0,204.0,152.0,5.0,4.0,0.0,0.0,197.0,69.0,48.0,0.0,29.0,91.0,245.0,0.0
Hackensack,NJ,BERGEN,2023-08-24,2023,8,24,Summer,2,40.9,-74.0,365.0,204.0,152.0,5.0,4.0,0.0,0.0,197.0,69.0,48.0,0.0,29.0,91.0,245.0,0.0
Hackensack,NJ,BERGEN,2023-08-30,2023,8,30,Summer,2,40.9,-74.0,365.0,204.0,152.0,5.0,4.0,0.0,0.0,197.0,69.0,48.0,0.0,29.0,91.0,245.0,0.0
Hackensack,NJ,BERGEN,2023-09-14,2023,9,14,Fall,2,40.9,-74.0,365.0,204.0,152.0,5.0,4.0,0.0,0.0,197.0,69.0,48.0,0.0,29.0,91.0,245.0,0.0
Hackensack,NJ,BERGEN,2023-09-16,2023,9,16,Fall,2,40.9,-74.0,365.0,204.0,152.0,5.0,4.0,0.0,0.0,197.0,69.0,48.0,0.0,29.0,91.0,245.0,0.0
Hackensack,NJ,BERGEN,2023-09-22,2023,9,22,Fall,2,40.9,-74.0,365.0,204.0,152.0,5.0,4.0,0.0,0.0,197.0,69.0,48.0,0.0,29.0,91.0,245.0,0.0
Hackensack,NJ,BERGEN,2023-09-27,2023,9,27,Fall,2,40.9,-74.0,365.0,204.0,152.0,5.0,4.0,0.0,0.0,197.0,69.0,48.0,0.0,29.0,91.0,245.0,0.0
Hackensack,NJ,BERGEN,2023-10-05,2023,10,5,Fall,2,40.9,-74.0,365.0,204.0,152.0,5.0,4.0,0.0,0.0,197.0,69.0,48.0,0.0,29.0,91.0,245.0,0.0
Hackensack,NJ,BERGEN,2023-10-09,2023,10,9,Fall,2,40.9,-74.0,365.0,204.0,152.0,5.0,4.0,0.0,0.0,197.0,69.0,48.0,0.0,29.0,91.0,245.0,0.0
Hackensack,NJ,BERGEN,2023-10-10,2023,10,10,Fall,2,40.9,-74.0,365.0,204.0,152.0,5.0,4.0,0.0,0.0,197.0,69.0,48.0,0.0,29.0,91.0,245.0,0.0
Hackensack,NJ,BERGEN,2023-10-11,2023,10,11,Fall,2,40.9,-74.0,365.0,204.0,152.0,5.0,4.0,0.0,0.0,197.0,69.0,48.0,0.0,29.0,91.0,245.0,0.0
Hackettstown,NJ,WARREN,2023-07-30,2023,7,30,Summer,6,40.9,-74.8,361.0,241.0,114.0,1.0,5.0,0.0,0.0,197.0,61.0,41.0,0.0,24.0,90.0,247.0,0.0
Hadley,MA,HAMPSHIRE,2023-09-09,2023,9,9,Fall,10,42.4,-72.5,365.0,292.0,67.0,6.0,0.0,0.0,0.0,138.0,55.0,38.0,0.0,3.0,227.0,135.0,0.0
Hagerstown,MD,WASHINGTON,2023-08-17,2023,8,17,Summer,4,39.6,-77.7,355.0,267.0,82.0,4.0,2.0,0.0,0.0,172.0,60.0,42.0,0.0,0.0,185.0,170.0,0.0
Hagerstown,MD,WASHINGTON,2023-08-18,2023,8,18,Summer,4,39.6,-77.7,355.0,267.0,82.0,4.0,2.0,0.0,0.0,172.0,60.0,42.0,0.0,0.0,185.0,170.0,0.0
Hagerstown,MD,WASHINGTON,2023-09-01,2023,9,1,Fall,4,39.7,-77.7,355.0,267.0,82.0,4.0,2.0,0.0,0.0,172.0,60.0,42.0,0.0,0.0,185.0,170.0,0.0
Hagerstown,MD,WASHINGTON,2023-09-13,2023,9,13,Fall,4,39.6,-77.7,355.0,267.0,82.0,4.0,2.0,0.0,0.0,172.0,60.0,42.0,0.0,0.0,185.0,170.0,0.0
Halethorpe,MD,BALTIMORE,2023-08-01,2023,8,1,Summer,4,39.2,-76.7,365.0,228.0,124.0,9.0,3.0,1.0,0.0,205.0,71.0,45.0,0.0,7.0,231.0,127.0,0.0
Half Moon Bay,CA,SAN MATEO,2023-11-03,2023,11,3,Fall,2,37.4,-122.4,365.0,251.0,113.0,1.0,0.0,0.0,0.0,115.0,58.0,41.0,3.0,9.0,111.0,242.0,0.0
Halifax,PA,DAUPHIN,2023-08-05,2023,8,5,Summer,10,40.5,-76.9,365.0,169.0,184.0,7.0,3.0,2.0,0.0,255.0,79.0,52.0,0.0,0.0,114.0,251.0,0.0
Halifax,PA,DAUPHIN,2023-08-08,2023,8,8,Summer,20,40.4,-77.0,365.0,169.0,184.0,7.0,3.0,2.0,0.0,255.0,79.0,52.0,0.0,0.0,114.0,251.0,0.0
Hamilton,TX,HAMILTON,2023-09-17,2023,9,17,Fall,9,31.7,-98.1,,,,,,,,,,,,,,,
Hamilton,TX,HAMILTON,2023-09-19,2023,9,19,Fall,3,31.7,-98.1,,,,,,,,,,,,,,,
Hammond,IN,LAKE,2023-05-23,2023,5,23,Spring,3,41.6,-87.5,365.0,125.0,222.0,16.0,1.0,1.0,0.0,215.0,80.0,55.0,0.0,0.0,69.0,294.0,2.0
Hammond,IN,LAKE,2023-06-07,2023,6,7,Summer,3,41.6,-87.5,365.0,125.0,222.0,16.0,1.0,1.0,0.0,215.0,80.0,55.0,0.0,0.0,69.0,294.0,2.0
Hammond,IN,LAKE,2023-07-06,2023,7,6,Summer,21,41.6,-87.5,365.0,125.0,222.0,16.0,1.0,1.0,0.0,215.0,80.0,55.0,0.0,0.0,69.0,294.0,2.0
Hammond,IN,LAKE,2023-07-07,2023,7,7,Summer,12,41.6,-87.5,365.0,125.0,222.0,16.0,1.0,1.0,0.0,215.0,80.0,55.0,0.0,0.0,69.0,294.0,2.0
Hammond,IN,LAKE,2023-07-12,2023,7,12,Summer,3,41.6,-87.5,365.0,125.0,222.0,16.0,1.0,1.0,0.0,215.0,80.0,55.0,0.0,0.0,69.0,294.0,2.0
Hammond,IN,LAKE,2023-07-16,2023,7,16,Summer,15,41.6,-87.5,365.0,125.0,222.0,16.0,1.0,1.0,0.0,215.0,80.0,55.0,0.0,0.0,69.0,294.0,2.0
Hammond,IN,LAKE,2023-07-18,2023,7,18,Summer,45,41.6,-87.5,365.0,125.0,222.0,16.0,1.0,1.0,0.0,215.0,80.0,55.0,0.0,0.0,69.0,294.0,2.0
Hammond,IN,LAKE,2023-07-19,2023,7,19,Summer,30,41.6,-87.5,365.0,125.0,222.0,16.0,1.0,1.0,0.0,215.0,80.0,55.0,0.0,0.0,69.0,294.0,2.0
Hammond,IN,LAKE,2023-07-20,2023,7,20,Summer,6,41.6,-87.5,365.0,125.0,222.0,16.0,1.0,1.0,0.0,215.0,80.0,55.0,0.0,0.0,69.0,294.0,2.0
Hammond,IN,LAKE,2023-07-21,2023,7,21,Summer,12,41.6,-87.5,365.0,125.0,222.0,16.0,1.0,1.0,0.0,215.0,80.0,55.0,0.0,0.0,69.0,294.0,2.0
Hammond,IN,LAKE,2023-07-29,2023,7,29,Summer,27,41.6,-87.5,365.0,125.0,222.0,16.0,1.0,1.0,0.0,215.0,80.0,55.0,0.0,0.0,69.0,294.0,2.0
Hammond,IN,LAKE,2023-07-30,2023,7,30,Summer,18,41.6,-87.5,365.0,125.0,222.0,16.0,1.0,1.0,0.0,215.0,80.0,55.0,0.0,0.0,69.0,294.0,2.0
Hammond,IN,LAKE,2023-07-31,2023,7,31,Summer,12,41.6,-87.5,365.0,125.0,222.0,16.0,1.0,1.0,0.0,215.0,80.0,55.0,0.0,0.0,69.0,294.0,2.0
Hammond,IN,LAKE,2023-08-02,2023,8,2,Summer,3,41.6,-87.5,365.0,125.0,222.0,16.0,1.0,1.0,0.0,215.0,80.0,55.0,0.0,0.0,69.0,294.0,2.0
Hammond,IN,LAKE,2023-08-03,2023,8,3,Summer,3,41.6,-87.5,365.0,125.0,222.0,16.0,1.0,1.0,0.0,215.0,80.0,55.0,0.0,0.0,69.0,294.0,2.0
Hammond,IN,LAKE,2023-08-06,2023,8,6,Summer,3,41.6,-87.5,365.0,125.0,222.0,16.0,1.0,1.0,0.0,215.0,80.0,55.0,0.0,0.0,69.0,294.0,2.0
Hammond,IN,LAKE,2023-08-08,2023,8,8,Summer,6,41.6,-87.5,365.0,125.0,222.0,16.0,1.0,1.0,0.0,215.0,80.0,55.0,0.0,0.0,69.0,294.0,2.0
Hammond,IN,LAKE,2023-08-09,2023,8,9,Summer,12,41.6,-87.5,365.0,125.0,222.0,16.0,1.0,1.0,0.0,215.0,80.0,55.0,0.0,0.0,69.0,294.0,2.0
Hammond,IN,LAKE,2023-08-10,2023,8,10,Summer,12,41.6,-87.5,365.0,125.0,222.0,16.0,1.0,1.0,0.0,215.0,80.0,55.0,0.0,0.0,69.0,294.0,2.0
Hammond,IN,LAKE,2023-08-12,2023,8,12,Summer,24,41.6,-87.5,365.0,125.0,222.0,16.0,1.0,1.0,0.0,215.0,80.0,55.0,0.0,0.0,69.0,294.0,2.0
Hammond,IN,LAKE,2023-08-22,2023,8,22,Summer,3,41.7,-87.5,365.0,125.0,222.0,16.0,1.0,1.0,0.0,215.0,80.0,55.0,0.0,0.0,69.0,294.0,2.0
Hammond,IN,LAKE,2023-09-10,2023,9,10,Fall,3,41.6,-87.5,365.0,125.0,222.0,16.0,1.0,1.0,0.0,215.0,80.0,55.0,0.0,0.0,69.0,294.0,2.0
Hammond,IN,LAKE,2023-09-13,2023,9,13,Fall,30,41.6,-87.5,365.0,125.0,222.0,16.0,1.0,1.0,0.0,215.0,80.0,55.0,0.0,0.0,69.0,294.0,2.0
Hammond,IN,LAKE,2023-09-14,2023,9,14,Fall,6,41.6,-87.5,365.0,125.0,222.0,16.0,1.0,1.0,0.0,215.0,80.0,55.0,0.0,0.0,69.0,294.0,2.0
Hammond,IN,LAKE,2023-09-15,2023,9,15,Fall,3,41.6,-87.4,365.0,125.0,222.0,16.0,1.0,1.0,0.0,215.0,80.0,55.0,0.0,0.0,69.0,294.0,2.0
Hammond,IN,LAKE,2023-09-20,2023,9,20,Fall,24,41.6,-87.5,365.0,125.0,222.0,16.0,1.0,1.0,0.0,215.0,80.0,55.0,0.0,0.0,69.0,294.0,2.0
Hammond,IN,LAKE,2023-09-21,2023,9,21,Fall,27,41.6,-87.5,365.0,125.0,222.0,16.0,1.0,1.0,0.0,215.0,80.0,55.0,0.0,0.0,69.0,294.0,2.0
Hammond,IN,LAKE,2023-09-27,2023,9,27,Fall,18,41.6,-87.5,365.0,125.0,222.0,16.0,1.0,1.0,0.0,215.0,80.0,55.0,0.0,0.0,69.0,294.0,2.0
Hammondsport,NY,STEUBEN,2023-08-12,2023,8,12,Summer,1,42.4,-77.2,365.0,274.0,83.0,3.0,4.0,1.0,0.0,256.0,64.0,40.0,0.0,0.0,212.0,153.0,0.0
Hampden,MA,HAMPDEN,2023-08-02,2023,8,2,Summer,2,42.1,-72.4,365.0,220.0,139.0,4.0,2.0,0.0,0.0,153.0,62.0,46.0,0.0,1.0,130.0,234.0,0.0
Hampden,MA,HAMPDEN,2023-08-10,2023,8,10,Summer,6,42.1,-72.4,365.0,220.0,139.0,4.0,2.0,0.0,0.0,153.0,62.0,46.0,0.0,1.0,130.0,234.0,0.0
Hampden,MA,HAMPDEN,2023-08-11,2023,8,11,Summer,4,42.1,-72.4,365.0,220.0,139.0,4.0,2.0,0.0,0.0,153.0,62.0,46.0,0.0,1.0,130.0,234.0,0.0
Hampden,MA,HAMPDEN,2023-08-12,2023,8,12,Summer,4,42.1,-72.4,365.0,220.0,139.0,4.0,2.0,0.0,0.0,153.0,62.0,46.0,0.0,1.0,130.0,234.0,0.0
Hampden,MA,HAMPDEN,2023-08-14,2023,8,14,Summer,6,42.1,-72.4,365.0,220.0,139.0,4.0,2.0,0.0,0.0,153.0,62.0,46.0,0.0,1.0,130.0,234.0,0.0
Hampden,MA,HAMPDEN,2023-08-20,2023,8,20,Summer,4,42.1,-72.4,365.0,220.0,139.0,4.0,2.0,0.0,0.0,153.0,62.0,46.0,0.0,1.0,130.0,234.0,0.0
Hampden,MA,HAMPDEN,2023-08-28,2023,8,28,Summer,4,42.1,-72.4,365.0,220.0,139.0,4.0,2.0,0.0,0.0,153.0,62.0,46.0,0.0,1.0,130.0,234.0,0.0
Hampton,NJ,HUNTERDON,2023-09-17,2023,9,17,Fall,2,40.7,-75.0,364.0,233.0,121.0,6.0,3.0,1.0,0.0,262.0,64.0,44.0,0.0,0.0,184.0,180.0,0.0
Hampton,NJ,HUNTERDON,2023-09-22,2023,9,22,Fall,1,40.7,-74.9,364.0,233.0,121.0,6.0,3.0,1.0,0.0,262.0,64.0,44.0,0.0,0.0,184.0,180.0,0.0
Hampton,VA,HAMPTON CITY,2023-10-10,2023,10,10,Fall,4,37.0,-76.3,365.0,241.0,122.0,1.0,1.0,0.0,0.0,174.0,63.0,43.0,0.0,0.0,132.0,233.0,0.0
Hampton,VA,YORK,2023-10-10,2023,10,10,Fall,4,37.0,-76.3,,,,,,,,,,,,,,,
Hampton Bays,NY,SUFFOLK,2023-08-02,2023,8,2,Summer,1,40.8,-72.5,365.0,278.0,74.0,11.0,2.0,0.0,0.0,195.0,62.0,41.0,0.0,1.0,278.0,86.0,0.0
Hancock,NH,HILLSBOROUGH,2023-10-04,2023,10,4,Fall,1,43.0,-72.0,365.0,305.0,55.0,5.0,0.0,0.0,0.0,119.0,58.0,39.0,3.0,0.0,293.0,69.0,0.0
Hanksville,UT,WAYNE,2023-10-13,2023,10,13,Fall,1,38.4,-110.3,117.0,115.0,2.0,0.0,0.0,0.0,0.0,54.0,21.0,12.0,0.0,0.0,0.0,117.0,0.0
Hanover Park,IL,COOK,2023-07-29,2023,7,29,Summer,16,42.0,-88.1,365.0,104.0,227.0,27.0,5.0,2.0,0.0,223.0,93.0,57.0,0.0,8.0,97.0,252.0,8.0
Hardin,MT,BIG HORN,2023-08-20,2023,8,20,Summer,1,45.7,-107.6,,,,,,,,,,,,,,,
Harlingen,TX,CAMERON,2023-03-06,2023,3,6,Spring,18,26.2,-97.7,365.0,161.0,198.0,6.0,0.0,0.0,0.0,141.0,77.0,54.0,0.0,0.0,103.0,262.0,0.0
Harmony,PA,BUTLER,2023-08-31,2023,8,31,Summer,3,40.8,-80.1,,,,,,,,,,,,,,,
Harmony,PA,BUTLER,2023-09-08,2023,9,8,Fall,1,40.8,-80.1,,,,,,,,,,,,,,,
Harmony,PA,BUTLER,2023-09-11,2023,9,11,Fall,2,40.8,-80.1,,,,,,,,,,,,,,,
Harriman,TN,ROANE,2023-08-25,2023,8,25,Summer,6,35.9,-84.5,357.0,258.0,97.0,2.0,0.0,0.0,0.0,106.0,57.0,36.0,0.0,0.0,0.0,357.0,0.0
Harriman,TN,ROANE,2023-09-02,2023,9,2,Fall,3,35.9,-84.5,357.0,258.0,97.0,2.0,0.0,0.0,0.0,106.0,57.0,36.0,0.0,0.0,0.0,357.0,0.0
Harriman,TN,ROANE,2023-10-14,2023,10,14,Fall,3,35.9,-84.5,357.0,258.0,97.0,2.0,0.0,0.0,0.0,106.0,57.0,36.0,0.0,0.0,0.0,357.0,0.0
Harriman,TN,ROANE,2023-10-28,2023,10,28,Fall,3,35.9,-84.5,357.0,258.0,97.0,2.0,0.0,0.0,0.0,106.0,57.0,36.0,0.0,0.0,0.0,357.0,0.0
Harrisburg,PA,DAUPHIN,2023-07-31,2023,7,31,Summer,27,40.3,-76.8,365.0,169.0,184.0,7.0,3.0,2.0,0.0,255.0,79.0,52.0,0.0,0.0,114.0,251.0,0.0
Harrisburg,PA,DAUPHIN,2023-08-11,2023,8,11,Summer,27,40.3,-76.8,365.0,169.0,184.0,7.0,3.0,2.0,0.0,255.0,79.0,52.0,0.0,0.0,114.0,251.0,0.0
Harrisburg,PA,DAUPHIN,2023-08-18,2023,8,18,Summer,27,40.3,-76.8,365.0,169.0,184.0,7.0,3.0,2.0,0.0,255.0,79.0,52.0,0.0,0.0,114.0,251.0,0.0
Harrisburg,PA,DAUPHIN,2023-09-27,2023,9,27,Fall,27,40.3,-76.9,365.0,169.0,184.0,7.0,3.0,2.0,0.0,255.0,79.0,52.0,0.0,0.0,114.0,251.0,0.0
Harrisburg,PA,DAUPHIN,2023-09-28,2023,9,28,Fall,81,40.3,-76.9,365.0,169.0,184.0,7.0,3.0,2.0,0.0,255.0,79.0,52.0,0.0,0.0,114.0,251.0,0.0
Harrisville,NH,CHESHIRE,2023-10-04,2023,10,4,Fall,1,42.9,-72.1,363.0,253.0,108.0,2.0,0.0,0.0,0.0,125.0,61.0,41.0,0.0,0.0,149.0,214.0,0.0
Harrisville,NH,CHESHIRE,2023-10-09,2023,10,9,Fall,1,42.9,-72.1,363.0,253.0,108.0,2.0,0.0,0.0,0.0,125.0,61.0,41.0,0.0,0.0,149.0,214.0,0.0
Harrisville,NY,LEWIS,2023-08-29,2023,8,29,Summer,12,44.1,-75.3,,,,,,,,,,,,,,,
Harrisville,NY,LEWIS,2023-08-30,2023,8,30,Summer,12,44.1,-75.3,,,,,,,,,,,,,,,
Harrisville,NY,LEWIS,2023-09-02,2023,9,2,Fall,6,44.1,-75.3,,,,,,,,,,,,,,,
Harrisville,NY,LEWIS,2023-09-03,2023,9,3,Fall,12,44.1,-75.3,,,,,,,,,,,,,,,
Harrisville,NY,LEWIS,2023-09-05,2023,9,5,Fall,6,44.1,-75.3,,,,,,,,,,,,,,,
Harrisville,NY,LEWIS,2023-09-07,2023,9,7,Fall,6,44.1,-75.3,,,,,,,,,,,,,,,
Hartford,CT,HARTFORD,2023-08-22,2023,8,22,Summer,21,41.8,-72.7,365.0,226.0,132.0,4.0,3.0,0.0,0.0,166.0,64.0,43.0,0.0,19.0,156.0,190.0,0.0
Hartford,CT,HARTFORD,2023-10-08,2023,10,8,Fall,42,41.8,-72.7,365.0,226.0,132.0,4.0,3.0,0.0,0.0,166.0,64.0,43.0,0.0,19.0,156.0,190.0,0.0
Hartford,CT,HARTFORD,2023-10-13,2023,10,13,Fall,21,41.8,-72.7,365.0,226.0,132.0,4.0,3.0,0.0,0.0,166.0,64.0,43.0,0.0,19.0,156.0,190.0,0.0
Hartford,WI,WASHINGTON,2023-09-30,2023,9,30,Fall,4,43.3,-88.4,,,,,,,,,,,,,,,
Hartselle,AL,MORGAN,2023-04-10,2023,4,10,Spring,1,34.4,-86.9,364.0,259.0,103.0,2.0,0.0,0.0,0.0,140.0,61.0,43.0,0.0,0.0,157.0,207.0,0.0
Hastings,MN,DAKOTA,2023-08-21,2023,8,21,Summer,1,44.6,-92.8,365.0,184.0,171.0,7.0,3.0,0.0,0.0,185.0,73.0,49.0,0.0,10.0,0.0,355.0,0.0
Hastings,OK,JEFFERSON,2023-09-07,2023,9,7,Fall,1,34.2,-98.1,231.0,152.0,74.0,5.0,0.0,0.0,0.0,133.0,74.0,46.0,0.0,0.0,231.0,0.0,0.0
Hattiesburg,MS,FORREST,2023-03-25,2023,3,25,Spring,29,31.3,-89.3,365.0,145.0,220.0,0.0,0.0,0.0,0.0,94.0,68.0,53.0,0.0,0.0,0.0,365.0,0.0
Hattiesburg,MS,FORREST,2023-08-30,2023,8,30,Summer,29,31.3,-89.4,365.0,145.0,220.0,0.0,0.0,0.0,0.0,94.0,68.0,53.0,0.0,0.0,0.0,365.0,0.0
Hattiesburg,MS,FORREST,2023-09-09,2023,9,9,Fall,29,31.3,-89.3,365.0,145.0,220.0,0.0,0.0,0.0,0.0,94.0,68.0,53.0,0.0,0.0,0.0,365.0,0.0
Hauppauge,NY,SUFFOLK,2023-08-05,2023,8,5,Summer,2,40.8,-73.2,365.0,278.0,74.0,11.0,2.0,0.0,0.0,195.0,62.0,41.0,0.0,1.0,278.0,86.0,0.0
Hauula,HI,HONOLULU,2023-01-25,2023,1,25,Winter,1,21.7,-157.9,365.0,337.0,27.0,1.0,0.0,0.0,0.0,117.0,47.0,31.0,0.0,0.0,174.0,187.0,4.0
Haverhill,IA,MARSHALL,2023-05-22,2023,5,22,Spring,5,41.9,-93.0,,,,,,,,,,,,,,,
Havertown,PA,DELAWARE,2023-08-02,2023,8,2,Summer,3,40.0,-75.3,365.0,187.0,169.0,5.0,2.0,2.0,0.0,271.0,74.0,50.0,0.0,1.0,111.0,253.0,0.0
Hays,KS,ELLIS,2023-09-12,2023,9,12,Fall,6,38.9,-99.3,,,,,,,,,,,,,,,
Hayward,CA,ALAMEDA,2023-10-14,2023,10,14,Fall,4,37.6,-122.1,365.0,198.0,154.0,13.0,0.0,0.0,0.0,130.0,70.0,48.0,1.0,16.0,131.0,217.0,0.0
Hazel Park,MI,OAKLAND,2023-11-03,2023,11,3,Fall,2,42.5,-83.1,261.0,193.0,58.0,9.0,1.0,0.0,0.0,169.0,74.0,41.0,0.0,0.0,208.0,53.0,0.0
Healdton,OK,CARTER,2023-04-13,2023,4,13,Spring,1,34.2,-97.5,344.0,189.0,138.0,17.0,0.0,0.0,0.0,136.0,87.0,48.0,0.0,0.0,210.0,134.0,0.0
Hebron,IN,PORTER,2023-08-18,2023,8,18,Summer,1,41.3,-87.3,365.0,206.0,137.0,20.0,2.0,0.0,0.0,180.0,77.0,48.0,0.0,0.0,152.0,204.0,9.0
Helena,AL,SHELBY,2023-09-01,2023,9,1,Fall,1,33.3,-86.9,242.0,207.0,34.0,1.0,0.0,0.0,0.0,108.0,58.0,40.0,0.0,0.0,242.0,0.0,0.0
Helena,AL,SHELBY,2023-10-29,2023,10,29,Fall,1,33.3,-86.8,242.0,207.0,34.0,1.0,0.0,0.0,0.0,108.0,58.0,40.0,0.0,0.0,242.0,0.0,0.0
Hemet,CA,RIVERSIDE,2023-02-08,2023,2,8,Winter,3,33.7,-117.0,365.0,62.0,189.0,73.0,31.0,6.0,4.0,660.0,154.0,77.0,0.0,1.0,202.0,101.0,61.0
Henderson,WV,MASON,2023-07-31,2023,7,31,Summer,1,38.8,-82.1,,,,,,,,,,,,,,,
Henniker,NH,MERRIMACK,2023-08-19,2023,8,19,Summer,1,43.2,-71.8,213.0,197.0,16.0,0.0,0.0,0.0,0.0,100.0,48.0,39.0,0.0,0.0,213.0,0.0,0.0
Henrico,VA,HENRICO,2023-08-13,2023,8,13,Summer,32,37.6,-77.6,365.0,221.0,140.0,3.0,1.0,0.0,0.0,159.0,64.0,46.0,1.0,3.0,141.0,220.0,0.0
Henrico,VA,HENRICO,2023-08-16,2023,8,16,Summer,32,37.6,-77.6,365.0,221.0,140.0,3.0,1.0,0.0,0.0,159.0,64.0,46.0,1.0,3.0,141.0,220.0,0.0
Henrico,VA,RICHMOND CITY,2023-08-13,2023,8,13,Summer,6,37.6,-77.6,365.0,227.0,134.0,1.0,3.0,0.0,0.0,158.0,62.0,45.0,0.0,41.0,0.0,324.0,0.0
Henrico,VA,RICHMOND CITY,2023-08-16,2023,8,16,Summer,6,37.6,-77.6,365.0,227.0,134.0,1.0,3.0,0.0,0.0,158.0,62.0,45.0,0.0,41.0,0.0,324.0,0.0
Henrietta,NY,MONROE,2023-10-03,2023,10,3,Fall,1,43.0,-77.6,365.0,237.0,120.0,3.0,5.0,0.0,0.0,176.0,64.0,42.0,0.0,0.0,128.0,237.0,0.0
Hermitage,PA,MERCER,2023-07-28,2023,7,28,Summer,2,41.2,-80.5,364.0,237.0,122.0,3.0,2.0,0.0,0.0,196.0,67.0,44.0,0.0,0.0,219.0,145.0,0.0
Hermosa Beach,CA,LOS ANGELES,2023-06-27,2023,6,27,Summer,1,33.9,-118.4,365.0,41.0,237.0,52.0,32.0,3.0,0.0,210.0,147.0,67.0,0.0,5.0,150.0,203.0,7.0
Hermosa Beach,CA,LOS ANGELES,2023-08-03,2023,8,3,Summer,6,33.9,-118.4,365.0,41.0,237.0,52.0,32.0,3.0,0.0,210.0,147.0,67.0,0.0,5.0,150.0,203.0,7.0
Hermosa Beach,CA,LOS ANGELES,2023-09-19,2023,9,19,Fall,1,33.9,-118.4,365.0,41.0,237.0,52.0,32.0,3.0,0.0,210.0,147.0,67.0,0.0,5.0,150.0,203.0,7.0
Hermosa Beach,CA,LOS ANGELES,2023-10-11,2023,10,11,Fall,2,33.9,-118.4,365.0,41.0,237.0,52.0,32.0,3.0,0.0,210.0,147.0,67.0,0.0,5.0,150.0,203.0,7.0
Hernando,MS,DESOTO,2023-08-03,2023,8,3,Summer,1,34.8,-90.0,360.0,122.0,231.0,7.0,0.0,0.0,0.0,139.0,76.0,54.0,0.0,0.0,74.0,286.0,0.0
Hernando,MS,DESOTO,2023-09-07,2023,9,7,Fall,1,34.8,-90.0,360.0,122.0,231.0,7.0,0.0,0.0,0.0,139.0,76.0,54.0,0.0,0.0,74.0,286.0,0.0
Herndon,VA,FAIRFAX,2023-07-12,2023,7,12,Summer,6,38.9,-77.4,365.0,217.0,138.0,7.0,2.0,1.0,0.0,222.0,69.0,46.0,0.0,19.0,130.0,216.0,0.0
Herndon,VA,FAIRFAX,2023-07-28,2023,7,28,Summer,6,38.9,-77.4,365.0,217.0,138.0,7.0,2.0,1.0,0.0,222.0,69.0,46.0,0.0,19.0,130.0,216.0,0.0
Herndon,VA,FAIRFAX,2023-07-31,2023,7,31,Summer,12,38.9,-77.4,365.0,217.0,138.0,7.0,2.0,1.0,0.0,222.0,69.0,46.0,0.0,19.0,130.0,216.0,0.0
Herndon,VA,FAIRFAX,2023-08-02,2023,8,2,Summer,12,39.0,-77.4,365.0,217.0,138.0,7.0,2.0,1.0,0.0,222.0,69.0,46.0,0.0,19.0,130.0,216.0,0.0
Herndon,VA,FAIRFAX,2023-08-11,2023,8,11,Summer,12,38.9,-77.4,365.0,217.0,138.0,7.0,2.0,1.0,0.0,222.0,69.0,46.0,0.0,19.0,130.0,216.0,0.0
Herndon,VA,FAIRFAX,2023-08-15,2023,8,15,Summer,12,39.0,-77.4,365.0,217.0,138.0,7.0,2.0,1.0,0.0,222.0,69.0,46.0,0.0,19.0,130.0,216.0,0.0
Herndon,VA,FAIRFAX,2023-10-09,2023,10,9,Fall,18,39.0,-77.4,365.0,217.0,138.0,7.0,2.0,1.0,0.0,222.0,69.0,46.0,0.0,19.0,130.0,216.0,0.0
Herriman,UT,SALT LAKE,2023-07-29,2023,7,29,Summer,2,40.5,-112.0,365.0,150.0,199.0,15.0,1.0,0.0,0.0,154.0,90.0,54.0,0.0,23.0,215.0,120.0,7.0
Hershey,PA,DAUPHIN,2023-07-02,2023,7,2,Summer,8,40.3,-76.6,365.0,169.0,184.0,7.0,3.0,2.0,0.0,255.0,79.0,52.0,0.0,0.0,114.0,251.0,0.0
Hershey,PA,DAUPHIN,2023-07-23,2023,7,23,Summer,8,40.3,-76.7,365.0,169.0,184.0,7.0,3.0,2.0,0.0,255.0,79.0,52.0,0.0,0.0,114.0,251.0,0.0
Hewitt,TX,MCLENNAN,2023-09-27,2023,9,27,Fall,1,31.4,-97.2,365.0,169.0,188.0,8.0,0.0,0.0,0.0,129.0,75.0,52.0,4.0,0.0,123.0,238.0,0.0
Hickory,NC,CATAWBA,2023-08-22,2023,8,22,Summer,9,35.7,-81.4,347.0,212.0,132.0,3.0,0.0,0.0,0.0,115.0,61.0,43.0,0.0,0.0,0.0,347.0,0.0
Hickory,NC,CATAWBA,2023-09-23,2023,9,23,Fall,9,35.6,-81.3,347.0,212.0,132.0,3.0,0.0,0.0,0.0,115.0,61.0,43.0,0.0,0.0,0.0,347.0,0.0
High Point,NC,GUILFORD,2023-10-01,2023,10,1,Fall,8,36.0,-80.0,365.0,183.0,178.0,4.0,0.0,0.0,0.0,131.0,67.0,50.0,0.0,0.0,112.0,248.0,5.0
High Point,NC,GUILFORD,2023-10-05,2023,10,5,Fall,8,36.0,-80.0,365.0,183.0,178.0,4.0,0.0,0.0,0.0,131.0,67.0,50.0,0.0,0.0,112.0,248.0,5.0
High Point,NC,GUILFORD,2023-10-06,2023,10,6,Fall,8,36.0,-80.0,365.0,183.0,178.0,4.0,0.0,0.0,0.0,131.0,67.0,50.0,0.0,0.0,112.0,248.0,5.0
High Point,NC,GUILFORD,2023-10-08,2023,10,8,Fall,8,36.0,-80.0,365.0,183.0,178.0,4.0,0.0,0.0,0.0,131.0,67.0,50.0,0.0,0.0,112.0,248.0,5.0
High Point,NC,GUILFORD,2023-10-10,2023,10,10,Fall,8,36.0,-80.0,365.0,183.0,178.0,4.0,0.0,0.0,0.0,131.0,67.0,50.0,0.0,0.0,112.0,248.0,5.0
Highland,IN,LAKE,2023-09-10,2023,9,10,Fall,4,41.5,-87.5,365.0,125.0,222.0,16.0,1.0,1.0,0.0,215.0,80.0,55.0,0.0,0.0,69.0,294.0,2.0
Highland,IN,LAKE,2023-09-24,2023,9,24,Fall,4,41.5,-87.5,365.0,125.0,222.0,16.0,1.0,1.0,0.0,215.0,80.0,55.0,0.0,0.0,69.0,294.0,2.0
Highland,MI,OAKLAND,2023-10-05,2023,10,5,Fall,2,44.2,-85.3,261.0,193.0,58.0,9.0,1.0,0.0,0.0,169.0,74.0,41.0,0.0,0.0,208.0,53.0,0.0
Highlands,NJ,MONMOUTH,2023-09-30,2023,9,30,Fall,8,40.4,-74.0,247.0,210.0,35.0,2.0,0.0,0.0,0.0,140.0,61.0,39.0,0.0,0.0,247.0,0.0,0.0
Highlands,NJ,MONMOUTH,2023-10-12,2023,10,12,Fall,4,40.4,-74.0,247.0,210.0,35.0,2.0,0.0,0.0,0.0,140.0,61.0,39.0,0.0,0.0,247.0,0.0,0.0
Highlands,TX,HARRIS,2023-12-25,2023,12,25,Winter,1,29.8,-95.1,365.0,44.0,273.0,38.0,9.0,1.0,0.0,205.0,121.0,64.0,0.0,1.0,102.0,239.0,23.0
Hilliard,OH,FRANKLIN,2023-09-06,2023,9,6,Fall,4,40.0,-83.2,365.0,136.0,218.0,7.0,3.0,1.0,0.0,210.0,77.0,54.0,0.0,0.0,91.0,265.0,9.0
Hillsboro,MO,JEFFERSON,2023-09-02,2023,9,2,Fall,1,38.2,-90.6,362.0,225.0,121.0,14.0,2.0,0.0,0.0,185.0,72.0,44.0,0.0,0.0,157.0,204.0,1.0
Hillsboro,MO,JEFFERSON,2023-09-17,2023,9,17,Fall,3,38.2,-90.6,362.0,225.0,121.0,14.0,2.0,0.0,0.0,185.0,72.0,44.0,0.0,0.0,157.0,204.0,1.0
Hillsboro,MO,JEFFERSON,2023-09-21,2023,9,21,Fall,1,38.2,-90.6,362.0,225.0,121.0,14.0,2.0,0.0,0.0,185.0,72.0,44.0,0.0,0.0,157.0,204.0,1.0
Hillsboro,MO,JEFFERSON,2023-09-23,2023,9,23,Fall,8,38.2,-90.6,362.0,225.0,121.0,14.0,2.0,0.0,0.0,185.0,72.0,44.0,0.0,0.0,157.0,204.0,1.0
Hillsboro,MO,JEFFERSON,2023-10-10,2023,10,10,Fall,3,38.2,-90.6,362.0,225.0,121.0,14.0,2.0,0.0,0.0,185.0,72.0,44.0,0.0,0.0,157.0,204.0,1.0
Hillsboro,OR,WASHINGTON,2023-06-23,2023,6,23,Summer,18,45.5,-123.0,365.0,269.0,94.0,2.0,0.0,0.0,0.0,115.0,59.0,36.0,0.0,4.0,142.0,219.0,0.0
Hillsboro,TN,COFFEE,2023-10-14,2023,10,14,Fall,1,35.4,-86.0,,,,,,,,,,,,,,,
Hillsborough,NC,ORANGE,2023-10-06,2023,10,6,Fall,6,36.1,-79.1,,,,,,,,,,,,,,,
Hinesville,GA,LIBERTY,2023-12-09,2023,12,9,Winter,3,31.9,-81.6,,,,,,,,,,,,,,,
Hinsdale,IL,DUPAGE,2023-08-06,2023,8,6,Summer,4,41.8,-87.9,365.0,146.0,202.0,11.0,4.0,2.0,0.0,234.0,77.0,53.0,0.0,0.0,101.0,264.0,0.0
Hinsdale,IL,DUPAGE,2023-09-04,2023,9,4,Fall,12,41.8,-87.9,365.0,146.0,202.0,11.0,4.0,2.0,0.0,234.0,77.0,53.0,0.0,0.0,101.0,264.0,0.0
Hinsdale,IL,DUPAGE,2023-10-21,2023,10,21,Fall,4,41.8,-87.9,365.0,146.0,202.0,11.0,4.0,2.0,0.0,234.0,77.0,53.0,0.0,0.0,101.0,264.0,0.0
Hinton,OK,CADDO,2023-07-27,2023,7,27,Summer,2,35.4,-98.3,,,,,,,,,,,,,,,
Hinton,OK,CADDO,2023-08-06,2023,8,6,Summer,2,35.4,-98.3,,,,,,,,,,,,,,,
Hinton,OK,CADDO,2023-08-07,2023,8,7,Summer,2,35.4,-98.3,,,,,,,,,,,,,,,
Hinton,OK,CADDO,2023-08-30,2023,8,30,Summer,2,35.4,-98.3,,,,,,,,,,,,,,,
Hinton,OK,CADDO,2023-09-15,2023,9,15,Fall,2,35.4,-98.3,,,,,,,,,,,,,,,
Hitchcock,OK,BLAINE,2023-08-06,2023,8,6,Summer,2,36.0,-98.4,,,,,,,,,,,,,,,
Hitchcock,OK,BLAINE,2023-09-10,2023,9,10,Fall,2,35.9,-98.3,,,,,,,,,,,,,,,
Hitchcock,OK,BLAINE,2023-09-28,2023,9,28,Fall,1,36.0,-98.3,,,,,,,,,,,,,,,
Hitchcock,OK,BLAINE,2023-10-01,2023,10,1,Fall,2,36.0,-98.3,,,,,,,,,,,,,,,
Hitchcock,OK,BLAINE,2023-10-03,2023,10,3,Fall,1,36.0,-98.3,,,,,,,,,,,,,,,
Hitchcock,TX,GALVESTON,2023-04-11,2023,4,11,Spring,2,29.3,-94.9,362.0,177.0,164.0,19.0,2.0,0.0,0.0,159.0,74.0,51.0,0.0,5.0,170.0,187.0,0.0
Hixton,WI,JACKSON,2023-06-18,2023,6,18,Summer,2,44.4,-91.0,362.0,253.0,103.0,4.0,2.0,0.0,0.0,157.0,61.0,33.0,0.0,0.0,0.0,362.0,0.0
Hobart,IN,LAKE,2023-07-09,2023,7,9,Summer,6,41.5,-87.2,365.0,125.0,222.0,16.0,1.0,1.0,0.0,215.0,80.0,55.0,0.0,0.0,69.0,294.0,2.0
Hobart,IN,LAKE,2023-08-02,2023,8,2,Summer,2,41.5,-87.2,365.0,125.0,222.0,16.0,1.0,1.0,0.0,215.0,80.0,55.0,0.0,0.0,69.0,294.0,2.0
Hobart,IN,LAKE,2023-08-03,2023,8,3,Summer,2,41.5,-87.2,365.0,125.0,222.0,16.0,1.0,1.0,0.0,215.0,80.0,55.0,0.0,0.0,69.0,294.0,2.0
Hobe Sound,FL,MARTIN,2023-05-20,2023,5,20,Spring,3,27.1,-80.1,365.0,283.0,81.0,1.0,0.0,0.0,0.0,127.0,55.0,41.0,0.0,0.0,158.0,207.0,0.0
Hockessin,DE,NEW CASTLE,2023-10-04,2023,10,4,Fall,1,39.8,-75.7,365.0,162.0,193.0,6.0,2.0,2.0,0.0,282.0,74.0,52.0,0.0,2.0,113.0,250.0,0.0
Holiday,FL,PASCO,2023-08-16,2023,8,16,Summer,4,28.2,-82.8,365.0,323.0,42.0,0.0,0.0,0.0,0.0,97.0,51.0,39.0,0.0,0.0,365.0,0.0,0.0
Holland,MI,OTTAWA,2023-06-02,2023,6,2,Summer,1,42.8,-86.1,356.0,176.0,172.0,5.0,2.0,1.0,0.0,227.0,74.0,51.0,0.0,0.0,105.0,251.0,0.0
Holland,MI,OTTAWA,2023-07-03,2023,7,3,Summer,2,42.8,-86.2,356.0,176.0,172.0,5.0,2.0,1.0,0.0,227.0,74.0,51.0,0.0,0.0,105.0,251.0,0.0
Holland,MI,OTTAWA,2023-08-04,2023,8,4,Summer,1,42.8,-86.2,356.0,176.0,172.0,5.0,2.0,1.0,0.0,227.0,74.0,51.0,0.0,0.0,105.0,251.0,0.0
Holland,MI,OTTAWA,2023-09-02,2023,9,2,Fall,12,42.8,-86.2,356.0,176.0,172.0,5.0,2.0,1.0,0.0,227.0,74.0,51.0,0.0,0.0,105.0,251.0,0.0
Holland,MI,OTTAWA,2023-09-03,2023,9,3,Fall,1,42.8,-86.1,356.0,176.0,172.0,5.0,2.0,1.0,0.0,227.0,74.0,51.0,0.0,0.0,105.0,251.0,0.0
Holland,MI,OTTAWA,2023-09-07,2023,9,7,Fall,1,42.8,-86.2,356.0,176.0,172.0,5.0,2.0,1.0,0.0,227.0,74.0,51.0,0.0,0.0,105.0,251.0,0.0
Holland,MI,OTTAWA,2023-09-08,2023,9,8,Fall,12,42.8,-86.2,356.0,176.0,172.0,5.0,2.0,1.0,0.0,227.0,74.0,51.0,0.0,0.0,105.0,251.0,0.0
Holland,MI,OTTAWA,2023-09-09,2023,9,9,Fall,20,42.8,-86.2,356.0,176.0,172.0,5.0,2.0,1.0,0.0,227.0,74.0,51.0,0.0,0.0,105.0,251.0,0.0
Holland,MI,OTTAWA,2023-09-16,2023,9,16,Fall,16,42.8,-86.2,356.0,176.0,172.0,5.0,2.0,1.0,0.0,227.0,74.0,51.0,0.0,0.0,105.0,251.0,0.0
Holland,MI,OTTAWA,2023-09-23,2023,9,23,Fall,9,42.8,-86.2,356.0,176.0,172.0,5.0,2.0,1.0,0.0,227.0,74.0,51.0,0.0,0.0,105.0,251.0,0.0
Holland,MI,OTTAWA,2023-10-03,2023,10,3,Fall,6,42.8,-86.2,356.0,176.0,172.0,5.0,2.0,1.0,0.0,227.0,74.0,51.0,0.0,0.0,105.0,251.0,0.0
Holland,MI,OTTAWA,2023-10-04,2023,10,4,Fall,7,42.8,-86.2,356.0,176.0,172.0,5.0,2.0,1.0,0.0,227.0,74.0,51.0,0.0,0.0,105.0,251.0,0.0
Holland Patent,NY,ONEIDA,2023-10-03,2023,10,3,Fall,10,43.3,-75.3,351.0,275.0,70.0,3.0,3.0,0.0,0.0,190.0,56.0,32.0,0.0,0.0,0.0,351.0,0.0
Hollister,MO,TANEY,2023-10-25,2023,10,25,Fall,1,36.5,-93.2,105.0,88.0,17.0,0.0,0.0,0.0,0.0,75.0,55.0,29.0,0.0,0.0,0.0,105.0,0.0
Hollister,MO,TANEY,2023-10-26,2023,10,26,Fall,1,36.5,-93.2,105.0,88.0,17.0,0.0,0.0,0.0,0.0,75.0,55.0,29.0,0.0,0.0,0.0,105.0,0.0
Holly Springs,MS,MARSHALL,2023-10-19,2023,10,19,Fall,4,34.8,-89.4,,,,,,,,,,,,,,,
Holly Springs,NC,WAKE,2023-08-26,2023,8,26,Summer,1,35.6,-78.9,365.0,190.0,170.0,5.0,0.0,0.0,0.0,130.0,66.0,49.0,0.0,1.0,108.0,256.0,0.0
Holly Springs,NC,WAKE,2023-10-08,2023,10,8,Fall,2,35.7,-78.8,365.0,190.0,170.0,5.0,0.0,0.0,0.0,130.0,66.0,49.0,0.0,1.0,108.0,256.0,0.0
Holly Springs,NC,WAKE,2023-10-30,2023,10,30,Fall,4,35.6,-78.9,365.0,190.0,170.0,5.0,0.0,0.0,0.0,130.0,66.0,49.0,0.0,1.0,108.0,256.0,0.0
Hollywood,FL,BROWARD,2023-10-24,2023,10,24,Fall,10,26.0,-80.1,365.0,158.0,204.0,3.0,0.0,0.0,0.0,109.0,66.0,52.0,0.0,5.0,72.0,288.0,0.0
Holmdel,NJ,MONMOUTH,2023-08-20,2023,8,20,Summer,2,40.4,-74.2,247.0,210.0,35.0,2.0,0.0,0.0,0.0,140.0,61.0,39.0,0.0,0.0,247.0,0.0,0.0
Holmen,WI,LA CROSSE,2023-08-04,2023,8,4,Summer,1,44.0,-91.3,339.0,199.0,130.0,5.0,5.0,0.0,0.0,181.0,80.0,45.0,0.0,0.0,119.0,220.0,0.0
Holtwood,PA,LANCASTER,2023-08-06,2023,8,6,Summer,6,39.8,-76.3,365.0,108.0,243.0,9.0,3.0,1.0,1.0,321.0,85.0,58.0,0.0,0.0,61.0,304.0,0.0
Homer City,PA,INDIANA,2023-07-31,2023,7,31,Summer,3,40.5,-79.2,363.0,264.0,92.0,4.0,2.0,1.0,0.0,220.0,61.0,41.0,0.0,0.0,168.0,195.0,0.0
Homewood,IL,COOK,2023-07-28,2023,7,28,Summer,4,41.6,-87.6,365.0,104.0,227.0,27.0,5.0,2.0,0.0,223.0,93.0,57.0,0.0,8.0,97.0,252.0,8.0
Hominy,OK,OSAGE,2023-04-04,2023,4,4,Spring,2,36.4,-96.4,296.0,230.0,60.0,6.0,0.0,0.0,0.0,147.0,67.0,43.0,0.0,0.0,296.0,0.0,0.0
Honea Path,SC,ANDERSON,2023-10-10,2023,10,10,Fall,2,34.5,-82.4,270.0,233.0,37.0,0.0,0.0,0.0,0.0,97.0,58.0,42.0,0.0,0.0,270.0,0.0,0.0
Honea Path,SC,ANDERSON,2023-10-30,2023,10,30,Fall,2,34.5,-82.4,270.0,233.0,37.0,0.0,0.0,0.0,0.0,97.0,58.0,42.0,0.0,0.0,270.0,0.0,0.0
Honeoye Falls,NY,MONROE,2023-07-12,2023,7,12,Summer,24,42.9,-77.6,365.0,237.0,120.0,3.0,5.0,0.0,0.0,176.0,64.0,42.0,0.0,0.0,128.0,237.0,0.0
Honeoye Falls,NY,MONROE,2023-09-14,2023,9,14,Fall,1,43.0,-77.6,365.0,237.0,120.0,3.0,5.0,0.0,0.0,176.0,64.0,42.0,0.0,0.0,128.0,237.0,0.0
Honeoye Falls,NY,MONROE,2023-09-17,2023,9,17,Fall,1,43.0,-77.6,365.0,237.0,120.0,3.0,5.0,0.0,0.0,176.0,64.0,42.0,0.0,0.0,128.0,237.0,0.0
Honeoye Falls,NY,MONROE,2023-09-20,2023,9,20,Fall,2,43.0,-77.6,365.0,237.0,120.0,3.0,5.0,0.0,0.0,176.0,64.0,42.0,0.0,0.0,128.0,237.0,0.0
Honeoye Falls,NY,MONROE,2023-09-30,2023,9,30,Fall,1,43.0,-77.6,365.0,237.0,120.0,3.0,5.0,0.0,0.0,176.0,64.0,42.0,0.0,0.0,128.0,237.0,0.0
Honeoye Falls,NY,MONROE,2023-10-06,2023,10,6,Fall,1,43.0,-77.6,365.0,237.0,120.0,3.0,5.0,0.0,0.0,176.0,64.0,42.0,0.0,0.0,128.0,237.0,0.0
Honolulu,HI,HONOLULU,2023-02-21,2023,2,21,Winter,24,21.3,-157.9,365.0,337.0,27.0,1.0,0.0,0.0,0.0,117.0,47.0,31.0,0.0,0.0,174.0,187.0,4.0
Hooksett,NH,MERRIMACK,2023-08-03,2023,8,3,Summer,2,43.0,-71.4,213.0,197.0,16.0,0.0,0.0,0.0,0.0,100.0,48.0,39.0,0.0,0.0,213.0,0.0,0.0
Hopewell,NJ,MERCER,2023-07-28,2023,7,28,Summer,3,40.4,-74.8,365.0,194.0,160.0,6.0,4.0,1.0,0.0,244.0,70.0,49.0,0.0,0.0,123.0,242.0,0.0
Hopewell,NJ,MERCER,2023-07-30,2023,7,30,Summer,3,40.4,-74.8,365.0,194.0,160.0,6.0,4.0,1.0,0.0,244.0,70.0,49.0,0.0,0.0,123.0,242.0,0.0
Hopewell,NJ,MERCER,2023-08-01,2023,8,1,Summer,3,40.4,-74.8,365.0,194.0,160.0,6.0,4.0,1.0,0.0,244.0,70.0,49.0,0.0,0.0,123.0,242.0,0.0
Hopewell,NJ,MERCER,2023-08-02,2023,8,2,Summer,3,40.4,-74.8,365.0,194.0,160.0,6.0,4.0,1.0,0.0,244.0,70.0,49.0,0.0,0.0,123.0,242.0,0.0
Horace,ND,CASS,2023-07-05,2023,7,5,Summer,4,46.8,-96.9,358.0,180.0,166.0,10.0,2.0,0.0,0.0,175.0,84.0,50.0,0.0,1.0,112.0,245.0,0.0
Horsham,PA,MONTGOMERY,2023-09-13,2023,9,13,Fall,1,40.2,-75.1,365.0,232.0,127.0,1.0,3.0,2.0,0.0,284.0,67.0,44.0,0.0,0.0,144.0,221.0,0.0
Hot Springs,NC,MADISON,2023-08-19,2023,8,19,Summer,7,35.8,-82.9,,,,,,,,,,,,,,,
Houma,LA,TERREBONNE,2023-05-20,2023,5,20,Spring,3,29.6,-90.7,115.0,77.0,35.0,2.0,1.0,0.0,0.0,176.0,58.0,43.0,0.0,0.0,0.0,115.0,0.0
Houston,TX,HARRIS,2023-01-03,2023,1,3,Winter,43,29.7,-95.4,365.0,44.0,273.0,38.0,9.0,1.0,0.0,205.0,121.0,64.0,0.0,1.0,102.0,239.0,23.0
Houston,TX,HARRIS,2023-01-06,2023,1,6,Winter,43,29.7,-95.4,365.0,44.0,273.0,38.0,9.0,1.0,0.0,205.0,121.0,64.0,0.0,1.0,102.0,239.0,23.0
Houston,TX,HARRIS,2023-01-08,2023,1,8,Winter,43,29.7,-95.4,365.0,44.0,273.0,38.0,9.0,1.0,0.0,205.0,121.0,64.0,0.0,1.0,102.0,239.0,23.0
Houston,TX,HARRIS,2023-01-10,2023,1,10,Winter,43,29.8,-95.4,365.0,44.0,273.0,38.0,9.0,1.0,0.0,205.0,121.0,64.0,0.0,1.0,102.0,239.0,23.0
Houston,TX,HARRIS,2023-01-13,2023,1,13,Winter,43,29.8,-95.4,365.0,44.0,273.0,38.0,9.0,1.0,0.0,205.0,121.0,64.0,0.0,1.0,102.0,239.0,23.0
Houston,TX,HARRIS,2023-01-17,2023,1,17,Winter,86,29.9,-95.7,365.0,44.0,273.0,38.0,9.0,1.0,0.0,205.0,121.0,64.0,0.0,1.0,102.0,239.0,23.0
Houston,TX,HARRIS,2023-01-19,2023,1,19,Winter,43,29.8,-95.4,365.0,44.0,273.0,38.0,9.0,1.0,0.0,205.0,121.0,64.0,0.0,1.0,102.0,239.0,23.0
Houston,TX,HARRIS,2023-01-26,2023,1,26,Winter,43,29.7,-95.4,365.0,44.0,273.0,38.0,9.0,1.0,0.0,205.0,121.0,64.0,0.0,1.0,102.0,239.0,23.0
Houston,TX,HARRIS,2023-02-04,2023,2,4,Winter,43,29.8,-95.4,365.0,44.0,273.0,38.0,9.0,1.0,0.0,205.0,121.0,64.0,0.0,1.0,102.0,239.0,23.0
Houston,TX,HARRIS,2023-02-05,2023,2,5,Winter,43,29.7,-95.4,365.0,44.0,273.0,38.0,9.0,1.0,0.0,205.0,121.0,64.0,0.0,1.0,102.0,239.0,23.0
Houston,TX,HARRIS,2023-02-08,2023,2,8,Winter,129,29.9,-95.6,365.0,44.0,273.0,38.0,9.0,1.0,0.0,205.0,121.0,64.0,0.0,1.0,102.0,239.0,23.0
Houston,TX,HARRIS,2023-02-27,2023,2,27,Winter,43,29.8,-95.4,365.0,44.0,273.0,38.0,9.0,1.0,0.0,205.0,121.0,64.0,0.0,1.0,102.0,239.0,23.0
Houston,TX,HARRIS,2023-03-06,2023,3,6,Spring,43,29.7,-95.3,365.0,44.0,273.0,38.0,9.0,1.0,0.0,205.0,121.0,64.0,0.0,1.0,102.0,239.0,23.0
Houston,TX,HARRIS,2023-03-07,2023,3,7,Spring,43,29.8,-95.4,365.0,44.0,273.0,38.0,9.0,1.0,0.0,205.0,121.0,64.0,0.0,1.0,102.0,239.0,23.0
Houston,TX,HARRIS,2023-03-08,2023,3,8,Spring,43,29.8,-95.4,365.0,44.0,273.0,38.0,9.0,1.0,0.0,205.0,121.0,64.0,0.0,1.0,102.0,239.0,23.0
Houston,TX,HARRIS,2023-03-14,2023,3,14,Spring,43,29.7,-95.4,365.0,44.0,273.0,38.0,9.0,1.0,0.0,205.0,121.0,64.0,0.0,1.0,102.0,239.0,23.0
Houston,TX,HARRIS,2023-03-15,2023,3,15,Spring,43,29.7,-95.4,365.0,44.0,273.0,38.0,9.0,1.0,0.0,205.0,121.0,64.0,0.0,1.0,102.0,239.0,23.0
Houston,TX,HARRIS,2023-03-19,2023,3,19,Spring,43,29.7,-95.4,365.0,44.0,273.0,38.0,9.0,1.0,0.0,205.0,121.0,64.0,0.0,1.0,102.0,239.0,23.0
Houston,TX,HARRIS,2023-03-25,2023,3,25,Spring,43,29.7,-95.4,365.0,44.0,273.0,38.0,9.0,1.0,0.0,205.0,121.0,64.0,0.0,1.0,102.0,239.0,23.0
Houston,TX,HARRIS,2023-03-28,2023,3,28,Spring,43,29.8,-95.6,365.0,44.0,273.0,38.0,9.0,1.0,0.0,205.0,121.0,64.0,0.0,1.0,102.0,239.0,23.0
Houston,TX,HARRIS,2023-04-01,2023,4,1,Spring,43,29.7,-95.4,365.0,44.0,273.0,38.0,9.0,1.0,0.0,205.0,121.0,64.0,0.0,1.0,102.0,239.0,23.0
Houston,TX,HARRIS,2023-04-08,2023,4,8,Spring,43,29.7,-95.4,365.0,44.0,273.0,38.0,9.0,1.0,0.0,205.0,121.0,64.0,0.0,1.0,102.0,239.0,23.0
Houston,TX,HARRIS,2023-04-09,2023,4,9,Spring,43,29.8,-95.4,365.0,44.0,273.0,38.0,9.0,1.0,0.0,205.0,121.0,64.0,0.0,1.0,102.0,239.0,23.0
Houston,TX,HARRIS,2023-04-12,2023,4,12,Spring,43,29.7,-95.4,365.0,44.0,273.0,38.0,9.0,1.0,0.0,205.0,121.0,64.0,0.0,1.0,102.0,239.0,23.0
Houston,TX,HARRIS,2023-04-13,2023,4,13,Spring,86,29.8,-95.4,365.0,44.0,273.0,38.0,9.0,1.0,0.0,205.0,121.0,64.0,0.0,1.0,102.0,239.0,23.0
Houston,TX,HARRIS,2023-04-14,2023,4,14,Spring,43,29.8,-95.4,365.0,44.0,273.0,38.0,9.0,1.0,0.0,205.0,121.0,64.0,0.0,1.0,102.0,239.0,23.0
Houston,TX,HARRIS,2023-04-17,2023,4,17,Spring,43,30.0,-95.5,365.0,44.0,273.0,38.0,9.0,1.0,0.0,205.0,121.0,64.0,0.0,1.0,102.0,239.0,23.0
Houston,TX,HARRIS,2023-04-19,2023,4,19,Spring,43,29.7,-95.4,365.0,44.0,273.0,38.0,9.0,1.0,0.0,205.0,121.0,64.0,0.0,1.0,102.0,239.0,23.0
Houston,TX,HARRIS,2023-04-20,2023,4,20,Spring,43,29.8,-95.4,365.0,44.0,273.0,38.0,9.0,1.0,0.0,205.0,121.0,64.0,0.0,1.0,102.0,239.0,23.0
Houston,TX,HARRIS,2023-04-24,2023,4,24,Spring,86,29.8,-95.4,365.0,44.0,273.0,38.0,9.0,1.0,0.0,205.0,121.0,64.0,0.0,1.0,102.0,239.0,23.0
Houston,TX,HARRIS,2023-04-25,2023,4,25,Spring,86,29.8,-95.4,365.0,44.0,273.0,38.0,9.0,1.0,0.0,205.0,121.0,64.0,0.0,1.0,102.0,239.0,23.0
Houston,TX,HARRIS,2023-04-27,2023,4,27,Spring,43,29.7,-95.4,365.0,44.0,273.0,38.0,9.0,1.0,0.0,205.0,121.0,64.0,0.0,1.0,102.0,239.0,23.0
Houston,TX,HARRIS,2023-04-28,2023,4,28,Spring,43,29.8,-95.6,365.0,44.0,273.0,38.0,9.0,1.0,0.0,205.0,121.0,64.0,0.0,1.0,102.0,239.0,23.0
Houston,TX,HARRIS,2023-05-01,2023,5,1,Spring,86,29.7,-95.4,365.0,44.0,273.0,38.0,9.0,1.0,0.0,205.0,121.0,64.0,0.0,1.0,102.0,239.0,23.0
Houston,TX,HARRIS,2023-05-10,2023,5,10,Spring,43,29.6,-95.2,365.0,44.0,273.0,38.0,9.0,1.0,0.0,205.0,121.0,64.0,0.0,1.0,102.0,239.0,23.0
Houston,TX,HARRIS,2023-05-20,2023,5,20,Spring,43,29.7,-95.4,365.0,44.0,273.0,38.0,9.0,1.0,0.0,205.0,121.0,64.0,0.0,1.0,102.0,239.0,23.0
Houston,TX,HARRIS,2023-05-21,2023,5,21,Spring,43,29.7,-95.4,365.0,44.0,273.0,38.0,9.0,1.0,0.0,205.0,121.0,64.0,0.0,1.0,102.0,239.0,23.0
Houston,TX,HARRIS,2023-05-25,2023,5,25,Spring,43,29.8,-95.4,365.0,44.0,273.0,38.0,9.0,1.0,0.0,205.0,121.0,64.0,0.0,1.0,102.0,239.0,23.0
Houston,TX,HARRIS,2023-05-29,2023,5,29,Spring,43,29.7,-95.4,365.0,44.0,273.0,38.0,9.0,1.0,0.0,205.0,121.0,64.0,0.0,1.0,102.0,239.0,23.0
Houston,TX,HARRIS,2023-06-08,2023,6,8,Summer,43,29.7,-95.4,365.0,44.0,273.0,38.0,9.0,1.0,0.0,205.0,121.0,64.0,0.0,1.0,102.0,239.0,23.0
Houston,TX,HARRIS,2023-06-11,2023,6,11,Summer,43,29.7,-95.4,365.0,44.0,273.0,38.0,9.0,1.0,0.0,205.0,121.0,64.0,0.0,1.0,102.0,239.0,23.0
Houston,TX,HARRIS,2023-08-03,2023,8,3,Summer,43,29.8,-95.6,365.0,44.0,273.0,38.0,9.0,1.0,0.0,205.0,121.0,64.0,0.0,1.0,102.0,239.0,23.0
Houston,TX,HARRIS,2023-09-15,2023,9,15,Fall,43,29.7,-95.4,365.0,44.0,273.0,38.0,9.0,1.0,0.0,205.0,121.0,64.0,0.0,1.0,102.0,239.0,23.0
Houston,TX,HARRIS,2023-10-07,2023,10,7,Fall,43,29.6,-95.1,365.0,44.0,273.0,38.0,9.0,1.0,0.0,205.0,121.0,64.0,0.0,1.0,102.0,239.0,23.0
Houston,TX,HARRIS,2023-10-13,2023,10,13,Fall,43,29.8,-95.4,365.0,44.0,273.0,38.0,9.0,1.0,0.0,205.0,121.0,64.0,0.0,1.0,102.0,239.0,23.0
Houston,TX,HARRIS,2023-10-15,2023,10,15,Fall,43,29.7,-95.4,365.0,44.0,273.0,38.0,9.0,1.0,0.0,205.0,121.0,64.0,0.0,1.0,102.0,239.0,23.0
Houston,TX,HARRIS,2023-10-20,2023,10,20,Fall,43,29.7,-95.4,365.0,44.0,273.0,38.0,9.0,1.0,0.0,205.0,121.0,64.0,0.0,1.0,102.0,239.0,23.0
Houston,TX,HARRIS,2023-10-27,2023,10,27,Fall,86,29.8,-95.4,365.0,44.0,273.0,38.0,9.0,1.0,0.0,205.0,121.0,64.0,0.0,1.0,102.0,239.0,23.0
Houston,TX,HARRIS,2023-11-01,2023,11,1,Fall,129,29.9,-95.7,365.0,44.0,273.0,38.0,9.0,1.0,0.0,205.0,121.0,64.0,0.0,1.0,102.0,239.0,23.0
Houston,TX,HARRIS,2023-11-03,2023,11,3,Fall,86,29.8,-95.4,365.0,44.0,273.0,38.0,9.0,1.0,0.0,205.0,121.0,64.0,0.0,1.0,102.0,239.0,23.0
Houston,TX,HARRIS,2023-11-04,2023,11,4,Fall,645,29.8,-95.4,365.0,44.0,273.0,38.0,9.0,1.0,0.0,205.0,121.0,64.0,0.0,1.0,102.0,239.0,23.0
Houston,TX,HARRIS,2023-11-06,2023,11,6,Fall,43,29.8,-95.4,365.0,44.0,273.0,38.0,9.0,1.0,0.0,205.0,121.0,64.0,0.0,1.0,102.0,239.0,23.0
Houston,TX,HARRIS,2023-11-07,2023,11,7,Fall,86,29.8,-95.4,365.0,44.0,273.0,38.0,9.0,1.0,0.0,205.0,121.0,64.0,0.0,1.0,102.0,239.0,23.0
Houston,TX,HARRIS,2023-11-08,2023,11,8,Fall,43,29.8,-95.4,365.0,44.0,273.0,38.0,9.0,1.0,0.0,205.0,121.0,64.0,0.0,1.0,102.0,239.0,23.0
Houston,TX,HARRIS,2023-11-17,2023,11,17,Fall,43,29.8,-95.4,365.0,44.0,273.0,38.0,9.0,1.0,0.0,205.0,121.0,64.0,0.0,1.0,102.0,239.0,23.0
Houston,TX,HARRIS,2023-11-18,2023,11,18,Fall,43,29.8,-95.4,365.0,44.0,273.0,38.0,9.0,1.0,0.0,205.0,121.0,64.0,0.0,1.0,102.0,239.0,23.0
Howell,MI,LIVINGSTON,2023-07-28,2023,7,28,Summer,2,42.6,-83.9,,,,,,,,,,,,,,,
Howell,MI,LIVINGSTON,2023-07-30,2023,7,30,Summer,1,42.6,-83.9,,,,,,,,,,,,,,,
Howell,MI,LIVINGSTON,2023-08-23,2023,8,23,Summer,2,42.6,-83.9,,,,,,,,,,,,,,,
Hudson,NC,CALDWELL,2023-07-31,2023,7,31,Summer,1,35.8,-81.5,245.0,220.0,25.0,0.0,0.0,0.0,0.0,97.0,51.0,40.0,0.0,0.0,245.0,0.0,0.0
Hudson,NC,CALDWELL,2023-08-02,2023,8,2,Summer,1,35.8,-81.5,245.0,220.0,25.0,0.0,0.0,0.0,0.0,97.0,51.0,40.0,0.0,0.0,245.0,0.0,0.0
Hudson,NH,HILLSBOROUGH,2023-07-29,2023,7,29,Summer,1,42.7,-71.4,365.0,305.0,55.0,5.0,0.0,0.0,0.0,119.0,58.0,39.0,3.0,0.0,293.0,69.0,0.0
Hudson Falls,NY,WASHINGTON,2023-08-29,2023,8,29,Summer,3,43.3,-73.5,,,,,,,,,,,,,,,
Hudson Falls,NY,WASHINGTON,2023-09-06,2023,9,6,Fall,3,43.3,-73.5,,,,,,,,,,,,,,,
Hudson Falls,NY,WASHINGTON,2023-09-07,2023,9,7,Fall,3,43.3,-73.6,,,,,,,,,,,,,,,
Hudson Falls,NY,WASHINGTON,2023-09-12,2023,9,12,Fall,3,43.3,-73.5,,,,,,,,,,,,,,,
Hudson Falls,NY,WASHINGTON,2023-09-14,2023,9,14,Fall,6,43.3,-73.5,,,,,,,,,,,,,,,
Hudson Falls,NY,WASHINGTON,2023-09-20,2023,9,20,Fall,3,43.3,-73.5,,,,,,,,,,,,,,,
Hudson Falls,NY,WASHINGTON,2023-09-30,2023,9,30,Fall,3,43.3,-73.6,,,,,,,,,,,,,,,
Hudsonville,MI,OTTAWA,2023-07-31,2023,7,31,Summer,1,42.9,-85.9,356.0,176.0,172.0,5.0,2.0,1.0,0.0,227.0,74.0,51.0,0.0,0.0,105.0,251.0,0.0
Humboldt,KS,ALLEN,2023-06-30,2023,6,30,Summer,1,37.8,-95.4,,,,,,,,,,,,,,,
Humboldt,KS,ALLEN,2023-08-15,2023,8,15,Summer,3,37.8,-95.4,,,,,,,,,,,,,,,
Humboldt,KS,ALLEN,2023-08-17,2023,8,17,Summer,3,37.8,-95.4,,,,,,,,,,,,,,,
Humboldt,KS,ALLEN,2023-08-22,2023,8,22,Summer,2,37.8,-95.4,,,,,,,,,,,,,,,
Humboldt,KS,ALLEN,2023-09-27,2023,9,27,Fall,2,37.8,-95.4,,,,,,,,,,,,,,,
Hummelstown,PA,DAUPHIN,2023-07-23,2023,7,23,Summer,5,40.3,-76.7,365.0,169.0,184.0,7.0,3.0,2.0,0.0,255.0,79.0,52.0,0.0,0.0,114.0,251.0,0.0
Hummelstown,PA,DAUPHIN,2023-07-26,2023,7,26,Summer,5,40.3,-76.7,365.0,169.0,184.0,7.0,3.0,2.0,0.0,255.0,79.0,52.0,0.0,0.0,114.0,251.0,0.0
Huntersville,NC,MECKLENBURG,2023-08-26,2023,8,26,Summer,8,35.4,-80.8,365.0,174.0,185.0,6.0,0.0,0.0,0.0,150.0,71.0,51.0,0.0,2.0,149.0,214.0,0.0
Huntersville,NC,MECKLENBURG,2023-08-31,2023,8,31,Summer,4,35.5,-80.9,365.0,174.0,185.0,6.0,0.0,0.0,0.0,150.0,71.0,51.0,0.0,2.0,149.0,214.0,0.0
Huntersville,NC,MECKLENBURG,2023-09-01,2023,9,1,Fall,4,35.5,-80.9,365.0,174.0,185.0,6.0,0.0,0.0,0.0,150.0,71.0,51.0,0.0,2.0,149.0,214.0,0.0
Huntersville,NC,MECKLENBURG,2023-10-03,2023,10,3,Fall,4,35.4,-80.8,365.0,174.0,185.0,6.0,0.0,0.0,0.0,150.0,71.0,51.0,0.0,2.0,149.0,214.0,0.0
Huntington Beach,CA,ORANGE,2023-04-01,2023,4,1,Spring,4,33.7,-118.0,365.0,160.0,195.0,9.0,1.0,0.0,0.0,166.0,77.0,52.0,0.0,14.0,142.0,204.0,5.0
Huntington Beach,CA,ORANGE,2023-06-07,2023,6,7,Summer,4,33.7,-118.0,365.0,160.0,195.0,9.0,1.0,0.0,0.0,166.0,77.0,52.0,0.0,14.0,142.0,204.0,5.0
Huntington Beach,CA,ORANGE,2023-07-21,2023,7,21,Summer,32,33.7,-118.0,365.0,160.0,195.0,9.0,1.0,0.0,0.0,166.0,77.0,52.0,0.0,14.0,142.0,204.0,5.0
Huntsburg,OH,GEAUGA,2023-08-03,2023,8,3,Summer,1,41.5,-81.1,245.0,212.0,32.0,1.0,0.0,0.0,0.0,129.0,58.0,41.0,0.0,0.0,245.0,0.0,0.0
Huntsville,AL,MADISON,2023-08-17,2023,8,17,Summer,9,34.6,-86.6,364.0,204.0,157.0,3.0,0.0,0.0,0.0,135.0,66.0,49.0,0.0,0.0,92.0,272.0,0.0
Huntsville,AL,MADISON,2023-09-09,2023,9,9,Fall,9,34.6,-86.6,364.0,204.0,157.0,3.0,0.0,0.0,0.0,135.0,66.0,49.0,0.0,0.0,92.0,272.0,0.0
Huntsville,AL,MADISON,2023-09-10,2023,9,10,Fall,27,34.6,-86.6,364.0,204.0,157.0,3.0,0.0,0.0,0.0,135.0,66.0,49.0,0.0,0.0,92.0,272.0,0.0
Huntsville,AL,MADISON,2023-09-27,2023,9,27,Fall,9,34.7,-86.6,364.0,204.0,157.0,3.0,0.0,0.0,0.0,135.0,66.0,49.0,0.0,0.0,92.0,272.0,0.0
Hurst,TX,TARRANT,2023-10-08,2023,10,8,Fall,2,32.8,-97.2,365.0,99.0,239.0,23.0,4.0,0.0,0.0,172.0,93.0,57.0,0.0,4.0,122.0,239.0,0.0
Hurst,TX,TARRANT,2023-10-09,2023,10,9,Fall,3,32.8,-97.2,365.0,99.0,239.0,23.0,4.0,0.0,0.0,172.0,93.0,57.0,0.0,4.0,122.0,239.0,0.0
Hutto,TX,WILLIAMSON,2023-07-26,2023,7,26,Summer,2,30.5,-97.6,,,,,,,,,,,,,,,
Hutto,TX,WILLIAMSON,2023-08-30,2023,8,30,Summer,2,30.5,-97.6,,,,,,,,,,,,,,,
Hutto,TX,WILLIAMSON,2023-09-17,2023,9,17,Fall,2,30.5,-97.6,,,,,,,,,,,,,,,
Hutto,TX,WILLIAMSON,2023-09-20,2023,9,20,Fall,4,30.5,-97.6,,,,,,,,,,,,,,,
Hutto,TX,WILLIAMSON,2023-09-27,2023,9,27,Fall,2,30.5,-97.6,,,,,,,,,,,,,,,
Hutto,TX,WILLIAMSON,2023-09-29,2023,9,29,Fall,2,30.5,-97.6,,,,,,,,,,,,,,,
Hutto,TX,WILLIAMSON,2023-09-30,2023,9,30,Fall,2,30.5,-97.6,,,,,,,,,,,,,,,
Hutto,TX,WILLIAMSON,2023-10-13,2023,10,13,Fall,2,30.5,-97.6,,,,,,,,,,,,,,,
Hutto,TX,WILLIAMSON,2023-10-15,2023,10,15,Fall,2,30.5,-97.6,,,,,,,,,,,,,,,
Hutto,TX,WILLIAMSON,2023-10-23,2023,10,23,Fall,4,30.5,-97.6,,,,,,,,,,,,,,,
Hutto,TX,WILLIAMSON,2023-10-24,2023,10,24,Fall,40,30.5,-97.6,,,,,,,,,,,,,,,
Hutto,TX,WILLIAMSON,2023-11-14,2023,11,14,Fall,2,30.5,-97.6,,,,,,,,,,,,,,,
Hutto,TX,WILLIAMSON,2023-11-15,2023,11,15,Fall,2,30.5,-97.6,,,,,,,,,,,,,,,
Hutto,TX,WILLIAMSON,2023-11-21,2023,11,21,Fall,4,30.5,-97.6,,,,,,,,,,,,,,,
Hutto,TX,WILLIAMSON,2023-11-22,2023,11,22,Fall,4,30.5,-97.6,,,,,,,,,,,,,,,
Hutto,TX,WILLIAMSON,2023-11-23,2023,11,23,Fall,8,30.5,-97.6,,,,,,,,,,,,,,,
Hutto,TX,WILLIAMSON,2023-11-28,2023,11,28,Fall,8,30.5,-97.6,,,,,,,,,,,,,,,
Hutto,TX,WILLIAMSON,2023-11-30,2023,11,30,Fall,2,30.5,-97.6,,,,,,,,,,,,,,,
Hutto,TX,WILLIAMSON,2023-12-01,2023,12,1,Winter,6,30.5,-97.6,,,,,,,,,,,,,,,
Hutto,TX,WILLIAMSON,2023-12-02,2023,12,2,Winter,10,30.5,-97.6,,,,,,,,,,,,,,,
Hutto,TX,WILLIAMSON,2023-12-04,2023,12,4,Winter,2,30.5,-97.6,,,,,,,,,,,,,,,
Hutto,TX,WILLIAMSON,2023-12-05,2023,12,5,Winter,2,30.5,-97.6,,,,,,,,,,,,,,,
Hutto,TX,WILLIAMSON,2023-12-06,2023,12,6,Winter,6,30.5,-97.6,,,,,,,,,,,,,,,
Hutto,TX,WILLIAMSON,2023-12-07,2023,12,7,Winter,6,30.5,-97.6,,,,,,,,,,,,,,,
Hutto,TX,WILLIAMSON,2023-12-11,2023,12,11,Winter,2,30.5,-97.6,,,,,,,,,,,,,,,
Hydro,OK,CADDO,2023-08-01,2023,8,1,Summer,1,35.5,-98.6,,,,,,,,,,,,,,,
Imperial,PA,ALLEGHENY,2023-07-31,2023,7,31,Summer,2,40.5,-80.2,365.0,121.0,227.0,15.0,1.0,1.0,0.0,237.0,84.0,56.0,0.0,0.0,71.0,294.0,0.0
Imperial Beach,CA,SAN DIEGO,2023-05-19,2023,5,19,Spring,2,32.6,-117.1,365.0,61.0,260.0,44.0,0.0,0.0,0.0,150.0,101.0,67.0,0.0,1.0,185.0,151.0,28.0
Independence,CA,INYO,2023-10-11,2023,10,11,Fall,2,36.9,-118.2,365.0,106.0,236.0,13.0,3.0,1.0,6.0,786.0,90.0,61.0,0.0,0.0,202.0,123.0,40.0
Independence,MO,JACKSON,2023-08-28,2023,8,28,Summer,2,39.1,-94.4,365.0,171.0,192.0,1.0,1.0,0.0,0.0,155.0,68.0,52.0,0.0,21.0,0.0,313.0,31.0
Indian Lake,NY,HAMILTON,2023-07-22,2023,7,22,Summer,3,43.9,-74.4,354.0,337.0,17.0,0.0,0.0,0.0,0.0,90.0,46.0,33.0,0.0,0.0,354.0,0.0,0.0
Indian Lake,NY,HAMILTON,2023-07-24,2023,7,24,Summer,1,43.9,-74.4,354.0,337.0,17.0,0.0,0.0,0.0,0.0,90.0,46.0,33.0,0.0,0.0,354.0,0.0,0.0
Indian Lake,NY,HAMILTON,2023-07-28,2023,7,28,Summer,1,43.9,-74.4,354.0,337.0,17.0,0.0,0.0,0.0,0.0,90.0,46.0,33.0,0.0,0.0,354.0,0.0,0.0
Indian Lake,NY,HAMILTON,2023-09-10,2023,9,10,Fall,1,43.9,-74.4,354.0,337.0,17.0,0.0,0.0,0.0,0.0,90.0,46.0,33.0,0.0,0.0,354.0,0.0,0.0
Indian Lake,NY,HAMILTON,2023-09-11,2023,9,11,Fall,1,43.9,-74.4,354.0,337.0,17.0,0.0,0.0,0.0,0.0,90.0,46.0,33.0,0.0,0.0,354.0,0.0,0.0
Indian Lake,NY,HAMILTON,2023-09-12,2023,9,12,Fall,18,43.9,-74.4,354.0,337.0,17.0,0.0,0.0,0.0,0.0,90.0,46.0,33.0,0.0,0.0,354.0,0.0,0.0
Indian Lake,NY,HAMILTON,2023-09-13,2023,9,13,Fall,2,43.9,-74.4,354.0,337.0,17.0,0.0,0.0,0.0,0.0,90.0,46.0,33.0,0.0,0.0,354.0,0.0,0.0
Indian Lake,NY,HAMILTON,2023-09-14,2023,9,14,Fall,3,43.9,-74.4,354.0,337.0,17.0,0.0,0.0,0.0,0.0,90.0,46.0,33.0,0.0,0.0,354.0,0.0,0.0
Indian Lake,NY,HAMILTON,2023-09-26,2023,9,26,Fall,1,43.9,-74.4,354.0,337.0,17.0,0.0,0.0,0.0,0.0,90.0,46.0,33.0,0.0,0.0,354.0,0.0,0.0
Indianapolis,IN,HAMILTON,2023-07-26,2023,7,26,Summer,2,39.8,-86.3,364.0,220.0,134.0,8.0,2.0,0.0,0.0,190.0,69.0,46.0,0.0,0.0,168.0,196.0,0.0
Indianapolis,IN,HAMILTON,2023-08-03,2023,8,3,Summer,4,39.9,-86.1,364.0,220.0,134.0,8.0,2.0,0.0,0.0,190.0,69.0,46.0,0.0,0.0,168.0,196.0,0.0
Indianapolis,IN,HAMILTON,2023-08-04,2023,8,4,Summer,4,39.9,-86.2,364.0,220.0,134.0,8.0,2.0,0.0,0.0,190.0,69.0,46.0,0.0,0.0,168.0,196.0,0.0
Indianapolis,IN,HAMILTON,2023-08-17,2023,8,17,Summer,4,39.8,-86.1,364.0,220.0,134.0,8.0,2.0,0.0,0.0,190.0,69.0,46.0,0.0,0.0,168.0,196.0,0.0
Indianapolis,IN,HAMILTON,2023-09-22,2023,9,22,Fall,2,39.7,-86.1,364.0,220.0,134.0,8.0,2.0,0.0,0.0,190.0,69.0,46.0,0.0,0.0,168.0,196.0,0.0
Indianapolis,IN,MARION,2023-07-26,2023,7,26,Summer,52,39.8,-86.3,365.0,84.0,260.0,17.0,3.0,1.0,0.0,259.0,89.0,60.0,0.0,0.0,55.0,310.0,0.0
Indianapolis,IN,MARION,2023-08-03,2023,8,3,Summer,104,39.9,-86.1,365.0,84.0,260.0,17.0,3.0,1.0,0.0,259.0,89.0,60.0,0.0,0.0,55.0,310.0,0.0
Indianapolis,IN,MARION,2023-08-04,2023,8,4,Summer,104,39.9,-86.2,365.0,84.0,260.0,17.0,3.0,1.0,0.0,259.0,89.0,60.0,0.0,0.0,55.0,310.0,0.0
Indianapolis,IN,MARION,2023-08-17,2023,8,17,Summer,104,39.8,-86.1,365.0,84.0,260.0,17.0,3.0,1.0,0.0,259.0,89.0,60.0,0.0,0.0,55.0,310.0,0.0
Indianapolis,IN,MARION,2023-09-22,2023,9,22,Fall,52,39.7,-86.1,365.0,84.0,260.0,17.0,3.0,1.0,0.0,259.0,89.0,60.0,0.0,0.0,55.0,310.0,0.0
Indianola,IA,WARREN,2023-05-17,2023,5,17,Spring,5,41.4,-93.6,,,,,,,,,,,,,,,
Indianola,IA,WARREN,2023-08-18,2023,8,18,Summer,5,41.4,-93.6,,,,,,,,,,,,,,,
Indianola,IA,WARREN,2023-09-25,2023,9,25,Fall,15,41.4,-93.6,,,,,,,,,,,,,,,
Indianola,IA,WARREN,2023-10-05,2023,10,5,Fall,25,41.4,-93.6,,,,,,,,,,,,,,,
Inlet,NY,HAMILTON,2023-07-12,2023,7,12,Summer,3,43.8,-74.8,354.0,337.0,17.0,0.0,0.0,0.0,0.0,90.0,46.0,33.0,0.0,0.0,354.0,0.0,0.0
Inlet,NY,HAMILTON,2023-07-13,2023,7,13,Summer,2,43.8,-74.8,354.0,337.0,17.0,0.0,0.0,0.0,0.0,90.0,46.0,33.0,0.0,0.0,354.0,0.0,0.0
Inlet,NY,HAMILTON,2023-07-14,2023,7,14,Summer,2,43.8,-74.8,354.0,337.0,17.0,0.0,0.0,0.0,0.0,90.0,46.0,33.0,0.0,0.0,354.0,0.0,0.0
Inlet,NY,HAMILTON,2023-07-15,2023,7,15,Summer,13,43.8,-74.8,354.0,337.0,17.0,0.0,0.0,0.0,0.0,90.0,46.0,33.0,0.0,0.0,354.0,0.0,0.0
Inlet,NY,HAMILTON,2023-07-16,2023,7,16,Summer,8,43.8,-74.8,354.0,337.0,17.0,0.0,0.0,0.0,0.0,90.0,46.0,33.0,0.0,0.0,354.0,0.0,0.0
Inlet,NY,HAMILTON,2023-07-17,2023,7,17,Summer,10,43.8,-74.8,354.0,337.0,17.0,0.0,0.0,0.0,0.0,90.0,46.0,33.0,0.0,0.0,354.0,0.0,0.0
Inlet,NY,HAMILTON,2023-07-19,2023,7,19,Summer,14,43.8,-74.8,354.0,337.0,17.0,0.0,0.0,0.0,0.0,90.0,46.0,33.0,0.0,0.0,354.0,0.0,0.0
Inlet,NY,HAMILTON,2023-07-22,2023,7,22,Summer,12,43.8,-74.8,354.0,337.0,17.0,0.0,0.0,0.0,0.0,90.0,46.0,33.0,0.0,0.0,354.0,0.0,0.0
Inlet,NY,HAMILTON,2023-07-23,2023,7,23,Summer,6,43.8,-74.8,354.0,337.0,17.0,0.0,0.0,0.0,0.0,90.0,46.0,33.0,0.0,0.0,354.0,0.0,0.0
Inlet,NY,HAMILTON,2023-07-24,2023,7,24,Summer,6,43.8,-74.8,354.0,337.0,17.0,0.0,0.0,0.0,0.0,90.0,46.0,33.0,0.0,0.0,354.0,0.0,0.0
Inlet,NY,HAMILTON,2023-07-25,2023,7,25,Summer,4,43.8,-74.8,354.0,337.0,17.0,0.0,0.0,0.0,0.0,90.0,46.0,33.0,0.0,0.0,354.0,0.0,0.0
Inlet,NY,HAMILTON,2023-07-26,2023,7,26,Summer,3,43.8,-74.8,354.0,337.0,17.0,0.0,0.0,0.0,0.0,90.0,46.0,33.0,0.0,0.0,354.0,0.0,0.0
Inlet,NY,HAMILTON,2023-07-29,2023,7,29,Summer,1,43.8,-74.8,354.0,337.0,17.0,0.0,0.0,0.0,0.0,90.0,46.0,33.0,0.0,0.0,354.0,0.0,0.0
Inlet,NY,HAMILTON,2023-08-09,2023,8,9,Summer,1,43.8,-74.8,354.0,337.0,17.0,0.0,0.0,0.0,0.0,90.0,46.0,33.0,0.0,0.0,354.0,0.0,0.0
Inlet,NY,HAMILTON,2023-08-17,2023,8,17,Summer,1,43.8,-74.8,354.0,337.0,17.0,0.0,0.0,0.0,0.0,90.0,46.0,33.0,0.0,0.0,354.0,0.0,0.0
Inlet,NY,HAMILTON,2023-08-22,2023,8,22,Summer,1,43.8,-74.8,354.0,337.0,17.0,0.0,0.0,0.0,0.0,90.0,46.0,33.0,0.0,0.0,354.0,0.0,0.0
Inlet,NY,HAMILTON,2023-09-05,2023,9,5,Fall,1,43.8,-74.8,354.0,337.0,17.0,0.0,0.0,0.0,0.0,90.0,46.0,33.0,0.0,0.0,354.0,0.0,0.0
Inlet,NY,HAMILTON,2023-09-09,2023,9,9,Fall,1,43.8,-74.8,354.0,337.0,17.0,0.0,0.0,0.0,0.0,90.0,46.0,33.0,0.0,0.0,354.0,0.0,0.0
Inlet,NY,HAMILTON,2023-09-17,2023,9,17,Fall,1,43.8,-74.8,354.0,337.0,17.0,0.0,0.0,0.0,0.0,90.0,46.0,33.0,0.0,0.0,354.0,0.0,0.0
Inver Grove Heights,MN,DAKOTA,2023-08-03,2023,8,3,Summer,10,44.8,-93.1,365.0,184.0,171.0,7.0,3.0,0.0,0.0,185.0,73.0,49.0,0.0,10.0,0.0,355.0,0.0
Inver Grove Heights,MN,DAKOTA,2023-08-04,2023,8,4,Summer,55,44.8,-93.1,365.0,184.0,171.0,7.0,3.0,0.0,0.0,185.0,73.0,49.0,0.0,10.0,0.0,355.0,0.0
Inver Grove Heights,MN,DAKOTA,2023-08-19,2023,8,19,Summer,5,44.8,-93.1,365.0,184.0,171.0,7.0,3.0,0.0,0.0,185.0,73.0,49.0,0.0,10.0,0.0,355.0,0.0
Inver Grove Heights,MN,DAKOTA,2023-09-03,2023,9,3,Fall,10,44.8,-93.1,365.0,184.0,171.0,7.0,3.0,0.0,0.0,185.0,73.0,49.0,0.0,10.0,0.0,355.0,0.0
Iowa City,IA,JOHNSON,2023-06-19,2023,6,19,Summer,3,41.6,-91.6,365.0,143.0,216.0,2.0,3.0,1.0,0.0,210.0,68.0,53.0,0.0,0.0,0.0,365.0,0.0
Iowa City,IA,JOHNSON,2023-06-21,2023,6,21,Summer,3,41.6,-91.6,365.0,143.0,216.0,2.0,3.0,1.0,0.0,210.0,68.0,53.0,0.0,0.0,0.0,365.0,0.0
Iowa City,IA,JOHNSON,2023-07-02,2023,7,2,Summer,3,41.6,-91.6,365.0,143.0,216.0,2.0,3.0,1.0,0.0,210.0,68.0,53.0,0.0,0.0,0.0,365.0,0.0
Iowa City,IA,JOHNSON,2023-07-04,2023,7,4,Summer,3,41.6,-91.6,365.0,143.0,216.0,2.0,3.0,1.0,0.0,210.0,68.0,53.0,0.0,0.0,0.0,365.0,0.0
Iowa City,IA,JOHNSON,2023-07-05,2023,7,5,Summer,3,41.6,-91.6,365.0,143.0,216.0,2.0,3.0,1.0,0.0,210.0,68.0,53.0,0.0,0.0,0.0,365.0,0.0
Iowa City,IA,JOHNSON,2023-07-21,2023,7,21,Summer,3,41.6,-91.6,365.0,143.0,216.0,2.0,3.0,1.0,0.0,210.0,68.0,53.0,0.0,0.0,0.0,365.0,0.0
Iowa City,IA,JOHNSON,2023-07-23,2023,7,23,Summer,3,41.6,-91.6,365.0,143.0,216.0,2.0,3.0,1.0,0.0,210.0,68.0,53.0,0.0,0.0,0.0,365.0,0.0
Iowa City,IA,JOHNSON,2023-07-24,2023,7,24,Summer,3,41.6,-91.6,365.0,143.0,216.0,2.0,3.0,1.0,0.0,210.0,68.0,53.0,0.0,0.0,0.0,365.0,0.0
Iowa City,IA,JOHNSON,2023-07-27,2023,7,27,Summer,3,41.6,-91.6,365.0,143.0,216.0,2.0,3.0,1.0,0.0,210.0,68.0,53.0,0.0,0.0,0.0,365.0,0.0
Iowa City,IA,JOHNSON,2023-07-28,2023,7,28,Summer,3,41.6,-91.5,365.0,143.0,216.0,2.0,3.0,1.0,0.0,210.0,68.0,53.0,0.0,0.0,0.0,365.0,0.0
Iowa City,IA,JOHNSON,2023-07-31,2023,7,31,Summer,3,41.6,-91.6,365.0,143.0,216.0,2.0,3.0,1.0,0.0,210.0,68.0,53.0,0.0,0.0,0.0,365.0,0.0
Iowa City,IA,JOHNSON,2023-08-01,2023,8,1,Summer,3,41.6,-91.6,365.0,143.0,216.0,2.0,3.0,1.0,0.0,210.0,68.0,53.0,0.0,0.0,0.0,365.0,0.0
Iowa City,IA,JOHNSON,2023-08-08,2023,8,8,Summer,6,41.6,-91.6,365.0,143.0,216.0,2.0,3.0,1.0,0.0,210.0,68.0,53.0,0.0,0.0,0.0,365.0,0.0
Iowa City,IA,JOHNSON,2023-08-21,2023,8,21,Summer,3,41.7,-91.5,365.0,143.0,216.0,2.0,3.0,1.0,0.0,210.0,68.0,53.0,0.0,0.0,0.0,365.0,0.0
Iowa City,IA,JOHNSON,2023-08-28,2023,8,28,Summer,3,41.6,-91.6,365.0,143.0,216.0,2.0,3.0,1.0,0.0,210.0,68.0,53.0,0.0,0.0,0.0,365.0,0.0
Iowa City,IA,JOHNSON,2023-09-09,2023,9,9,Fall,3,41.6,-91.6,365.0,143.0,216.0,2.0,3.0,1.0,0.0,210.0,68.0,53.0,0.0,0.0,0.0,365.0,0.0
Iowa City,IA,JOHNSON,2023-09-15,2023,9,15,Fall,3,41.6,-91.6,365.0,143.0,216.0,2.0,3.0,1.0,0.0,210.0,68.0,53.0,0.0,0.0,0.0,365.0,0.0
Iowa City,IA,JOHNSON,2023-09-27,2023,9,27,Fall,3,41.6,-91.5,365.0,143.0,216.0,2.0,3.0,1.0,0.0,210.0,68.0,53.0,0.0,0.0,0.0,365.0,0.0
Iowa City,IA,JOHNSON,2023-10-13,2023,10,13,Fall,3,41.7,-91.5,365.0,143.0,216.0,2.0,3.0,1.0,0.0,210.0,68.0,53.0,0.0,0.0,0.0,365.0,0.0
Ipswich,MA,ESSEX,2023-08-01,2023,8,1,Summer,1,42.7,-70.8,365.0,243.0,120.0,2.0,0.0,0.0,0.0,105.0,60.0,44.0,0.0,1.0,160.0,204.0,0.0
Ipswich,MA,ESSEX,2023-10-26,2023,10,26,Fall,2,42.7,-70.8,365.0,243.0,120.0,2.0,0.0,0.0,0.0,105.0,60.0,44.0,0.0,1.0,160.0,204.0,0.0
Irmo,SC,RICHLAND,2023-07-30,2023,7,30,Summer,1,34.1,-81.2,365.0,207.0,154.0,4.0,0.0,0.0,0.0,123.0,64.0,47.0,0.0,1.0,127.0,237.0,0.0
Irons,MI,LAKE,2023-07-28,2023,7,28,Summer,2,44.1,-86.0,,,,,,,,,,,,,,,
Irons,MI,LAKE,2023-07-30,2023,7,30,Summer,2,44.1,-86.0,,,,,,,,,,,,,,,
Irons,MI,LAKE,2023-09-01,2023,9,1,Fall,4,44.1,-86.0,,,,,,,,,,,,,,,
Irons,MI,LAKE,2023-09-14,2023,9,14,Fall,2,44.1,-86.0,,,,,,,,,,,,,,,
Isle of Palms,SC,CHARLESTON,2023-09-23,2023,9,23,Fall,8,32.8,-79.7,365.0,212.0,153.0,0.0,0.0,0.0,0.0,93.0,64.0,47.0,0.0,0.0,68.0,295.0,2.0
Itasca,IL,DUPAGE,2023-05-23,2023,5,23,Spring,1,42.0,-88.0,365.0,146.0,202.0,11.0,4.0,2.0,0.0,234.0,77.0,53.0,0.0,0.0,101.0,264.0,0.0
Itasca,IL,DUPAGE,2023-06-29,2023,6,29,Summer,1,42.0,-88.0,365.0,146.0,202.0,11.0,4.0,2.0,0.0,234.0,77.0,53.0,0.0,0.0,101.0,264.0,0.0
Itasca,IL,DUPAGE,2023-08-03,2023,8,3,Summer,3,42.0,-88.0,365.0,146.0,202.0,11.0,4.0,2.0,0.0,234.0,77.0,53.0,0.0,0.0,101.0,264.0,0.0
Itasca,IL,DUPAGE,2023-09-24,2023,9,24,Fall,3,42.0,-88.0,365.0,146.0,202.0,11.0,4.0,2.0,0.0,234.0,77.0,53.0,0.0,0.0,101.0,264.0,0.0
Itasca,IL,DUPAGE,2023-09-29,2023,9,29,Fall,1,42.0,-88.0,365.0,146.0,202.0,11.0,4.0,2.0,0.0,234.0,77.0,53.0,0.0,0.0,101.0,264.0,0.0
Ithaca,NY,TOMPKINS,2023-10-25,2023,10,25,Fall,3,42.4,-76.5,357.0,332.0,25.0,0.0,0.0,0.0,0.0,100.0,47.0,35.0,0.0,0.0,357.0,0.0,0.0
Ivesdale,IL,CHAMPAIGN,2023-08-05,2023,8,5,Summer,4,39.9,-88.5,365.0,196.0,156.0,11.0,1.0,1.0,0.0,277.0,70.0,48.0,0.0,0.0,150.0,215.0,0.0
Ivesdale,IL,CHAMPAIGN,2023-09-01,2023,9,1,Fall,6,39.9,-88.5,365.0,196.0,156.0,11.0,1.0,1.0,0.0,277.0,70.0,48.0,0.0,0.0,150.0,215.0,0.0
Jackson,MI,JACKSON,2023-08-02,2023,8,2,Summer,2,42.3,-84.5,,,,,,,,,,,,,,,
Jackson,MS,HINDS,2023-08-13,2023,8,13,Summer,10,32.3,-90.1,365.0,131.0,231.0,3.0,0.0,0.0,0.0,115.0,74.0,54.0,0.0,0.0,97.0,268.0,0.0
Jackson,MS,HINDS,2023-08-29,2023,8,29,Summer,10,32.3,-90.2,365.0,131.0,231.0,3.0,0.0,0.0,0.0,115.0,74.0,54.0,0.0,0.0,97.0,268.0,0.0
Jackson,OH,JACKSON,2023-09-13,2023,9,13,Fall,2,39.1,-82.7,,,,,,,,,,,,,,,
Jacksonville,FL,DUVAL,2023-01-07,2023,1,7,Winter,22,30.2,-81.6,365.0,156.0,207.0,2.0,0.0,0.0,0.0,124.0,67.0,52.0,0.0,0.0,62.0,303.0,0.0
Jacksonville,FL,DUVAL,2023-01-22,2023,1,22,Winter,44,30.3,-81.8,365.0,156.0,207.0,2.0,0.0,0.0,0.0,124.0,67.0,52.0,0.0,0.0,62.0,303.0,0.0
Jacksonville,FL,DUVAL,2023-02-09,2023,2,9,Winter,22,30.2,-81.6,365.0,156.0,207.0,2.0,0.0,0.0,0.0,124.0,67.0,52.0,0.0,0.0,62.0,303.0,0.0
Jacksonville,FL,DUVAL,2023-03-01,2023,3,1,Spring,22,30.3,-81.4,365.0,156.0,207.0,2.0,0.0,0.0,0.0,124.0,67.0,52.0,0.0,0.0,62.0,303.0,0.0
Jacksonville,FL,DUVAL,2023-03-11,2023,3,11,Spring,22,30.3,-81.5,365.0,156.0,207.0,2.0,0.0,0.0,0.0,124.0,67.0,52.0,0.0,0.0,62.0,303.0,0.0
Jacksonville,FL,DUVAL,2023-04-06,2023,4,6,Spring,66,30.3,-81.7,365.0,156.0,207.0,2.0,0.0,0.0,0.0,124.0,67.0,52.0,0.0,0.0,62.0,303.0,0.0
Jacksonville,FL,DUVAL,2023-04-13,2023,4,13,Spring,22,30.3,-81.5,365.0,156.0,207.0,2.0,0.0,0.0,0.0,124.0,67.0,52.0,0.0,0.0,62.0,303.0,0.0
Jacksonville,FL,DUVAL,2023-04-18,2023,4,18,Spring,22,30.3,-81.7,365.0,156.0,207.0,2.0,0.0,0.0,0.0,124.0,67.0,52.0,0.0,0.0,62.0,303.0,0.0
Jacksonville,FL,DUVAL,2023-05-07,2023,5,7,Spring,44,30.3,-81.5,365.0,156.0,207.0,2.0,0.0,0.0,0.0,124.0,67.0,52.0,0.0,0.0,62.0,303.0,0.0
Jacksonville,FL,DUVAL,2023-06-15,2023,6,15,Summer,66,30.3,-81.5,365.0,156.0,207.0,2.0,0.0,0.0,0.0,124.0,67.0,52.0,0.0,0.0,62.0,303.0,0.0
Jacksonville,FL,DUVAL,2023-07-15,2023,7,15,Summer,44,30.3,-81.8,365.0,156.0,207.0,2.0,0.0,0.0,0.0,124.0,67.0,52.0,0.0,0.0,62.0,303.0,0.0
Jacksonville,FL,DUVAL,2023-07-18,2023,7,18,Summer,22,30.3,-81.8,365.0,156.0,207.0,2.0,0.0,0.0,0.0,124.0,67.0,52.0,0.0,0.0,62.0,303.0,0.0
Jacksonville,FL,DUVAL,2023-08-26,2023,8,26,Summer,22,30.3,-81.7,365.0,156.0,207.0,2.0,0.0,0.0,0.0,124.0,67.0,52.0,0.0,0.0,62.0,303.0,0.0
Jacksonville,FL,DUVAL,2023-10-21,2023,10,21,Fall,22,30.2,-81.8,365.0,156.0,207.0,2.0,0.0,0.0,0.0,124.0,67.0,52.0,0.0,0.0,62.0,303.0,0.0
Jacksonville,FL,DUVAL,2023-10-26,2023,10,26,Fall,44,30.2,-81.8,365.0,156.0,207.0,2.0,0.0,0.0,0.0,124.0,67.0,52.0,0.0,0.0,62.0,303.0,0.0
Jacksonville,FL,DUVAL,2023-11-04,2023,11,4,Fall,88,30.2,-81.7,365.0,156.0,207.0,2.0,0.0,0.0,0.0,124.0,67.0,52.0,0.0,0.0,62.0,303.0,0.0
Jacksonville,FL,DUVAL,2023-12-08,2023,12,8,Winter,22,30.2,-81.6,365.0,156.0,207.0,2.0,0.0,0.0,0.0,124.0,67.0,52.0,0.0,0.0,62.0,303.0,0.0
Jacksonville,IL,MORGAN,2023-08-29,2023,8,29,Summer,32,39.7,-90.2,,,,,,,,,,,,,,,
Jacksonville,OR,JACKSON,2023-07-14,2023,7,14,Summer,4,42.3,-123.0,365.0,216.0,135.0,2.0,7.0,5.0,0.0,237.0,69.0,45.0,0.0,0.0,98.0,267.0,0.0
Jacksonville,OR,JACKSON,2023-07-26,2023,7,26,Summer,2,42.3,-123.0,365.0,216.0,135.0,2.0,7.0,5.0,0.0,237.0,69.0,45.0,0.0,0.0,98.0,267.0,0.0
Jamestown,NY,CHAUTAUQUA,2023-07-28,2023,7,28,Summer,4,42.1,-79.2,363.0,322.0,36.0,5.0,0.0,0.0,0.0,133.0,54.0,37.0,0.0,0.0,335.0,28.0,0.0
Jamestown,NY,CHAUTAUQUA,2023-07-30,2023,7,30,Summer,2,42.1,-79.2,363.0,322.0,36.0,5.0,0.0,0.0,0.0,133.0,54.0,37.0,0.0,0.0,335.0,28.0,0.0
Jamestown,NY,CHAUTAUQUA,2023-09-20,2023,9,20,Fall,2,42.1,-79.2,363.0,322.0,36.0,5.0,0.0,0.0,0.0,133.0,54.0,37.0,0.0,0.0,335.0,28.0,0.0
Jamestown,NY,CHAUTAUQUA,2023-10-24,2023,10,24,Fall,2,42.1,-79.2,363.0,322.0,36.0,5.0,0.0,0.0,0.0,133.0,54.0,37.0,0.0,0.0,335.0,28.0,0.0
Jefferson,GA,JACKSON,2023-04-05,2023,4,5,Spring,2,34.1,-83.6,,,,,,,,,,,,,,,
Jefferson,WI,JEFFERSON,2023-09-09,2023,9,9,Fall,1,43.0,-88.8,203.0,145.0,43.0,15.0,0.0,0.0,0.0,140.0,97.0,44.0,0.0,0.0,203.0,0.0,0.0
Jekyll Island,GA,GLYNN,2023-08-14,2023,8,14,Summer,6,31.1,-81.4,363.0,243.0,120.0,0.0,0.0,0.0,0.0,90.0,61.0,43.0,0.0,0.0,69.0,294.0,0.0
Jenkintown,PA,MONTGOMERY,2023-08-01,2023,8,1,Summer,10,40.1,-75.1,365.0,232.0,127.0,1.0,3.0,2.0,0.0,284.0,67.0,44.0,0.0,0.0,144.0,221.0,0.0
Jenks,OK,TULSA,2023-04-04,2023,4,4,Spring,1,36.0,-96.0,365.0,142.0,205.0,16.0,2.0,0.0,0.0,197.0,77.0,53.0,0.0,0.0,154.0,204.0,7.0
Jenks,OK,TULSA,2023-08-10,2023,8,10,Summer,1,36.0,-96.0,365.0,142.0,205.0,16.0,2.0,0.0,0.0,197.0,77.0,53.0,0.0,0.0,154.0,204.0,7.0
Jenks,OK,TULSA,2023-08-28,2023,8,28,Summer,1,36.0,-96.0,365.0,142.0,205.0,16.0,2.0,0.0,0.0,197.0,77.0,53.0,0.0,0.0,154.0,204.0,7.0
Jenks,OK,TULSA,2023-08-29,2023,8,29,Summer,1,36.0,-96.0,365.0,142.0,205.0,16.0,2.0,0.0,0.0,197.0,77.0,53.0,0.0,0.0,154.0,204.0,7.0
Jenks,OK,TULSA,2023-09-20,2023,9,20,Fall,2,36.0,-96.0,365.0,142.0,205.0,16.0,2.0,0.0,0.0,197.0,77.0,53.0,0.0,0.0,154.0,204.0,7.0
Jenks,OK,TULSA,2023-09-21,2023,9,21,Fall,1,36.0,-96.0,365.0,142.0,205.0,16.0,2.0,0.0,0.0,197.0,77.0,53.0,0.0,0.0,154.0,204.0,7.0
Jenks,OK,TULSA,2023-10-07,2023,10,7,Fall,1,36.0,-96.0,365.0,142.0,205.0,16.0,2.0,0.0,0.0,197.0,77.0,53.0,0.0,0.0,154.0,204.0,7.0
Jensen,UT,UINTAH,2023-08-31,2023,8,31,Summer,3,40.3,-109.4,365.0,184.0,144.0,16.0,18.0,3.0,0.0,215.0,101.0,50.0,0.0,0.0,324.0,41.0,0.0
Jericho,VT,CHITTENDEN,2023-09-26,2023,9,26,Fall,16,44.5,-73.0,365.0,259.0,100.0,4.0,2.0,0.0,0.0,160.0,59.0,42.0,2.0,0.0,192.0,171.0,0.0
Jericho,VT,CHITTENDEN,2023-09-27,2023,9,27,Fall,8,44.5,-73.0,365.0,259.0,100.0,4.0,2.0,0.0,0.0,160.0,59.0,42.0,2.0,0.0,192.0,171.0,0.0
Jericho,VT,CHITTENDEN,2023-10-12,2023,10,12,Fall,4,44.5,-73.0,365.0,259.0,100.0,4.0,2.0,0.0,0.0,160.0,59.0,42.0,2.0,0.0,192.0,171.0,0.0
Johns Island,SC,CHARLESTON,2023-07-06,2023,7,6,Summer,4,32.6,-80.2,365.0,212.0,153.0,0.0,0.0,0.0,0.0,93.0,64.0,47.0,0.0,0.0,68.0,295.0,2.0
Johns Island,SC,CHARLESTON,2023-09-06,2023,9,6,Fall,12,32.6,-80.2,365.0,212.0,153.0,0.0,0.0,0.0,0.0,93.0,64.0,47.0,0.0,0.0,68.0,295.0,2.0
Johns Island,SC,CHARLESTON,2023-09-11,2023,9,11,Fall,4,32.6,-80.2,365.0,212.0,153.0,0.0,0.0,0.0,0.0,93.0,64.0,47.0,0.0,0.0,68.0,295.0,2.0
Johns Island,SC,CHARLESTON,2023-11-06,2023,11,6,Fall,12,32.6,-80.2,365.0,212.0,153.0,0.0,0.0,0.0,0.0,93.0,64.0,47.0,0.0,0.0,68.0,295.0,2.0
Johnson City,TN,WASHINGTON,2023-08-02,2023,8,2,Summer,3,36.3,-82.3,,,,,,,,,,,,,,,
Johnston,RI,PROVIDENCE,2023-08-14,2023,8,14,Summer,6,41.8,-71.5,365.0,217.0,144.0,4.0,0.0,0.0,0.0,125.0,63.0,46.0,0.0,2.0,123.0,240.0,0.0
Johnstown,NY,FULTON,2023-09-06,2023,9,6,Fall,8,43.2,-74.7,,,,,,,,,,,,,,,
Joliet,IL,WILL,2023-07-28,2023,7,28,Summer,7,41.5,-88.1,365.0,155.0,191.0,14.0,3.0,2.0,0.0,246.0,78.0,53.0,0.0,0.0,85.0,280.0,0.0
Joplin,MO,JASPER,2023-04-15,2023,4,15,Spring,11,37.0,-94.6,365.0,288.0,73.0,4.0,0.0,0.0,0.0,119.0,65.0,42.0,0.0,0.0,228.0,0.0,137.0
Joplin,MO,JASPER,2023-04-21,2023,4,21,Spring,11,37.1,-94.6,365.0,288.0,73.0,4.0,0.0,0.0,0.0,119.0,65.0,42.0,0.0,0.0,228.0,0.0,137.0
Joplin,MO,JASPER,2023-06-13,2023,6,13,Summer,11,37.0,-94.5,365.0,288.0,73.0,4.0,0.0,0.0,0.0,119.0,65.0,42.0,0.0,0.0,228.0,0.0,137.0
Joplin,MO,JASPER,2023-06-18,2023,6,18,Summer,11,37.0,-94.5,365.0,288.0,73.0,4.0,0.0,0.0,0.0,119.0,65.0,42.0,0.0,0.0,228.0,0.0,137.0
Joplin,MO,JASPER,2023-09-02,2023,9,2,Fall,22,37.1,-94.5,365.0,288.0,73.0,4.0,0.0,0.0,0.0,119.0,65.0,42.0,0.0,0.0,228.0,0.0,137.0
Joplin,MO,JASPER,2023-09-27,2023,9,27,Fall,33,37.0,-94.6,365.0,288.0,73.0,4.0,0.0,0.0,0.0,119.0,65.0,42.0,0.0,0.0,228.0,0.0,137.0
Joplin,MO,JASPER,2023-10-05,2023,10,5,Fall,11,37.1,-94.4,365.0,288.0,73.0,4.0,0.0,0.0,0.0,119.0,65.0,42.0,0.0,0.0,228.0,0.0,137.0
Joplin,MO,JASPER,2023-10-21,2023,10,21,Fall,11,37.1,-94.5,365.0,288.0,73.0,4.0,0.0,0.0,0.0,119.0,65.0,42.0,0.0,0.0,228.0,0.0,137.0
Joplin,MO,JASPER,2023-11-05,2023,11,5,Fall,11,37.0,-94.5,365.0,288.0,73.0,4.0,0.0,0.0,0.0,119.0,65.0,42.0,0.0,0.0,228.0,0.0,137.0
Jordan,NY,ONONDAGA,2023-07-05,2023,7,5,Summer,2,43.1,-76.5,361.0,273.0,80.0,4.0,3.0,1.0,0.0,258.0,59.0,40.0,0.0,0.0,184.0,177.0,0.0
Jordan,NY,ONONDAGA,2023-07-09,2023,7,9,Summer,2,43.1,-76.5,361.0,273.0,80.0,4.0,3.0,1.0,0.0,258.0,59.0,40.0,0.0,0.0,184.0,177.0,0.0
Jourdanton,TX,ATASCOSA,2023-05-02,2023,5,2,Spring,2,28.9,-98.5,330.0,210.0,120.0,0.0,0.0,0.0,0.0,86.0,64.0,42.0,0.0,0.0,0.0,330.0,0.0
Jupiter,FL,PALM BEACH,2023-01-19,2023,1,19,Winter,4,26.9,-80.1,365.0,260.0,104.0,1.0,0.0,0.0,0.0,122.0,58.0,43.0,0.0,0.0,123.0,242.0,0.0
Kalamazoo,MI,KALAMAZOO,2023-07-14,2023,7,14,Summer,2,42.3,-85.6,358.0,151.0,198.0,6.0,2.0,1.0,0.0,225.0,77.0,53.0,0.0,0.0,97.0,261.0,0.0
Kalamazoo,MI,KALAMAZOO,2023-07-20,2023,7,20,Summer,2,42.3,-85.6,358.0,151.0,198.0,6.0,2.0,1.0,0.0,225.0,77.0,53.0,0.0,0.0,97.0,261.0,0.0
Kalamazoo,MI,KALAMAZOO,2023-07-30,2023,7,30,Summer,6,42.3,-85.6,358.0,151.0,198.0,6.0,2.0,1.0,0.0,225.0,77.0,53.0,0.0,0.0,97.0,261.0,0.0
Kalamazoo,MI,KALAMAZOO,2023-07-31,2023,7,31,Summer,10,42.2,-85.7,358.0,151.0,198.0,6.0,2.0,1.0,0.0,225.0,77.0,53.0,0.0,0.0,97.0,261.0,0.0
Kalamazoo,MI,KALAMAZOO,2023-08-04,2023,8,4,Summer,4,42.2,-85.7,358.0,151.0,198.0,6.0,2.0,1.0,0.0,225.0,77.0,53.0,0.0,0.0,97.0,261.0,0.0
Kalamazoo,MI,KALAMAZOO,2023-08-30,2023,8,30,Summer,2,42.3,-85.6,358.0,151.0,198.0,6.0,2.0,1.0,0.0,225.0,77.0,53.0,0.0,0.0,97.0,261.0,0.0
Kalamazoo,MI,KALAMAZOO,2023-09-10,2023,9,10,Fall,6,42.3,-85.6,358.0,151.0,198.0,6.0,2.0,1.0,0.0,225.0,77.0,53.0,0.0,0.0,97.0,261.0,0.0
Kalamazoo,MI,KALAMAZOO,2023-09-20,2023,9,20,Fall,6,42.3,-85.6,358.0,151.0,198.0,6.0,2.0,1.0,0.0,225.0,77.0,53.0,0.0,0.0,97.0,261.0,0.0
Kalamazoo,MI,KALAMAZOO,2023-09-23,2023,9,23,Fall,2,42.3,-85.6,358.0,151.0,198.0,6.0,2.0,1.0,0.0,225.0,77.0,53.0,0.0,0.0,97.0,261.0,0.0
Kalamazoo,MI,KALAMAZOO,2023-09-30,2023,9,30,Fall,2,42.3,-85.6,358.0,151.0,198.0,6.0,2.0,1.0,0.0,225.0,77.0,53.0,0.0,0.0,97.0,261.0,0.0
Karnack,TX,HARRISON,2023-08-03,2023,8,3,Summer,4,32.7,-94.2,359.0,207.0,151.0,1.0,0.0,0.0,0.0,111.0,65.0,47.0,0.0,1.0,136.0,222.0,0.0
Karnack,TX,HARRISON,2023-09-19,2023,9,19,Fall,8,32.7,-94.2,359.0,207.0,151.0,1.0,0.0,0.0,0.0,111.0,65.0,47.0,0.0,1.0,136.0,222.0,0.0
Kasson,MN,DODGE,2023-08-16,2023,8,16,Summer,20,44.0,-92.7,,,,,,,,,,,,,,,
Katy,TX,HARRIS,2023-01-19,2023,1,19,Winter,2,29.9,-95.7,365.0,44.0,273.0,38.0,9.0,1.0,0.0,205.0,121.0,64.0,0.0,1.0,102.0,239.0,23.0
Katy,TX,HARRIS,2023-06-06,2023,6,6,Summer,4,29.8,-95.7,365.0,44.0,273.0,38.0,9.0,1.0,0.0,205.0,121.0,64.0,0.0,1.0,102.0,239.0,23.0
Katy,TX,HARRIS,2023-11-02,2023,11,2,Fall,2,29.7,-95.9,365.0,44.0,273.0,38.0,9.0,1.0,0.0,205.0,121.0,64.0,0.0,1.0,102.0,239.0,23.0
Katy,TX,HARRIS,2023-11-05,2023,11,5,Fall,4,29.7,-95.9,365.0,44.0,273.0,38.0,9.0,1.0,0.0,205.0,121.0,64.0,0.0,1.0,102.0,239.0,23.0
Kaukauna,WI,OUTAGAMIE,2023-05-22,2023,5,22,Spring,2,44.4,-88.2,360.0,195.0,152.0,8.0,5.0,0.0,0.0,186.0,78.0,48.0,0.0,0.0,85.0,275.0,0.0
Kaysville,UT,DAVIS,2023-09-17,2023,9,17,Fall,3,41.0,-111.9,365.0,211.0,141.0,12.0,1.0,0.0,0.0,151.0,84.0,47.0,0.0,22.0,254.0,87.0,2.0
Keene,NY,ESSEX,2023-07-15,2023,7,15,Summer,1,44.3,-73.8,365.0,296.0,59.0,8.0,2.0,0.0,0.0,161.0,60.0,42.0,0.0,0.0,316.0,49.0,0.0
Keeseville,NY,CLINTON,2023-08-30,2023,8,30,Summer,4,44.5,-73.4,,,,,,,,,,,,,,,
Keller,TX,TARRANT,2023-09-04,2023,9,4,Fall,3,32.9,-97.2,365.0,99.0,239.0,23.0,4.0,0.0,0.0,172.0,93.0,57.0,0.0,4.0,122.0,239.0,0.0
Keller,TX,TARRANT,2023-09-24,2023,9,24,Fall,3,32.9,-97.2,365.0,99.0,239.0,23.0,4.0,0.0,0.0,172.0,93.0,57.0,0.0,4.0,122.0,239.0,0.0
Keller,TX,TARRANT,2023-09-29,2023,9,29,Fall,3,32.9,-97.2,365.0,99.0,239.0,23.0,4.0,0.0,0.0,172.0,93.0,57.0,0.0,4.0,122.0,239.0,0.0
Keller,TX,TARRANT,2023-10-09,2023,10,9,Fall,21,32.9,-97.2,365.0,99.0,239.0,23.0,4.0,0.0,0.0,172.0,93.0,57.0,0.0,4.0,122.0,239.0,0.0
Keller,TX,TARRANT,2023-10-25,2023,10,25,Fall,6,32.9,-97.2,365.0,99.0,239.0,23.0,4.0,0.0,0.0,172.0,93.0,57.0,0.0,4.0,122.0,239.0,0.0
Kelleys Island,OH,ERIE,2023-08-05,2023,8,5,Summer,40,41.6,-82.7,,,,,,,,,,,,,,,
Kennebunkport,ME,YORK,2023-08-18,2023,8,18,Summer,2,43.4,-70.5,327.0,303.0,24.0,0.0,0.0,0.0,0.0,84.0,49.0,35.0,0.0,0.0,327.0,0.0,0.0
Kenner,LA,JEFFERSON,2023-12-04,2023,12,4,Winter,3,30.0,-90.3,364.0,181.0,179.0,4.0,0.0,0.0,0.0,126.0,69.0,51.0,0.0,2.0,147.0,215.0,0.0
Kennesaw,GA,COBB,2023-08-26,2023,8,26,Summer,4,34.1,-84.6,323.0,215.0,105.0,3.0,0.0,0.0,0.0,125.0,65.0,43.0,0.0,0.0,183.0,140.0,0.0
Kennesaw,GA,COBB,2023-09-06,2023,9,6,Fall,4,34.0,-84.7,323.0,215.0,105.0,3.0,0.0,0.0,0.0,125.0,65.0,43.0,0.0,0.0,183.0,140.0,0.0
Kennesaw,GA,COBB,2023-09-13,2023,9,13,Fall,4,34.0,-84.6,323.0,215.0,105.0,3.0,0.0,0.0,0.0,125.0,65.0,43.0,0.0,0.0,183.0,140.0,0.0
Kennesaw,GA,COBB,2023-09-30,2023,9,30,Fall,4,34.0,-84.7,323.0,215.0,105.0,3.0,0.0,0.0,0.0,125.0,65.0,43.0,0.0,0.0,183.0,140.0,0.0
Kennesaw,GA,COBB,2023-10-07,2023,10,7,Fall,4,34.1,-84.6,323.0,215.0,105.0,3.0,0.0,0.0,0.0,125.0,65.0,43.0,0.0,0.0,183.0,140.0,0.0
Kenosha,WI,KENOSHA,2023-05-07,2023,5,7,Spring,1,42.5,-87.8,365.0,201.0,139.0,20.0,4.0,1.0,0.0,206.0,87.0,48.0,0.0,0.0,166.0,199.0,0.0
Kenosha,WI,KENOSHA,2023-07-09,2023,7,9,Summer,9,42.6,-87.8,365.0,201.0,139.0,20.0,4.0,1.0,0.0,206.0,87.0,48.0,0.0,0.0,166.0,199.0,0.0
Kenosha,WI,KENOSHA,2023-08-28,2023,8,28,Summer,3,42.5,-87.9,365.0,201.0,139.0,20.0,4.0,1.0,0.0,206.0,87.0,48.0,0.0,0.0,166.0,199.0,0.0
Kenosha,WI,KENOSHA,2023-08-29,2023,8,29,Summer,1,42.5,-87.9,365.0,201.0,139.0,20.0,4.0,1.0,0.0,206.0,87.0,48.0,0.0,0.0,166.0,199.0,0.0
Kenosha,WI,KENOSHA,2023-08-30,2023,8,30,Summer,1,42.5,-87.9,365.0,201.0,139.0,20.0,4.0,1.0,0.0,206.0,87.0,48.0,0.0,0.0,166.0,199.0,0.0
Kenosha,WI,KENOSHA,2023-08-31,2023,8,31,Summer,1,42.5,-87.9,365.0,201.0,139.0,20.0,4.0,1.0,0.0,206.0,87.0,48.0,0.0,0.0,166.0,199.0,0.0
Kenosha,WI,KENOSHA,2023-10-24,2023,10,24,Fall,2,42.6,-87.9,365.0,201.0,139.0,20.0,4.0,1.0,0.0,206.0,87.0,48.0,0.0,0.0,166.0,199.0,0.0
Kettle Falls,WA,STEVENS,2023-07-26,2023,7,26,Summer,1,48.6,-118.1,365.0,204.0,153.0,4.0,2.0,2.0,0.0,271.0,70.0,46.0,0.0,0.0,0.0,353.0,12.0
Key Biscayne,FL,MIAMI-DADE,2023-11-07,2023,11,7,Fall,2,25.7,-80.2,365.0,207.0,155.0,0.0,3.0,0.0,0.0,170.0,63.0,48.0,0.0,17.0,76.0,272.0,0.0
Key West,FL,MONROE,2023-02-23,2023,2,23,Winter,11,24.6,-81.8,,,,,,,,,,,,,,,
Key West,FL,MONROE,2023-02-24,2023,2,24,Winter,11,24.6,-81.8,,,,,,,,,,,,,,,
Key West,FL,MONROE,2023-02-27,2023,2,27,Winter,11,24.6,-81.8,,,,,,,,,,,,,,,
Key West,FL,MONROE,2023-10-16,2023,10,16,Fall,132,24.5,-81.8,,,,,,,,,,,,,,,
Key West,FL,MONROE,2023-10-26,2023,10,26,Fall,66,24.5,-81.8,,,,,,,,,,,,,,,
Key West,FL,MONROE,2023-10-28,2023,10,28,Fall,33,24.5,-81.8,,,,,,,,,,,,,,,
Keyport,NJ,MONMOUTH,2023-08-18,2023,8,18,Summer,4,40.4,-74.2,247.0,210.0,35.0,2.0,0.0,0.0,0.0,140.0,61.0,39.0,0.0,0.0,247.0,0.0,0.0
Keyport,NJ,MONMOUTH,2023-09-04,2023,9,4,Fall,4,40.4,-74.2,247.0,210.0,35.0,2.0,0.0,0.0,0.0,140.0,61.0,39.0,0.0,0.0,247.0,0.0,0.0
Keyport,NJ,MONMOUTH,2023-10-04,2023,10,4,Fall,4,40.4,-74.2,247.0,210.0,35.0,2.0,0.0,0.0,0.0,140.0,61.0,39.0,0.0,0.0,247.0,0.0,0.0
Keystone,SD,PENNINGTON,2023-06-21,2023,6,21,Summer,3,43.9,-103.5,365.0,216.0,140.0,5.0,4.0,0.0,0.0,172.0,70.0,45.0,0.0,8.0,0.0,191.0,166.0
Killeen,TX,BELL,2023-03-09,2023,3,9,Spring,18,31.0,-97.8,365.0,231.0,128.0,6.0,0.0,0.0,0.0,133.0,74.0,44.0,0.0,0.0,246.0,119.0,0.0
Killeen,TX,BELL,2023-03-24,2023,3,24,Spring,3,31.0,-97.8,365.0,231.0,128.0,6.0,0.0,0.0,0.0,133.0,74.0,44.0,0.0,0.0,246.0,119.0,0.0
Killeen,TX,BELL,2023-03-27,2023,3,27,Spring,9,31.0,-97.8,365.0,231.0,128.0,6.0,0.0,0.0,0.0,133.0,74.0,44.0,0.0,0.0,246.0,119.0,0.0
Killeen,TX,BELL,2023-05-14,2023,5,14,Spring,3,31.0,-97.8,365.0,231.0,128.0,6.0,0.0,0.0,0.0,133.0,74.0,44.0,0.0,0.0,246.0,119.0,0.0
Killeen,TX,BELL,2023-05-31,2023,5,31,Spring,3,31.1,-97.7,365.0,231.0,128.0,6.0,0.0,0.0,0.0,133.0,74.0,44.0,0.0,0.0,246.0,119.0,0.0
Killeen,TX,BELL,2023-06-08,2023,6,8,Summer,3,31.0,-97.8,365.0,231.0,128.0,6.0,0.0,0.0,0.0,133.0,74.0,44.0,0.0,0.0,246.0,119.0,0.0
Killeen,TX,BELL,2023-09-14,2023,9,14,Fall,12,31.1,-97.7,365.0,231.0,128.0,6.0,0.0,0.0,0.0,133.0,74.0,44.0,0.0,0.0,246.0,119.0,0.0
Killeen,TX,BELL,2023-09-18,2023,9,18,Fall,9,31.1,-97.7,365.0,231.0,128.0,6.0,0.0,0.0,0.0,133.0,74.0,44.0,0.0,0.0,246.0,119.0,0.0
Killeen,TX,BELL,2023-09-20,2023,9,20,Fall,3,31.1,-97.7,365.0,231.0,128.0,6.0,0.0,0.0,0.0,133.0,74.0,44.0,0.0,0.0,246.0,119.0,0.0
Killeen,TX,BELL,2023-09-21,2023,9,21,Fall,6,31.1,-97.7,365.0,231.0,128.0,6.0,0.0,0.0,0.0,133.0,74.0,44.0,0.0,0.0,246.0,119.0,0.0
Killeen,TX,BELL,2023-10-02,2023,10,2,Fall,3,31.1,-97.7,365.0,231.0,128.0,6.0,0.0,0.0,0.0,133.0,74.0,44.0,0.0,0.0,246.0,119.0,0.0
Killeen,TX,BELL,2023-10-08,2023,10,8,Fall,3,31.0,-97.8,365.0,231.0,128.0,6.0,0.0,0.0,0.0,133.0,74.0,44.0,0.0,0.0,246.0,119.0,0.0
Killeen,TX,BELL,2023-10-13,2023,10,13,Fall,3,31.1,-97.7,365.0,231.0,128.0,6.0,0.0,0.0,0.0,133.0,74.0,44.0,0.0,0.0,246.0,119.0,0.0
Killeen,TX,BELL,2023-10-15,2023,10,15,Fall,3,31.0,-97.8,365.0,231.0,128.0,6.0,0.0,0.0,0.0,133.0,74.0,44.0,0.0,0.0,246.0,119.0,0.0
Killeen,TX,BELL,2023-10-25,2023,10,25,Fall,3,31.0,-97.8,365.0,231.0,128.0,6.0,0.0,0.0,0.0,133.0,74.0,44.0,0.0,0.0,246.0,119.0,0.0
Killeen,TX,BELL,2023-10-27,2023,10,27,Fall,3,31.0,-97.8,365.0,231.0,128.0,6.0,0.0,0.0,0.0,133.0,74.0,44.0,0.0,0.0,246.0,119.0,0.0
Killeen,TX,BELL,2023-11-07,2023,11,7,Fall,3,31.0,-97.8,365.0,231.0,128.0,6.0,0.0,0.0,0.0,133.0,74.0,44.0,0.0,0.0,246.0,119.0,0.0
Killeen,TX,BELL,2023-11-14,2023,11,14,Fall,9,31.1,-97.7,365.0,231.0,128.0,6.0,0.0,0.0,0.0,133.0,74.0,44.0,0.0,0.0,246.0,119.0,0.0
King City,CA,MONTEREY,2023-10-23,2023,10,23,Fall,2,36.2,-121.1,365.0,274.0,90.0,1.0,0.0,0.0,0.0,115.0,55.0,42.0,0.0,0.0,146.0,212.0,7.0
Kingsland,GA,CAMDEN,2023-03-07,2023,3,7,Spring,1,30.8,-81.6,,,,,,,,,,,,,,,
Kingsland,GA,CAMDEN,2023-05-05,2023,5,5,Spring,1,30.8,-81.6,,,,,,,,,,,,,,,
Kingsley,PA,SUSQUEHANNA,2023-08-06,2023,8,6,Summer,4,41.7,-75.7,152.0,126.0,26.0,0.0,0.0,0.0,0.0,64.0,53.0,28.0,0.0,0.0,0.0,152.0,0.0
Kingsley,PA,SUSQUEHANNA,2023-08-15,2023,8,15,Summer,1,41.8,-75.8,152.0,126.0,26.0,0.0,0.0,0.0,0.0,64.0,53.0,28.0,0.0,0.0,0.0,152.0,0.0
Kingsville,TX,KLEBERG,2023-10-23,2023,10,23,Fall,5,27.5,-97.9,329.0,190.0,139.0,0.0,0.0,0.0,0.0,89.0,66.0,44.0,0.0,0.0,0.0,329.0,0.0
Kinsman,OH,TRUMBULL,2023-10-26,2023,10,26,Fall,2,41.5,-80.6,364.0,198.0,158.0,5.0,2.0,1.0,0.0,220.0,76.0,48.0,0.0,0.0,101.0,263.0,0.0
Kissimmee,FL,OSCEOLA,2023-08-04,2023,8,4,Summer,15,28.3,-81.4,356.0,330.0,26.0,0.0,0.0,0.0,0.0,80.0,48.0,36.0,0.0,0.0,356.0,0.0,0.0
Kissimmee,FL,POLK,2023-08-04,2023,8,4,Summer,6,28.3,-81.4,365.0,275.0,89.0,1.0,0.0,0.0,0.0,101.0,58.0,42.0,0.0,0.0,220.0,145.0,0.0
Kittery,ME,YORK,2023-07-14,2023,7,14,Summer,1,43.1,-70.7,327.0,303.0,24.0,0.0,0.0,0.0,0.0,84.0,49.0,35.0,0.0,0.0,327.0,0.0,0.0
Kittery,ME,YORK,2023-08-03,2023,8,3,Summer,5,43.1,-70.7,327.0,303.0,24.0,0.0,0.0,0.0,0.0,84.0,49.0,35.0,0.0,0.0,327.0,0.0,0.0
Knoxville,MD,FREDERICK,2023-08-11,2023,8,11,Summer,2,39.3,-77.7,232.0,167.0,59.0,6.0,0.0,0.0,0.0,136.0,77.0,44.0,0.0,0.0,232.0,0.0,0.0
Knoxville,MD,FREDERICK,2023-08-24,2023,8,24,Summer,2,39.3,-77.7,232.0,167.0,59.0,6.0,0.0,0.0,0.0,136.0,77.0,44.0,0.0,0.0,232.0,0.0,0.0
Knoxville,TN,KNOX,2023-08-08,2023,8,8,Summer,17,35.9,-84.1,365.0,162.0,199.0,4.0,0.0,0.0,0.0,149.0,68.0,52.0,0.0,0.0,79.0,286.0,0.0
Knoxville,TN,KNOX,2023-08-25,2023,8,25,Summer,17,35.9,-84.1,365.0,162.0,199.0,4.0,0.0,0.0,0.0,149.0,68.0,52.0,0.0,0.0,79.0,286.0,0.0
Knoxville,TN,KNOX,2023-09-17,2023,9,17,Fall,17,36.1,-84.0,365.0,162.0,199.0,4.0,0.0,0.0,0.0,149.0,68.0,52.0,0.0,0.0,79.0,286.0,0.0
Knoxville,TN,KNOX,2023-09-20,2023,9,20,Fall,17,36.1,-83.9,365.0,162.0,199.0,4.0,0.0,0.0,0.0,149.0,68.0,52.0,0.0,0.0,79.0,286.0,0.0
Knoxville,TN,KNOX,2023-10-26,2023,10,26,Fall,17,35.9,-84.1,365.0,162.0,199.0,4.0,0.0,0.0,0.0,149.0,68.0,52.0,0.0,0.0,79.0,286.0,0.0
Knoxville,TN,KNOX,2023-10-29,2023,10,29,Fall,34,35.9,-84.1,365.0,162.0,199.0,4.0,0.0,0.0,0.0,149.0,68.0,52.0,0.0,0.0,79.0,286.0,0.0
Kohler,WI,SHEBOYGAN,2023-07-30,2023,7,30,Summer,3,43.7,-87.8,203.0,132.0,53.0,16.0,1.0,1.0,0.0,207.0,100.0,45.0,0.0,0.0,203.0,0.0,0.0
Kohler,WI,SHEBOYGAN,2023-08-02,2023,8,2,Summer,1,43.7,-87.8,203.0,132.0,53.0,16.0,1.0,1.0,0.0,207.0,100.0,45.0,0.0,0.0,203.0,0.0,0.0
Kokomo,IN,HOWARD,2023-08-27,2023,8,27,Summer,1,40.5,-86.2,365.0,234.0,119.0,10.0,2.0,0.0,0.0,199.0,67.0,45.0,0.0,0.0,184.0,181.0,0.0
Krum,TX,DENTON,2023-09-27,2023,9,27,Fall,3,33.2,-97.3,365.0,200.0,133.0,27.0,5.0,0.0,0.0,177.0,93.0,49.0,0.0,2.0,247.0,116.0,0.0
Krum,TX,DENTON,2023-10-04,2023,10,4,Fall,2,33.2,-97.3,365.0,200.0,133.0,27.0,5.0,0.0,0.0,177.0,93.0,49.0,0.0,2.0,247.0,116.0,0.0
Krum,TX,DENTON,2023-10-11,2023,10,11,Fall,8,33.2,-97.3,365.0,200.0,133.0,27.0,5.0,0.0,0.0,177.0,93.0,49.0,0.0,2.0,247.0,116.0,0.0
Krum,TX,DENTON,2023-10-14,2023,10,14,Fall,8,33.2,-97.3,365.0,200.0,133.0,27.0,5.0,0.0,0.0,177.0,93.0,49.0,0.0,2.0,247.0,116.0,0.0
Krum,TX,DENTON,2023-10-17,2023,10,17,Fall,6,33.2,-97.3,365.0,200.0,133.0,27.0,5.0,0.0,0.0,177.0,93.0,49.0,0.0,2.0,247.0,116.0,0.0
Krum,TX,DENTON,2023-10-20,2023,10,20,Fall,6,33.2,-97.3,365.0,200.0,133.0,27.0,5.0,0.0,0.0,177.0,93.0,49.0,0.0,2.0,247.0,116.0,0.0
Krum,TX,DENTON,2023-10-23,2023,10,23,Fall,2,33.2,-97.3,365.0,200.0,133.0,27.0,5.0,0.0,0.0,177.0,93.0,49.0,0.0,2.0,247.0,116.0,0.0
Kurten,TX,BRAZOS,2023-03-23,2023,3,23,Spring,1,30.8,-96.3,348.0,233.0,115.0,0.0,0.0,0.0,0.0,79.0,60.0,39.0,0.0,0.0,0.0,348.0,0.0
Kurten,TX,BRAZOS,2023-03-29,2023,3,29,Spring,1,30.8,-96.3,348.0,233.0,115.0,0.0,0.0,0.0,0.0,79.0,60.0,39.0,0.0,0.0,0.0,348.0,0.0
Kurten,TX,BRAZOS,2023-04-03,2023,4,3,Spring,1,30.8,-96.3,348.0,233.0,115.0,0.0,0.0,0.0,0.0,79.0,60.0,39.0,0.0,0.0,0.0,348.0,0.0
La Crescent,MN,HOUSTON,2023-08-02,2023,8,2,Summer,4,43.8,-91.3,,,,,,,,,,,,,,,
La Crescent,MN,HOUSTON,2023-08-03,2023,8,3,Summer,8,43.8,-91.3,,,,,,,,,,,,,,,
La Crescent,MN,HOUSTON,2023-08-05,2023,8,5,Summer,4,43.8,-91.3,,,,,,,,,,,,,,,
La Crosse,WI,LA CROSSE,2023-07-30,2023,7,30,Summer,18,43.7,-91.2,339.0,199.0,130.0,5.0,5.0,0.0,0.0,181.0,80.0,45.0,0.0,0.0,119.0,220.0,0.0
La Crosse,WI,LA CROSSE,2023-08-02,2023,8,2,Summer,18,43.8,-91.3,339.0,199.0,130.0,5.0,5.0,0.0,0.0,181.0,80.0,45.0,0.0,0.0,119.0,220.0,0.0
La Crosse,WI,LA CROSSE,2023-08-06,2023,8,6,Summer,6,43.8,-91.1,339.0,199.0,130.0,5.0,5.0,0.0,0.0,181.0,80.0,45.0,0.0,0.0,119.0,220.0,0.0
La Grange,TX,FAYETTE,2023-03-06,2023,3,6,Spring,9,29.9,-96.9,,,,,,,,,,,,,,,
La Mesa,CA,SAN DIEGO,2023-05-30,2023,5,30,Spring,1,32.8,-117.0,365.0,61.0,260.0,44.0,0.0,0.0,0.0,150.0,101.0,67.0,0.0,1.0,185.0,151.0,28.0
La Mesa,CA,SAN DIEGO,2023-07-30,2023,7,30,Summer,2,32.8,-117.0,365.0,61.0,260.0,44.0,0.0,0.0,0.0,150.0,101.0,67.0,0.0,1.0,185.0,151.0,28.0
La Mesa,CA,SAN DIEGO,2023-08-03,2023,8,3,Summer,1,32.8,-117.0,365.0,61.0,260.0,44.0,0.0,0.0,0.0,150.0,101.0,67.0,0.0,1.0,185.0,151.0,28.0
La Mesa,CA,SAN DIEGO,2023-10-11,2023,10,11,Fall,1,32.8,-117.0,365.0,61.0,260.0,44.0,0.0,0.0,0.0,150.0,101.0,67.0,0.0,1.0,185.0,151.0,28.0
La Mesa,CA,SAN DIEGO,2023-11-12,2023,11,12,Fall,1,32.8,-117.0,365.0,61.0,260.0,44.0,0.0,0.0,0.0,150.0,101.0,67.0,0.0,1.0,185.0,151.0,28.0
La Pointe,WI,ASHLAND,2023-07-25,2023,7,25,Summer,2,46.8,-90.8,365.0,272.0,87.0,6.0,0.0,0.0,0.0,115.0,64.0,40.0,0.0,0.0,209.0,156.0,0.0
La Porte,TX,HARRIS,2023-07-30,2023,7,30,Summer,10,29.7,-95.1,365.0,44.0,273.0,38.0,9.0,1.0,0.0,205.0,121.0,64.0,0.0,1.0,102.0,239.0,23.0
La Porte,TX,HARRIS,2023-08-05,2023,8,5,Summer,5,29.7,-95.1,365.0,44.0,273.0,38.0,9.0,1.0,0.0,205.0,121.0,64.0,0.0,1.0,102.0,239.0,23.0
La Porte,TX,HARRIS,2023-10-14,2023,10,14,Fall,5,29.7,-95.0,365.0,44.0,273.0,38.0,9.0,1.0,0.0,205.0,121.0,64.0,0.0,1.0,102.0,239.0,23.0
La Quinta,CA,RIVERSIDE,2023-01-25,2023,1,25,Winter,1,33.6,-116.2,365.0,62.0,189.0,73.0,31.0,6.0,4.0,660.0,154.0,77.0,0.0,1.0,202.0,101.0,61.0
La Quinta,CA,RIVERSIDE,2023-02-10,2023,2,10,Winter,1,33.6,-116.3,365.0,62.0,189.0,73.0,31.0,6.0,4.0,660.0,154.0,77.0,0.0,1.0,202.0,101.0,61.0
La Quinta,CA,RIVERSIDE,2023-10-11,2023,10,11,Fall,3,33.7,-116.3,365.0,62.0,189.0,73.0,31.0,6.0,4.0,660.0,154.0,77.0,0.0,1.0,202.0,101.0,61.0
La Russell,MO,LAWRENCE,2023-05-23,2023,5,23,Spring,2,37.2,-94.0,,,,,,,,,,,,,,,
La Verne,CA,LOS ANGELES,2023-07-08,2023,7,8,Summer,1,34.1,-117.8,365.0,41.0,237.0,52.0,32.0,3.0,0.0,210.0,147.0,67.0,0.0,5.0,150.0,203.0,7.0
Lacombe,LA,SAINT TAMMANY,2023-01-17,2023,1,17,Winter,1,30.3,-89.9,365.0,248.0,116.0,1.0,0.0,0.0,0.0,105.0,61.0,42.0,0.0,0.0,199.0,166.0,0.0
Lacombe,LA,SAINT TAMMANY,2023-07-29,2023,7,29,Summer,1,30.3,-89.9,365.0,248.0,116.0,1.0,0.0,0.0,0.0,105.0,61.0,42.0,0.0,0.0,199.0,166.0,0.0
Lacombe,LA,SAINT TAMMANY,2023-07-31,2023,7,31,Summer,1,30.3,-89.9,365.0,248.0,116.0,1.0,0.0,0.0,0.0,105.0,61.0,42.0,0.0,0.0,199.0,166.0,0.0
Ladoga,IN,MONTGOMERY,2023-11-02,2023,11,2,Fall,1,39.9,-86.7,,,,,,,,,,,,,,,
Lady Lake,FL,LAKE,2023-02-09,2023,2,9,Winter,2,28.9,-81.9,364.0,337.0,27.0,0.0,0.0,0.0,0.0,97.0,49.0,37.0,0.0,0.0,364.0,0.0,0.0
Lady Lake,FL,LAKE,2023-10-10,2023,10,10,Fall,2,28.9,-81.9,364.0,337.0,27.0,0.0,0.0,0.0,0.0,97.0,49.0,37.0,0.0,0.0,364.0,0.0,0.0
Lafayette,CA,CONTRA COSTA,2023-08-25,2023,8,25,Summer,1,37.9,-122.1,365.0,172.0,191.0,2.0,0.0,0.0,0.0,110.0,64.0,52.0,0.0,1.0,93.0,271.0,0.0
Lafayette,LA,LAFAYETTE,2023-03-28,2023,3,28,Spring,3,30.2,-92.1,365.0,211.0,153.0,1.0,0.0,0.0,0.0,112.0,64.0,47.0,0.0,0.0,186.0,177.0,2.0
Lafayette,LA,LAFAYETTE,2023-07-31,2023,7,31,Summer,6,30.2,-92.0,365.0,211.0,153.0,1.0,0.0,0.0,0.0,112.0,64.0,47.0,0.0,0.0,186.0,177.0,2.0
Lafayette,LA,LAFAYETTE,2023-10-23,2023,10,23,Fall,3,30.2,-92.1,365.0,211.0,153.0,1.0,0.0,0.0,0.0,112.0,64.0,47.0,0.0,0.0,186.0,177.0,2.0
Lafayette Hill,PA,MONTGOMERY,2023-07-30,2023,7,30,Summer,6,40.1,-75.3,365.0,232.0,127.0,1.0,3.0,2.0,0.0,284.0,67.0,44.0,0.0,0.0,144.0,221.0,0.0
Lafayette Hill,PA,MONTGOMERY,2023-08-01,2023,8,1,Summer,3,40.1,-75.3,365.0,232.0,127.0,1.0,3.0,2.0,0.0,284.0,67.0,44.0,0.0,0.0,144.0,221.0,0.0
Laguna Beach,CA,ORANGE,2023-07-28,2023,7,28,Summer,6,33.5,-117.7,365.0,160.0,195.0,9.0,1.0,0.0,0.0,166.0,77.0,52.0,0.0,14.0,142.0,204.0,5.0
Laguna Niguel,CA,ORANGE,2023-02-09,2023,2,9,Winter,2,33.6,-117.7,365.0,160.0,195.0,9.0,1.0,0.0,0.0,166.0,77.0,52.0,0.0,14.0,142.0,204.0,5.0
Laguna Niguel,CA,ORANGE,2023-08-15,2023,8,15,Summer,22,33.5,-117.7,365.0,160.0,195.0,9.0,1.0,0.0,0.0,166.0,77.0,52.0,0.0,14.0,142.0,204.0,5.0
Laguna Niguel,CA,ORANGE,2023-09-01,2023,9,1,Fall,6,33.5,-117.7,365.0,160.0,195.0,9.0,1.0,0.0,0.0,166.0,77.0,52.0,0.0,14.0,142.0,204.0,5.0
Laguna Niguel,CA,ORANGE,2023-11-22,2023,11,22,Fall,2,33.6,-117.7,365.0,160.0,195.0,9.0,1.0,0.0,0.0,166.0,77.0,52.0,0.0,14.0,142.0,204.0,5.0
Lake Bluff,IL,LAKE,2023-06-03,2023,6,3,Summer,3,42.3,-87.9,243.0,182.0,47.0,13.0,1.0,0.0,0.0,179.0,84.0,42.0,0.0,0.0,243.0,0.0,0.0
Lake Bluff,IL,LAKE,2023-08-03,2023,8,3,Summer,9,42.3,-87.9,243.0,182.0,47.0,13.0,1.0,0.0,0.0,179.0,84.0,42.0,0.0,0.0,243.0,0.0,0.0
Lake Forest,IL,LAKE,2023-09-13,2023,9,13,Fall,4,42.2,-87.8,243.0,182.0,47.0,13.0,1.0,0.0,0.0,179.0,84.0,42.0,0.0,0.0,243.0,0.0,0.0
Lake George,NY,WARREN,2023-07-15,2023,7,15,Summer,2,43.4,-73.7,,,,,,,,,,,,,,,
Lake George,NY,WARREN,2023-09-14,2023,9,14,Fall,10,43.4,-73.7,,,,,,,,,,,,,,,
Lake Havasu City,AZ,MOHAVE,2023-04-24,2023,4,24,Spring,3,34.5,-114.3,353.0,344.0,9.0,0.0,0.0,0.0,0.0,99.0,27.0,15.0,0.0,0.0,0.0,0.0,353.0
Lake Havasu City,AZ,MOHAVE,2023-10-08,2023,10,8,Fall,3,34.5,-114.3,353.0,344.0,9.0,0.0,0.0,0.0,0.0,99.0,27.0,15.0,0.0,0.0,0.0,0.0,353.0
Lake Havasu City,AZ,MOHAVE,2023-10-31,2023,10,31,Fall,6,34.5,-114.4,353.0,344.0,9.0,0.0,0.0,0.0,0.0,99.0,27.0,15.0,0.0,0.0,0.0,0.0,353.0
Lake Jackson,TX,BRAZORIA,2023-11-18,2023,11,18,Fall,2,29.1,-95.4,365.0,301.0,47.0,16.0,1.0,0.0,0.0,156.0,67.0,36.0,0.0,7.0,336.0,22.0,0.0
Lake Park,MN,BECKER,2023-07-29,2023,7,29,Summer,1,46.7,-96.1,365.0,224.0,133.0,6.0,2.0,0.0,0.0,173.0,73.0,44.0,0.0,0.0,121.0,244.0,0.0
Lake Park,MN,BECKER,2023-08-06,2023,8,6,Summer,2,46.7,-96.1,365.0,224.0,133.0,6.0,2.0,0.0,0.0,173.0,73.0,44.0,0.0,0.0,121.0,244.0,0.0
Lake Park,MN,BECKER,2023-09-01,2023,9,1,Fall,1,46.7,-96.1,365.0,224.0,133.0,6.0,2.0,0.0,0.0,173.0,73.0,44.0,0.0,0.0,121.0,244.0,0.0
Lake Park,MN,BECKER,2023-10-02,2023,10,2,Fall,1,46.7,-96.1,365.0,224.0,133.0,6.0,2.0,0.0,0.0,173.0,73.0,44.0,0.0,0.0,121.0,244.0,0.0
Lake Villa,IL,LAKE,2023-06-29,2023,6,29,Summer,8,42.4,-88.0,243.0,182.0,47.0,13.0,1.0,0.0,0.0,179.0,84.0,42.0,0.0,0.0,243.0,0.0,0.0
Lake Worth,FL,PALM BEACH,2023-01-20,2023,1,20,Winter,22,26.6,-80.1,365.0,260.0,104.0,1.0,0.0,0.0,0.0,122.0,58.0,43.0,0.0,0.0,123.0,242.0,0.0
Lakeland,FL,POLK,2023-07-29,2023,7,29,Summer,8,28.0,-82.0,365.0,275.0,89.0,1.0,0.0,0.0,0.0,101.0,58.0,42.0,0.0,0.0,220.0,145.0,0.0
Lakeland,FL,POLK,2023-08-03,2023,8,3,Summer,6,28.0,-82.0,365.0,275.0,89.0,1.0,0.0,0.0,0.0,101.0,58.0,42.0,0.0,0.0,220.0,145.0,0.0
Lakeport,CA,LAKE,2023-08-15,2023,8,15,Summer,3,39.1,-122.9,363.0,357.0,6.0,0.0,0.0,0.0,0.0,67.0,39.0,32.0,0.0,0.0,353.0,10.0,0.0
Lakeside Marblehead,OH,OTTAWA,2023-09-02,2023,9,2,Fall,30,41.5,-82.7,,,,,,,,,,,,,,,
Lakeville,MN,DAKOTA,2023-06-20,2023,6,20,Summer,3,44.6,-93.3,365.0,184.0,171.0,7.0,3.0,0.0,0.0,185.0,73.0,49.0,0.0,10.0,0.0,355.0,0.0
Lakeville,MN,DAKOTA,2023-06-28,2023,6,28,Summer,3,44.7,-93.2,365.0,184.0,171.0,7.0,3.0,0.0,0.0,185.0,73.0,49.0,0.0,10.0,0.0,355.0,0.0
Lakeville,MN,DAKOTA,2023-06-29,2023,6,29,Summer,3,44.7,-93.3,365.0,184.0,171.0,7.0,3.0,0.0,0.0,185.0,73.0,49.0,0.0,10.0,0.0,355.0,0.0
Lakeville,MN,DAKOTA,2023-07-25,2023,7,25,Summer,3,44.7,-93.3,365.0,184.0,171.0,7.0,3.0,0.0,0.0,185.0,73.0,49.0,0.0,10.0,0.0,355.0,0.0
Lakeville,MN,DAKOTA,2023-07-27,2023,7,27,Summer,9,44.7,-93.3,365.0,184.0,171.0,7.0,3.0,0.0,0.0,185.0,73.0,49.0,0.0,10.0,0.0,355.0,0.0
Lakeville,MN,DAKOTA,2023-08-01,2023,8,1,Summer,18,44.7,-93.2,365.0,184.0,171.0,7.0,3.0,0.0,0.0,185.0,73.0,49.0,0.0,10.0,0.0,355.0,0.0
Lakeville,MN,DAKOTA,2023-08-03,2023,8,3,Summer,6,44.6,-93.3,365.0,184.0,171.0,7.0,3.0,0.0,0.0,185.0,73.0,49.0,0.0,10.0,0.0,355.0,0.0
Lakeville,MN,DAKOTA,2023-08-16,2023,8,16,Summer,6,44.6,-93.3,365.0,184.0,171.0,7.0,3.0,0.0,0.0,185.0,73.0,49.0,0.0,10.0,0.0,355.0,0.0
Lakeville,MN,DAKOTA,2023-08-20,2023,8,20,Summer,15,44.7,-93.3,365.0,184.0,171.0,7.0,3.0,0.0,0.0,185.0,73.0,49.0,0.0,10.0,0.0,355.0,0.0
Lakeville,MN,DAKOTA,2023-09-02,2023,9,2,Fall,24,44.7,-93.3,365.0,184.0,171.0,7.0,3.0,0.0,0.0,185.0,73.0,49.0,0.0,10.0,0.0,355.0,0.0
Lakeville,MN,DAKOTA,2023-09-03,2023,9,3,Fall,42,44.7,-93.3,365.0,184.0,171.0,7.0,3.0,0.0,0.0,185.0,73.0,49.0,0.0,10.0,0.0,355.0,0.0
Lakeville,MN,DAKOTA,2023-09-24,2023,9,24,Fall,9,44.7,-93.3,365.0,184.0,171.0,7.0,3.0,0.0,0.0,185.0,73.0,49.0,0.0,10.0,0.0,355.0,0.0
Lakeville,MN,DAKOTA,2023-09-30,2023,9,30,Fall,15,44.7,-93.2,365.0,184.0,171.0,7.0,3.0,0.0,0.0,185.0,73.0,49.0,0.0,10.0,0.0,355.0,0.0
Lakeville,MN,DAKOTA,2023-10-02,2023,10,2,Fall,12,44.7,-93.3,365.0,184.0,171.0,7.0,3.0,0.0,0.0,185.0,73.0,49.0,0.0,10.0,0.0,355.0,0.0
Lakewood,OH,CUYAHOGA,2023-07-18,2023,7,18,Summer,3,41.5,-81.8,365.0,117.0,235.0,9.0,3.0,1.0,0.0,234.0,83.0,57.0,2.0,0.0,83.0,276.0,4.0
Lakewood,OH,CUYAHOGA,2023-07-19,2023,7,19,Summer,6,41.5,-81.8,365.0,117.0,235.0,9.0,3.0,1.0,0.0,234.0,83.0,57.0,2.0,0.0,83.0,276.0,4.0
Lakewood,OH,CUYAHOGA,2023-07-31,2023,7,31,Summer,6,41.5,-81.8,365.0,117.0,235.0,9.0,3.0,1.0,0.0,234.0,83.0,57.0,2.0,0.0,83.0,276.0,4.0
Lakewood,OH,CUYAHOGA,2023-08-06,2023,8,6,Summer,3,41.5,-81.8,365.0,117.0,235.0,9.0,3.0,1.0,0.0,234.0,83.0,57.0,2.0,0.0,83.0,276.0,4.0
Lakewood,OH,CUYAHOGA,2023-08-09,2023,8,9,Summer,6,41.5,-81.8,365.0,117.0,235.0,9.0,3.0,1.0,0.0,234.0,83.0,57.0,2.0,0.0,83.0,276.0,4.0
Lakewood,OH,CUYAHOGA,2023-08-14,2023,8,14,Summer,6,41.5,-81.8,365.0,117.0,235.0,9.0,3.0,1.0,0.0,234.0,83.0,57.0,2.0,0.0,83.0,276.0,4.0
Lakewood,OH,CUYAHOGA,2023-08-15,2023,8,15,Summer,3,41.5,-81.8,365.0,117.0,235.0,9.0,3.0,1.0,0.0,234.0,83.0,57.0,2.0,0.0,83.0,276.0,4.0
Lakewood,OH,CUYAHOGA,2023-08-16,2023,8,16,Summer,12,41.5,-81.8,365.0,117.0,235.0,9.0,3.0,1.0,0.0,234.0,83.0,57.0,2.0,0.0,83.0,276.0,4.0
Lakewood,OH,CUYAHOGA,2023-08-22,2023,8,22,Summer,3,41.5,-81.8,365.0,117.0,235.0,9.0,3.0,1.0,0.0,234.0,83.0,57.0,2.0,0.0,83.0,276.0,4.0
Lakewood,OH,CUYAHOGA,2023-08-24,2023,8,24,Summer,6,41.5,-81.8,365.0,117.0,235.0,9.0,3.0,1.0,0.0,234.0,83.0,57.0,2.0,0.0,83.0,276.0,4.0
Lakewood,OH,CUYAHOGA,2023-08-29,2023,8,29,Summer,6,41.5,-81.8,365.0,117.0,235.0,9.0,3.0,1.0,0.0,234.0,83.0,57.0,2.0,0.0,83.0,276.0,4.0
Lakewood,OH,CUYAHOGA,2023-08-31,2023,8,31,Summer,12,41.5,-81.8,365.0,117.0,235.0,9.0,3.0,1.0,0.0,234.0,83.0,57.0,2.0,0.0,83.0,276.0,4.0
Lakewood,OH,CUYAHOGA,2023-09-11,2023,9,11,Fall,30,41.5,-81.8,365.0,117.0,235.0,9.0,3.0,1.0,0.0,234.0,83.0,57.0,2.0,0.0,83.0,276.0,4.0
Lakewood,OH,CUYAHOGA,2023-10-11,2023,10,11,Fall,6,41.5,-81.8,365.0,117.0,235.0,9.0,3.0,1.0,0.0,234.0,83.0,57.0,2.0,0.0,83.0,276.0,4.0
Lancaster,PA,LANCASTER,2023-07-06,2023,7,6,Summer,42,40.0,-76.3,365.0,108.0,243.0,9.0,3.0,1.0,1.0,321.0,85.0,58.0,0.0,0.0,61.0,304.0,0.0
Lancaster,PA,LANCASTER,2023-08-01,2023,8,1,Summer,42,40.0,-76.3,365.0,108.0,243.0,9.0,3.0,1.0,1.0,321.0,85.0,58.0,0.0,0.0,61.0,304.0,0.0
Lancaster,PA,LANCASTER,2023-08-05,2023,8,5,Summer,126,40.0,-76.2,365.0,108.0,243.0,9.0,3.0,1.0,1.0,321.0,85.0,58.0,0.0,0.0,61.0,304.0,0.0
Lancaster,PA,LANCASTER,2023-09-20,2023,9,20,Fall,21,40.0,-76.3,365.0,108.0,243.0,9.0,3.0,1.0,1.0,321.0,85.0,58.0,0.0,0.0,61.0,304.0,0.0
Lancaster,PA,LANCASTER,2023-09-27,2023,9,27,Fall,42,40.0,-76.3,365.0,108.0,243.0,9.0,3.0,1.0,1.0,321.0,85.0,58.0,0.0,0.0,61.0,304.0,0.0
Lancaster,PA,LANCASTER,2023-10-01,2023,10,1,Fall,21,40.0,-76.3,365.0,108.0,243.0,9.0,3.0,1.0,1.0,321.0,85.0,58.0,0.0,0.0,61.0,304.0,0.0
Land O' Lakes,FL,PASCO,2023-08-01,2023,8,1,Summer,8,28.2,-82.5,365.0,323.0,42.0,0.0,0.0,0.0,0.0,97.0,51.0,39.0,0.0,0.0,365.0,0.0,0.0
Land O' Lakes,WI,VILAS,2023-08-31,2023,8,31,Summer,3,46.1,-89.3,340.0,247.0,81.0,10.0,2.0,0.0,0.0,168.0,75.0,39.0,0.0,0.0,123.0,217.0,0.0
Landisburg,PA,PERRY,2023-10-28,2023,10,28,Fall,4,40.3,-77.3,,,,,,,,,,,,,,,
Langhorne,PA,BUCKS,2023-08-01,2023,8,1,Summer,20,40.2,-74.9,296.0,241.0,50.0,4.0,1.0,0.0,0.0,200.0,71.0,39.0,0.0,0.0,296.0,0.0,0.0
Lansing,MI,CLINTON,2023-09-05,2023,9,5,Fall,1,42.7,-84.6,240.0,206.0,31.0,3.0,0.0,0.0,0.0,136.0,61.0,38.0,0.0,0.0,240.0,0.0,0.0
Lansing,MI,CLINTON,2023-09-12,2023,9,12,Fall,1,42.7,-84.6,240.0,206.0,31.0,3.0,0.0,0.0,0.0,136.0,61.0,38.0,0.0,0.0,240.0,0.0,0.0
Lansing,MI,CLINTON,2023-09-21,2023,9,21,Fall,1,42.7,-84.6,240.0,206.0,31.0,3.0,0.0,0.0,0.0,136.0,61.0,38.0,0.0,0.0,240.0,0.0,0.0
Lansing,MI,INGHAM,2023-09-05,2023,9,5,Fall,11,42.7,-84.6,363.0,229.0,123.0,7.0,4.0,0.0,0.0,194.0,73.0,43.0,0.0,2.0,178.0,183.0,0.0
Lansing,MI,INGHAM,2023-09-12,2023,9,12,Fall,11,42.7,-84.6,363.0,229.0,123.0,7.0,4.0,0.0,0.0,194.0,73.0,43.0,0.0,2.0,178.0,183.0,0.0
Lansing,MI,INGHAM,2023-09-21,2023,9,21,Fall,11,42.7,-84.6,363.0,229.0,123.0,7.0,4.0,0.0,0.0,194.0,73.0,43.0,0.0,2.0,178.0,183.0,0.0
Larkspur,CO,DOUGLAS,2023-09-27,2023,9,27,Fall,3,39.2,-104.8,364.0,200.0,149.0,14.0,1.0,0.0,0.0,177.0,84.0,49.0,0.0,0.0,316.0,48.0,0.0
Las Cruces,NM,DONA ANA,2023-08-16,2023,8,16,Summer,3,32.3,-106.8,365.0,162.0,189.0,11.0,3.0,0.0,0.0,196.0,87.0,52.0,0.0,9.0,210.0,81.0,65.0
Las Cruces,NM,DONA ANA,2023-09-16,2023,9,16,Fall,6,32.3,-106.8,365.0,162.0,189.0,11.0,3.0,0.0,0.0,196.0,87.0,52.0,0.0,9.0,210.0,81.0,65.0
Las Vegas,NV,CLARK,2023-02-07,2023,2,7,Winter,52,36.1,-115.1,365.0,106.0,233.0,25.0,1.0,0.0,0.0,197.0,100.0,61.0,0.0,1.0,247.0,101.0,16.0
Las Vegas,NV,CLARK,2023-11-03,2023,11,3,Fall,26,36.2,-115.3,365.0,106.0,233.0,25.0,1.0,0.0,0.0,197.0,100.0,61.0,0.0,1.0,247.0,101.0,16.0
Latham,NY,ALBANY,2023-10-05,2023,10,5,Fall,3,42.7,-73.8,365.0,245.0,113.0,4.0,3.0,0.0,0.0,186.0,62.0,42.0,0.0,0.0,115.0,250.0,0.0
Lawrence,KS,DOUGLAS,2023-07-29,2023,7,29,Summer,8,39.0,-95.2,,,,,,,,,,,,,,,
Lawrence,KS,DOUGLAS,2023-08-27,2023,8,27,Summer,20,39.0,-95.2,,,,,,,,,,,,,,,
Lawrence,KS,DOUGLAS,2023-09-03,2023,9,3,Fall,4,39.0,-95.2,,,,,,,,,,,,,,,
Lawrence Township,NJ,MERCER,2023-07-31,2023,7,31,Summer,5,40.3,-74.7,365.0,194.0,160.0,6.0,4.0,1.0,0.0,244.0,70.0,49.0,0.0,0.0,123.0,242.0,0.0
Lawrenceville,GA,GWINNETT,2023-05-15,2023,5,15,Spring,1,33.9,-84.1,365.0,186.0,172.0,7.0,0.0,0.0,0.0,140.0,74.0,50.0,0.0,0.0,115.0,250.0,0.0
Lawrenceville,GA,GWINNETT,2023-08-25,2023,8,25,Summer,1,34.0,-83.9,365.0,186.0,172.0,7.0,0.0,0.0,0.0,140.0,74.0,50.0,0.0,0.0,115.0,250.0,0.0
Lawrenceville,GA,GWINNETT,2023-08-28,2023,8,28,Summer,1,34.0,-83.9,365.0,186.0,172.0,7.0,0.0,0.0,0.0,140.0,74.0,50.0,0.0,0.0,115.0,250.0,0.0
Lawrenceville,GA,GWINNETT,2023-09-04,2023,9,4,Fall,1,34.0,-83.9,365.0,186.0,172.0,7.0,0.0,0.0,0.0,140.0,74.0,50.0,0.0,0.0,115.0,250.0,0.0
Lawrenceville,GA,GWINNETT,2023-09-07,2023,9,7,Fall,1,34.0,-84.0,365.0,186.0,172.0,7.0,0.0,0.0,0.0,140.0,74.0,50.0,0.0,0.0,115.0,250.0,0.0
Lawrenceville,GA,GWINNETT,2023-09-24,2023,9,24,Fall,1,34.0,-83.9,365.0,186.0,172.0,7.0,0.0,0.0,0.0,140.0,74.0,50.0,0.0,0.0,115.0,250.0,0.0
Lawton,OK,COMANCHE,2023-04-04,2023,4,4,Spring,2,34.6,-98.3,357.0,216.0,137.0,4.0,0.0,0.0,0.0,126.0,71.0,46.0,0.0,0.0,183.0,174.0,0.0
Lawton,OK,COMANCHE,2023-08-23,2023,8,23,Summer,1,34.6,-98.4,357.0,216.0,137.0,4.0,0.0,0.0,0.0,126.0,71.0,46.0,0.0,0.0,183.0,174.0,0.0
Layton,UT,DAVIS,2023-07-31,2023,7,31,Summer,3,41.1,-112.0,365.0,211.0,141.0,12.0,1.0,0.0,0.0,151.0,84.0,47.0,0.0,22.0,254.0,87.0,2.0
Le Claire,IA,SCOTT,2023-08-02,2023,8,2,Summer,4,41.6,-90.3,365.0,142.0,200.0,19.0,3.0,1.0,0.0,219.0,77.0,53.0,0.0,0.0,113.0,225.0,27.0
Le Claire,IA,SCOTT,2023-08-29,2023,8,29,Summer,4,41.6,-90.3,365.0,142.0,200.0,19.0,3.0,1.0,0.0,219.0,77.0,53.0,0.0,0.0,113.0,225.0,27.0
Le Grand,CA,MERCED,2023-08-16,2023,8,16,Summer,1,37.2,-120.2,365.0,171.0,179.0,15.0,0.0,0.0,0.0,129.0,87.0,51.0,0.0,0.0,220.0,131.0,14.0
Le Roy,NY,GENESEE,2023-09-28,2023,9,28,Fall,2,43.0,-78.0,,,,,,,,,,,,,,,
League City,TX,GALVESTON,2023-09-03,2023,9,3,Fall,1,29.5,-95.1,362.0,177.0,164.0,19.0,2.0,0.0,0.0,159.0,74.0,51.0,0.0,5.0,170.0,187.0,0.0
League City,TX,GALVESTON,2023-11-20,2023,11,20,Fall,2,29.5,-95.1,362.0,177.0,164.0,19.0,2.0,0.0,0.0,159.0,74.0,51.0,0.0,5.0,170.0,187.0,0.0
Leander,TX,TRAVIS,2023-11-14,2023,11,14,Fall,16,30.6,-97.8,365.0,147.0,207.0,11.0,0.0,0.0,0.0,122.0,79.0,54.0,0.0,4.0,107.0,254.0,0.0
Leander,TX,WILLIAMSON,2023-11-14,2023,11,14,Fall,12,30.6,-97.8,,,,,,,,,,,,,,,
Leawood,KS,JOHNSON,2023-10-21,2023,10,21,Fall,7,38.9,-94.6,365.0,189.0,166.0,7.0,3.0,0.0,0.0,165.0,70.0,49.0,0.0,0.0,148.0,210.0,7.0
Lebanon,OH,WARREN,2023-10-08,2023,10,8,Fall,8,39.4,-84.2,364.0,230.0,127.0,5.0,2.0,0.0,0.0,183.0,72.0,44.0,0.0,0.0,162.0,202.0,0.0
Lebanon,PA,LEBANON,2023-09-14,2023,9,14,Fall,22,40.3,-76.4,365.0,204.0,151.0,5.0,3.0,2.0,0.0,265.0,74.0,47.0,0.0,0.0,127.0,238.0,0.0
Lebanon,PA,LEBANON,2023-10-05,2023,10,5,Fall,22,40.3,-76.4,365.0,204.0,151.0,5.0,3.0,2.0,0.0,265.0,74.0,47.0,0.0,0.0,127.0,238.0,0.0
Lebanon,PA,LEBANON,2023-10-25,2023,10,25,Fall,22,40.3,-76.4,365.0,204.0,151.0,5.0,3.0,2.0,0.0,265.0,74.0,47.0,0.0,0.0,127.0,238.0,0.0
Leechburg,PA,ARMSTRONG,2023-08-01,2023,8,1,Summer,5,40.7,-79.6,362.0,238.0,117.0,4.0,1.0,2.0,0.0,210.0,71.0,44.0,0.0,0.0,170.0,192.0,0.0
Leechburg,PA,ARMSTRONG,2023-08-02,2023,8,2,Summer,5,40.7,-79.6,362.0,238.0,117.0,4.0,1.0,2.0,0.0,210.0,71.0,44.0,0.0,0.0,170.0,192.0,0.0
Leesburg,VA,LOUDOUN,2023-08-01,2023,8,1,Summer,3,39.1,-77.5,364.0,306.0,54.0,2.0,2.0,0.0,0.0,167.0,58.0,39.0,0.0,20.0,303.0,41.0,0.0
Leesburg,VA,LOUDOUN,2023-08-12,2023,8,12,Summer,9,39.1,-77.5,364.0,306.0,54.0,2.0,2.0,0.0,0.0,167.0,58.0,39.0,0.0,20.0,303.0,41.0,0.0
Leesburg,VA,LOUDOUN,2023-08-21,2023,8,21,Summer,3,39.2,-77.5,364.0,306.0,54.0,2.0,2.0,0.0,0.0,167.0,58.0,39.0,0.0,20.0,303.0,41.0,0.0
Leesburg,VA,LOUDOUN,2023-08-25,2023,8,25,Summer,9,39.1,-77.5,364.0,306.0,54.0,2.0,2.0,0.0,0.0,167.0,58.0,39.0,0.0,20.0,303.0,41.0,0.0
Leesburg,VA,LOUDOUN,2023-10-01,2023,10,1,Fall,6,39.1,-77.5,364.0,306.0,54.0,2.0,2.0,0.0,0.0,167.0,58.0,39.0,0.0,20.0,303.0,41.0,0.0
Leesburg,VA,LOUDOUN,2023-10-18,2023,10,18,Fall,3,39.1,-77.5,364.0,306.0,54.0,2.0,2.0,0.0,0.0,167.0,58.0,39.0,0.0,20.0,303.0,41.0,0.0
Leesport,PA,BERKS,2023-08-01,2023,8,1,Summer,9,40.4,-76.0,364.0,205.0,147.0,7.0,3.0,2.0,0.0,287.0,72.0,48.0,0.0,0.0,171.0,193.0,0.0
Lehi,UT,UTAH,2023-07-10,2023,7,10,Summer,7,40.4,-111.8,365.0,201.0,163.0,1.0,0.0,0.0,0.0,104.0,74.0,48.0,0.0,1.0,231.0,133.0,0.0
Lehi,UT,UTAH,2023-07-28,2023,7,28,Summer,14,40.4,-111.8,365.0,201.0,163.0,1.0,0.0,0.0,0.0,104.0,74.0,48.0,0.0,1.0,231.0,133.0,0.0
Lehi,UT,UTAH,2023-08-04,2023,8,4,Summer,7,40.4,-111.8,365.0,201.0,163.0,1.0,0.0,0.0,0.0,104.0,74.0,48.0,0.0,1.0,231.0,133.0,0.0
Leicester,NC,BUNCOMBE,2023-10-19,2023,10,19,Fall,1,35.7,-82.7,365.0,261.0,104.0,0.0,0.0,0.0,0.0,99.0,60.0,43.0,0.0,0.0,133.0,232.0,0.0
Lenexa,KS,JOHNSON,2023-07-05,2023,7,5,Summer,6,39.0,-94.7,365.0,189.0,166.0,7.0,3.0,0.0,0.0,165.0,70.0,49.0,0.0,0.0,148.0,210.0,7.0
Lenexa,KS,JOHNSON,2023-07-24,2023,7,24,Summer,6,39.0,-94.7,365.0,189.0,166.0,7.0,3.0,0.0,0.0,165.0,70.0,49.0,0.0,0.0,148.0,210.0,7.0
Lenexa,KS,JOHNSON,2023-07-30,2023,7,30,Summer,6,39.0,-94.7,365.0,189.0,166.0,7.0,3.0,0.0,0.0,165.0,70.0,49.0,0.0,0.0,148.0,210.0,7.0
Lenexa,KS,JOHNSON,2023-08-05,2023,8,5,Summer,6,39.0,-94.7,365.0,189.0,166.0,7.0,3.0,0.0,0.0,165.0,70.0,49.0,0.0,0.0,148.0,210.0,7.0
Lenexa,KS,JOHNSON,2023-08-12,2023,8,12,Summer,18,39.0,-94.7,365.0,189.0,166.0,7.0,3.0,0.0,0.0,165.0,70.0,49.0,0.0,0.0,148.0,210.0,7.0
Lenexa,KS,JOHNSON,2023-08-23,2023,8,23,Summer,6,39.0,-94.7,365.0,189.0,166.0,7.0,3.0,0.0,0.0,165.0,70.0,49.0,0.0,0.0,148.0,210.0,7.0
Lenexa,KS,JOHNSON,2023-08-27,2023,8,27,Summer,12,39.0,-94.8,365.0,189.0,166.0,7.0,3.0,0.0,0.0,165.0,70.0,49.0,0.0,0.0,148.0,210.0,7.0
Lenexa,KS,JOHNSON,2023-08-28,2023,8,28,Summer,6,39.0,-94.7,365.0,189.0,166.0,7.0,3.0,0.0,0.0,165.0,70.0,49.0,0.0,0.0,148.0,210.0,7.0
Lenexa,KS,JOHNSON,2023-08-30,2023,8,30,Summer,6,39.0,-94.8,365.0,189.0,166.0,7.0,3.0,0.0,0.0,165.0,70.0,49.0,0.0,0.0,148.0,210.0,7.0
Lenexa,KS,JOHNSON,2023-09-03,2023,9,3,Fall,12,39.0,-94.7,365.0,189.0,166.0,7.0,3.0,0.0,0.0,165.0,70.0,49.0,0.0,0.0,148.0,210.0,7.0
Lenexa,KS,JOHNSON,2023-09-15,2023,9,15,Fall,60,39.0,-94.7,365.0,189.0,166.0,7.0,3.0,0.0,0.0,165.0,70.0,49.0,0.0,0.0,148.0,210.0,7.0
Lenexa,KS,JOHNSON,2023-09-18,2023,9,18,Fall,6,39.0,-94.7,365.0,189.0,166.0,7.0,3.0,0.0,0.0,165.0,70.0,49.0,0.0,0.0,148.0,210.0,7.0
Lenexa,KS,JOHNSON,2023-09-21,2023,9,21,Fall,30,39.0,-94.7,365.0,189.0,166.0,7.0,3.0,0.0,0.0,165.0,70.0,49.0,0.0,0.0,148.0,210.0,7.0
Lenexa,KS,JOHNSON,2023-10-08,2023,10,8,Fall,6,39.0,-94.7,365.0,189.0,166.0,7.0,3.0,0.0,0.0,165.0,70.0,49.0,0.0,0.0,148.0,210.0,7.0
Lenexa,KS,JOHNSON,2023-10-13,2023,10,13,Fall,6,38.9,-94.7,365.0,189.0,166.0,7.0,3.0,0.0,0.0,165.0,70.0,49.0,0.0,0.0,148.0,210.0,7.0
Lenexa,KS,JOHNSON,2023-10-19,2023,10,19,Fall,6,38.9,-94.7,365.0,189.0,166.0,7.0,3.0,0.0,0.0,165.0,70.0,49.0,0.0,0.0,148.0,210.0,7.0
Lenhartsville,PA,BERKS,2023-09-21,2023,9,21,Fall,2,40.6,-75.9,364.0,205.0,147.0,7.0,3.0,2.0,0.0,287.0,72.0,48.0,0.0,0.0,171.0,193.0,0.0
Lenhartsville,PA,BERKS,2023-10-04,2023,10,4,Fall,2,40.6,-75.9,364.0,205.0,147.0,7.0,3.0,2.0,0.0,287.0,72.0,48.0,0.0,0.0,171.0,193.0,0.0
Leonia,NJ,BERGEN,2023-07-01,2023,7,1,Summer,1,40.9,-74.0,365.0,204.0,152.0,5.0,4.0,0.0,0.0,197.0,69.0,48.0,0.0,29.0,91.0,245.0,0.0
Leonia,NJ,BERGEN,2023-07-29,2023,7,29,Summer,2,40.9,-74.0,365.0,204.0,152.0,5.0,4.0,0.0,0.0,197.0,69.0,48.0,0.0,29.0,91.0,245.0,0.0
Leonia,NJ,BERGEN,2023-08-05,2023,8,5,Summer,2,40.9,-74.0,365.0,204.0,152.0,5.0,4.0,0.0,0.0,197.0,69.0,48.0,0.0,29.0,91.0,245.0,0.0
Leonia,NJ,BERGEN,2023-08-06,2023,8,6,Summer,1,40.9,-74.0,365.0,204.0,152.0,5.0,4.0,0.0,0.0,197.0,69.0,48.0,0.0,29.0,91.0,245.0,0.0
Leonia,NJ,BERGEN,2023-10-03,2023,10,3,Fall,2,40.9,-74.0,365.0,204.0,152.0,5.0,4.0,0.0,0.0,197.0,69.0,48.0,0.0,29.0,91.0,245.0,0.0
Leonia,NJ,BERGEN,2023-10-09,2023,10,9,Fall,1,40.9,-74.0,365.0,204.0,152.0,5.0,4.0,0.0,0.0,197.0,69.0,48.0,0.0,29.0,91.0,245.0,0.0
Lewes,DE,SUSSEX,2023-05-16,2023,5,16,Spring,2,38.8,-75.1,365.0,215.0,144.0,3.0,2.0,1.0,0.0,203.0,68.0,47.0,0.0,0.0,140.0,225.0,0.0
Lewes,DE,SUSSEX,2023-06-18,2023,6,18,Summer,2,38.8,-75.2,365.0,215.0,144.0,3.0,2.0,1.0,0.0,203.0,68.0,47.0,0.0,0.0,140.0,225.0,0.0
Lewes,DE,SUSSEX,2023-08-03,2023,8,3,Summer,2,38.7,-75.1,365.0,215.0,144.0,3.0,2.0,1.0,0.0,203.0,68.0,47.0,0.0,0.0,140.0,225.0,0.0
Lewes,DE,SUSSEX,2023-08-05,2023,8,5,Summer,2,38.7,-75.1,365.0,215.0,144.0,3.0,2.0,1.0,0.0,203.0,68.0,47.0,0.0,0.0,140.0,225.0,0.0
Lewes,DE,SUSSEX,2023-08-06,2023,8,6,Summer,2,38.7,-75.1,365.0,215.0,144.0,3.0,2.0,1.0,0.0,203.0,68.0,47.0,0.0,0.0,140.0,225.0,0.0
Lewes,DE,SUSSEX,2023-08-07,2023,8,7,Summer,2,38.7,-75.1,365.0,215.0,144.0,3.0,2.0,1.0,0.0,203.0,68.0,47.0,0.0,0.0,140.0,225.0,0.0
Lewes,DE,SUSSEX,2023-08-09,2023,8,9,Summer,2,38.7,-75.1,365.0,215.0,144.0,3.0,2.0,1.0,0.0,203.0,68.0,47.0,0.0,0.0,140.0,225.0,0.0
Lewes,DE,SUSSEX,2023-08-11,2023,8,11,Summer,4,38.7,-75.1,365.0,215.0,144.0,3.0,2.0,1.0,0.0,203.0,68.0,47.0,0.0,0.0,140.0,225.0,0.0
Lewes,DE,SUSSEX,2023-08-16,2023,8,16,Summer,2,38.7,-75.1,365.0,215.0,144.0,3.0,2.0,1.0,0.0,203.0,68.0,47.0,0.0,0.0,140.0,225.0,0.0
Lewes,DE,SUSSEX,2023-08-22,2023,8,22,Summer,2,38.7,-75.1,365.0,215.0,144.0,3.0,2.0,1.0,0.0,203.0,68.0,47.0,0.0,0.0,140.0,225.0,0.0
Lewes,DE,SUSSEX,2023-08-23,2023,8,23,Summer,2,38.7,-75.1,365.0,215.0,144.0,3.0,2.0,1.0,0.0,203.0,68.0,47.0,0.0,0.0,140.0,225.0,0.0
Lewes,DE,SUSSEX,2023-08-24,2023,8,24,Summer,2,38.7,-75.1,365.0,215.0,144.0,3.0,2.0,1.0,0.0,203.0,68.0,47.0,0.0,0.0,140.0,225.0,0.0
Lewes,DE,SUSSEX,2023-08-27,2023,8,27,Summer,2,38.7,-75.1,365.0,215.0,144.0,3.0,2.0,1.0,0.0,203.0,68.0,47.0,0.0,0.0,140.0,225.0,0.0
Lewes,DE,SUSSEX,2023-08-31,2023,8,31,Summer,2,38.7,-75.1,365.0,215.0,144.0,3.0,2.0,1.0,0.0,203.0,68.0,47.0,0.0,0.0,140.0,225.0,0.0
Lewes,DE,SUSSEX,2023-10-09,2023,10,9,Fall,2,38.7,-75.1,365.0,215.0,144.0,3.0,2.0,1.0,0.0,203.0,68.0,47.0,0.0,0.0,140.0,225.0,0.0
Lewes,DE,SUSSEX,2023-11-17,2023,11,17,Fall,6,38.7,-75.1,365.0,215.0,144.0,3.0,2.0,1.0,0.0,203.0,68.0,47.0,0.0,0.0,140.0,225.0,0.0
Lewis Center,OH,DELAWARE,2023-10-01,2023,10,1,Fall,1,40.2,-83.0,245.0,211.0,33.0,1.0,0.0,0.0,0.0,108.0,54.0,41.0,0.0,0.0,245.0,0.0,0.0
Lewisburg,PA,UNION,2023-07-18,2023,7,18,Summer,13,41.0,-76.9,,,,,,,,,,,,,,,
Lewisburg,WV,GREENBRIER,2023-09-14,2023,9,14,Fall,2,37.8,-80.4,242.0,227.0,15.0,0.0,0.0,0.0,0.0,87.0,48.0,38.0,0.0,0.0,242.0,0.0,0.0
Lewisburg,WV,GREENBRIER,2023-09-20,2023,9,20,Fall,9,37.9,-80.4,242.0,227.0,15.0,0.0,0.0,0.0,0.0,87.0,48.0,38.0,0.0,0.0,242.0,0.0,0.0
Lewisburg,WV,GREENBRIER,2023-10-02,2023,10,2,Fall,1,37.8,-80.4,242.0,227.0,15.0,0.0,0.0,0.0,0.0,87.0,48.0,38.0,0.0,0.0,242.0,0.0,0.0
Lewisburg,WV,GREENBRIER,2023-10-03,2023,10,3,Fall,3,37.8,-80.4,242.0,227.0,15.0,0.0,0.0,0.0,0.0,87.0,48.0,38.0,0.0,0.0,242.0,0.0,0.0
Lewisburg,WV,GREENBRIER,2023-10-05,2023,10,5,Fall,4,37.8,-80.4,242.0,227.0,15.0,0.0,0.0,0.0,0.0,87.0,48.0,38.0,0.0,0.0,242.0,0.0,0.0
Lewiston,ME,ANDROSCOGGIN,2023-08-24,2023,8,24,Summer,1,44.1,-70.2,359.0,296.0,63.0,0.0,0.0,0.0,0.0,77.0,55.0,35.0,0.0,0.0,153.0,205.0,1.0
Lexington,KY,FAYETTE,2023-04-18,2023,4,18,Spring,7,38.0,-84.6,365.0,232.0,131.0,1.0,1.0,0.0,0.0,167.0,64.0,45.0,0.0,4.0,139.0,222.0,0.0
Lexington,KY,FAYETTE,2023-08-26,2023,8,26,Summer,7,38.0,-84.5,365.0,232.0,131.0,1.0,1.0,0.0,0.0,167.0,64.0,45.0,0.0,4.0,139.0,222.0,0.0
Lexington,KY,FAYETTE,2023-09-17,2023,9,17,Fall,28,38.0,-84.5,365.0,232.0,131.0,1.0,1.0,0.0,0.0,167.0,64.0,45.0,0.0,4.0,139.0,222.0,0.0
Lexington,KY,FAYETTE,2023-10-04,2023,10,4,Fall,14,38.0,-84.5,365.0,232.0,131.0,1.0,1.0,0.0,0.0,167.0,64.0,45.0,0.0,4.0,139.0,222.0,0.0
Lexington,KY,FAYETTE,2023-10-11,2023,10,11,Fall,7,38.0,-84.5,365.0,232.0,131.0,1.0,1.0,0.0,0.0,167.0,64.0,45.0,0.0,4.0,139.0,222.0,0.0
Lexington,NC,DAVIDSON,2023-10-09,2023,10,9,Fall,21,35.7,-80.3,362.0,195.0,164.0,3.0,0.0,0.0,0.0,126.0,63.0,47.0,0.0,0.0,0.0,362.0,0.0
Lexington,OK,CLEVELAND,2023-08-15,2023,8,15,Summer,3,35.0,-97.3,355.0,163.0,188.0,4.0,0.0,0.0,0.0,143.0,74.0,52.0,0.0,0.0,152.0,203.0,0.0
Lexington,OK,CLEVELAND,2023-09-30,2023,9,30,Fall,3,35.0,-97.3,355.0,163.0,188.0,4.0,0.0,0.0,0.0,143.0,74.0,52.0,0.0,0.0,152.0,203.0,0.0
Lexington,SC,LEXINGTON,2023-08-01,2023,8,1,Summer,5,33.9,-81.3,149.0,96.0,53.0,0.0,0.0,0.0,0.0,77.0,58.0,41.0,0.0,0.0,0.0,140.0,9.0
Liberty,MO,CLAY,2023-05-20,2023,5,20,Spring,3,39.3,-94.4,350.0,228.0,105.0,16.0,1.0,0.0,0.0,153.0,80.0,43.0,0.0,0.0,212.0,138.0,0.0
Liberty,MO,CLAY,2023-08-19,2023,8,19,Summer,3,39.3,-94.4,350.0,228.0,105.0,16.0,1.0,0.0,0.0,153.0,80.0,43.0,0.0,0.0,212.0,138.0,0.0
Liberty,TX,LIBERTY,2023-10-26,2023,10,26,Fall,4,30.0,-94.8,,,,,,,,,,,,,,,
Liberty Hill,TX,WILLIAMSON,2023-09-21,2023,9,21,Fall,1,30.7,-97.9,,,,,,,,,,,,,,,
Libertyville,IL,LAKE,2023-07-31,2023,7,31,Summer,12,42.3,-87.9,243.0,182.0,47.0,13.0,1.0,0.0,0.0,179.0,84.0,42.0,0.0,0.0,243.0,0.0,0.0
Libertyville,IL,LAKE,2023-08-01,2023,8,1,Summer,9,42.3,-87.9,243.0,182.0,47.0,13.0,1.0,0.0,0.0,179.0,84.0,42.0,0.0,0.0,243.0,0.0,0.0
Lillian,AL,BALDWIN,2023-11-29,2023,11,29,Fall,1,30.4,-87.5,347.0,236.0,111.0,0.0,0.0,0.0,0.0,90.0,60.0,43.0,0.0,0.0,108.0,239.0,0.0
Lincoln,MA,MIDDLESEX,2023-07-18,2023,7,18,Summer,2,42.4,-71.3,365.0,281.0,83.0,1.0,0.0,0.0,0.0,101.0,57.0,39.0,0.0,7.0,193.0,165.0,0.0
Lincoln,MA,MIDDLESEX,2023-07-19,2023,7,19,Summer,2,42.4,-71.3,365.0,281.0,83.0,1.0,0.0,0.0,0.0,101.0,57.0,39.0,0.0,7.0,193.0,165.0,0.0
Lincoln,MA,MIDDLESEX,2023-07-31,2023,7,31,Summer,2,42.4,-71.3,365.0,281.0,83.0,1.0,0.0,0.0,0.0,101.0,57.0,39.0,0.0,7.0,193.0,165.0,0.0
Lincoln,MA,MIDDLESEX,2023-08-04,2023,8,4,Summer,2,42.4,-71.3,365.0,281.0,83.0,1.0,0.0,0.0,0.0,101.0,57.0,39.0,0.0,7.0,193.0,165.0,0.0
Lincoln,MA,MIDDLESEX,2023-08-05,2023,8,5,Summer,2,42.4,-71.3,365.0,281.0,83.0,1.0,0.0,0.0,0.0,101.0,57.0,39.0,0.0,7.0,193.0,165.0,0.0
Lincoln,MA,MIDDLESEX,2023-08-06,2023,8,6,Summer,2,42.4,-71.3,365.0,281.0,83.0,1.0,0.0,0.0,0.0,101.0,57.0,39.0,0.0,7.0,193.0,165.0,0.0
Lincoln,MA,MIDDLESEX,2023-08-09,2023,8,9,Summer,2,42.4,-71.3,365.0,281.0,83.0,1.0,0.0,0.0,0.0,101.0,57.0,39.0,0.0,7.0,193.0,165.0,0.0
Lincoln,MA,MIDDLESEX,2023-08-18,2023,8,18,Summer,2,42.4,-71.3,365.0,281.0,83.0,1.0,0.0,0.0,0.0,101.0,57.0,39.0,0.0,7.0,193.0,165.0,0.0
Lincoln,MA,MIDDLESEX,2023-09-11,2023,9,11,Fall,2,42.4,-71.3,365.0,281.0,83.0,1.0,0.0,0.0,0.0,101.0,57.0,39.0,0.0,7.0,193.0,165.0,0.0
Lincoln,MA,MIDDLESEX,2023-09-19,2023,9,19,Fall,18,42.4,-71.3,365.0,281.0,83.0,1.0,0.0,0.0,0.0,101.0,57.0,39.0,0.0,7.0,193.0,165.0,0.0
Lincoln,MA,MIDDLESEX,2023-09-22,2023,9,22,Fall,2,42.4,-71.3,365.0,281.0,83.0,1.0,0.0,0.0,0.0,101.0,57.0,39.0,0.0,7.0,193.0,165.0,0.0
Lincoln,MA,MIDDLESEX,2023-09-26,2023,9,26,Fall,2,42.4,-71.3,365.0,281.0,83.0,1.0,0.0,0.0,0.0,101.0,57.0,39.0,0.0,7.0,193.0,165.0,0.0
Lincoln,MA,MIDDLESEX,2023-09-27,2023,9,27,Fall,2,42.4,-71.3,365.0,281.0,83.0,1.0,0.0,0.0,0.0,101.0,57.0,39.0,0.0,7.0,193.0,165.0,0.0
Lincoln,NE,LANCASTER,2023-05-14,2023,5,14,Spring,12,40.7,-96.7,283.0,197.0,83.0,2.0,1.0,0.0,0.0,160.0,64.0,42.0,0.0,0.0,212.0,71.0,0.0
Lincoln,NE,LANCASTER,2023-08-12,2023,8,12,Summer,24,40.8,-96.7,283.0,197.0,83.0,2.0,1.0,0.0,0.0,160.0,64.0,42.0,0.0,0.0,212.0,71.0,0.0
Lincoln,NE,LANCASTER,2023-08-24,2023,8,24,Summer,12,40.8,-96.7,283.0,197.0,83.0,2.0,1.0,0.0,0.0,160.0,64.0,42.0,0.0,0.0,212.0,71.0,0.0
Lincoln,NE,LANCASTER,2023-08-28,2023,8,28,Summer,12,40.8,-96.7,283.0,197.0,83.0,2.0,1.0,0.0,0.0,160.0,64.0,42.0,0.0,0.0,212.0,71.0,0.0
Lincoln,NE,LANCASTER,2023-09-10,2023,9,10,Fall,108,40.9,-96.7,283.0,197.0,83.0,2.0,1.0,0.0,0.0,160.0,64.0,42.0,0.0,0.0,212.0,71.0,0.0
Lincoln,NE,LANCASTER,2023-09-11,2023,9,11,Fall,108,40.9,-96.7,283.0,197.0,83.0,2.0,1.0,0.0,0.0,160.0,64.0,42.0,0.0,0.0,212.0,71.0,0.0
Lincoln,NE,LANCASTER,2023-09-13,2023,9,13,Fall,24,40.8,-96.6,283.0,197.0,83.0,2.0,1.0,0.0,0.0,160.0,64.0,42.0,0.0,0.0,212.0,71.0,0.0
Lincoln,NE,LANCASTER,2023-09-20,2023,9,20,Fall,24,40.8,-96.6,283.0,197.0,83.0,2.0,1.0,0.0,0.0,160.0,64.0,42.0,0.0,0.0,212.0,71.0,0.0
Lincoln,NE,LANCASTER,2023-10-02,2023,10,2,Fall,48,40.7,-96.7,283.0,197.0,83.0,2.0,1.0,0.0,0.0,160.0,64.0,42.0,0.0,0.0,212.0,71.0,0.0
Lincoln,NE,LANCASTER,2023-10-21,2023,10,21,Fall,12,40.8,-96.7,283.0,197.0,83.0,2.0,1.0,0.0,0.0,160.0,64.0,42.0,0.0,0.0,212.0,71.0,0.0
Lincoln University,PA,CHESTER,2023-08-09,2023,8,9,Summer,5,39.8,-75.9,361.0,220.0,134.0,3.0,2.0,2.0,0.0,248.0,66.0,45.0,0.0,0.0,126.0,235.0,0.0
Lincolnton,NC,LINCOLN,2023-07-17,2023,7,17,Summer,2,35.4,-81.2,244.0,202.0,42.0,0.0,0.0,0.0,0.0,97.0,58.0,43.0,0.0,0.0,244.0,0.0,0.0
Lincolnton,NC,LINCOLN,2023-08-26,2023,8,26,Summer,2,35.5,-81.4,244.0,202.0,42.0,0.0,0.0,0.0,0.0,97.0,58.0,43.0,0.0,0.0,244.0,0.0,0.0
Lincolnton,NC,LINCOLN,2023-08-27,2023,8,27,Summer,4,35.5,-81.4,244.0,202.0,42.0,0.0,0.0,0.0,0.0,97.0,58.0,43.0,0.0,0.0,244.0,0.0,0.0
Lincolnton,NC,LINCOLN,2023-09-01,2023,9,1,Fall,2,35.5,-81.3,244.0,202.0,42.0,0.0,0.0,0.0,0.0,97.0,58.0,43.0,0.0,0.0,244.0,0.0,0.0
Lincolnwood,IL,COOK,2023-07-17,2023,7,17,Summer,3,42.0,-87.7,365.0,104.0,227.0,27.0,5.0,2.0,0.0,223.0,93.0,57.0,0.0,8.0,97.0,252.0,8.0
Lindale,TX,SMITH,2023-10-07,2023,10,7,Fall,8,32.5,-95.4,364.0,296.0,64.0,4.0,0.0,0.0,0.0,119.0,67.0,38.0,0.0,3.0,361.0,0.0,0.0
Litchfield Park,AZ,MARICOPA,2023-07-30,2023,7,30,Summer,3,33.5,-112.4,365.0,41.0,255.0,62.0,7.0,0.0,0.0,183.0,119.0,72.0,0.0,0.0,193.0,91.0,81.0
Litchfield Park,AZ,MARICOPA,2023-09-26,2023,9,26,Fall,3,33.5,-112.5,365.0,41.0,255.0,62.0,7.0,0.0,0.0,183.0,119.0,72.0,0.0,0.0,193.0,91.0,81.0
Litchfield Park,AZ,MARICOPA,2023-10-09,2023,10,9,Fall,3,33.5,-112.5,365.0,41.0,255.0,62.0,7.0,0.0,0.0,183.0,119.0,72.0,0.0,0.0,193.0,91.0,81.0
Litchfield Park,AZ,MARICOPA,2023-11-05,2023,11,5,Fall,3,33.5,-112.5,365.0,41.0,255.0,62.0,7.0,0.0,0.0,183.0,119.0,72.0,0.0,0.0,193.0,91.0,81.0
Litchfield Park,AZ,MARICOPA,2023-11-21,2023,11,21,Fall,3,33.5,-112.5,365.0,41.0,255.0,62.0,7.0,0.0,0.0,183.0,119.0,72.0,0.0,0.0,193.0,91.0,81.0
Litchfield Park,AZ,MARICOPA,2023-11-26,2023,11,26,Fall,6,33.5,-112.5,365.0,41.0,255.0,62.0,7.0,0.0,0.0,183.0,119.0,72.0,0.0,0.0,193.0,91.0,81.0
Little Chute,WI,OUTAGAMIE,2023-06-30,2023,6,30,Summer,1,44.3,-88.3,360.0,195.0,152.0,8.0,5.0,0.0,0.0,186.0,78.0,48.0,0.0,0.0,85.0,275.0,0.0
Little Falls,NJ,PASSAIC,2023-10-04,2023,10,4,Fall,6,40.9,-74.2,353.0,241.0,104.0,4.0,4.0,0.0,0.0,199.0,63.0,42.0,0.0,0.0,133.0,220.0,0.0
Little Rock,AR,PULASKI,2023-04-11,2023,4,11,Spring,5,34.7,-92.3,365.0,122.0,238.0,4.0,1.0,0.0,0.0,174.0,79.0,55.0,0.0,0.0,60.0,305.0,0.0
Little Sioux,IA,HARRISON,2023-04-27,2023,4,27,Spring,1,41.8,-96.0,238.0,163.0,59.0,16.0,0.0,0.0,0.0,140.0,90.0,44.0,0.0,0.0,238.0,0.0,0.0
Livingston,LA,LIVINGSTON,2023-09-15,2023,9,15,Fall,1,30.5,-90.7,364.0,134.0,225.0,5.0,0.0,0.0,0.0,133.0,70.0,54.0,0.0,0.0,106.0,258.0,0.0
Livingston,TX,POLK,2023-10-25,2023,10,25,Fall,5,30.7,-94.6,356.0,324.0,32.0,0.0,0.0,0.0,0.0,100.0,50.0,37.0,0.0,0.0,356.0,0.0,0.0
Livingston Manor,NY,SULLIVAN,2023-09-09,2023,9,9,Fall,3,41.9,-74.8,,,,,,,,,,,,,,,
Livonia,MI,WAYNE,2023-06-26,2023,6,26,Summer,1,42.4,-83.3,365.0,70.0,272.0,19.0,3.0,1.0,0.0,226.0,89.0,61.0,0.0,2.0,33.0,329.0,1.0
Livonia,MI,WAYNE,2023-10-18,2023,10,18,Fall,1,42.4,-83.4,365.0,70.0,272.0,19.0,3.0,1.0,0.0,226.0,89.0,61.0,0.0,2.0,33.0,329.0,1.0
Lock Haven,PA,CLINTON,2023-09-14,2023,9,14,Fall,500,41.2,-77.4,,,,,,,,,,,,,,,
Lockport,IL,WILL,2023-05-29,2023,5,29,Spring,2,41.6,-88.1,365.0,155.0,191.0,14.0,3.0,2.0,0.0,246.0,78.0,53.0,0.0,0.0,85.0,280.0,0.0
Lockport,NY,NIAGARA,2023-07-23,2023,7,23,Summer,2,43.2,-78.7,356.0,335.0,21.0,0.0,0.0,0.0,0.0,97.0,46.0,33.0,0.0,0.0,356.0,0.0,0.0
Lockport,NY,NIAGARA,2023-09-02,2023,9,2,Fall,2,43.2,-78.7,356.0,335.0,21.0,0.0,0.0,0.0,0.0,97.0,46.0,33.0,0.0,0.0,356.0,0.0,0.0
Lockport,NY,NIAGARA,2023-09-04,2023,9,4,Fall,2,43.2,-78.7,356.0,335.0,21.0,0.0,0.0,0.0,0.0,97.0,46.0,33.0,0.0,0.0,356.0,0.0,0.0
Locust Grove,OK,MAYES,2023-09-26,2023,9,26,Fall,5,36.2,-95.2,285.0,255.0,28.0,2.0,0.0,0.0,0.0,129.0,51.0,42.0,0.0,0.0,285.0,0.0,0.0
Locust Grove,OK,MAYES,2023-09-29,2023,9,29,Fall,5,36.2,-95.2,285.0,255.0,28.0,2.0,0.0,0.0,0.0,129.0,51.0,42.0,0.0,0.0,285.0,0.0,0.0
Lodi,WI,COLUMBIA,2023-08-04,2023,8,4,Summer,5,43.3,-89.5,203.0,133.0,52.0,16.0,2.0,0.0,0.0,159.0,93.0,44.0,0.0,0.0,203.0,0.0,0.0
Logan,UT,CACHE,2023-08-05,2023,8,5,Summer,6,41.8,-111.8,365.0,219.0,138.0,4.0,4.0,0.0,0.0,187.0,71.0,48.0,0.0,0.0,244.0,121.0,0.0
Lombard,IL,DUPAGE,2023-09-13,2023,9,13,Fall,8,41.9,-88.0,365.0,146.0,202.0,11.0,4.0,2.0,0.0,234.0,77.0,53.0,0.0,0.0,101.0,264.0,0.0
Lombard,IL,DUPAGE,2023-09-15,2023,9,15,Fall,20,41.9,-88.0,365.0,146.0,202.0,11.0,4.0,2.0,0.0,234.0,77.0,53.0,0.0,0.0,101.0,264.0,0.0
Lombard,IL,DUPAGE,2023-09-24,2023,9,24,Fall,6,41.9,-88.0,365.0,146.0,202.0,11.0,4.0,2.0,0.0,234.0,77.0,53.0,0.0,0.0,101.0,264.0,0.0
Lombard,IL,DUPAGE,2023-10-15,2023,10,15,Fall,2,41.9,-88.0,365.0,146.0,202.0,11.0,4.0,2.0,0.0,234.0,77.0,53.0,0.0,0.0,101.0,264.0,0.0
Long Beach,CA,LOS ANGELES,2023-08-01,2023,8,1,Summer,20,33.8,-118.2,365.0,41.0,237.0,52.0,32.0,3.0,0.0,210.0,147.0,67.0,0.0,5.0,150.0,203.0,7.0
Long Beach,CA,LOS ANGELES,2023-08-17,2023,8,17,Summer,140,33.8,-118.1,365.0,41.0,237.0,52.0,32.0,3.0,0.0,210.0,147.0,67.0,0.0,5.0,150.0,203.0,7.0
Long Beach,CA,LOS ANGELES,2023-10-21,2023,10,21,Fall,20,33.8,-118.1,365.0,41.0,237.0,52.0,32.0,3.0,0.0,210.0,147.0,67.0,0.0,5.0,150.0,203.0,7.0
Long Lake,NY,HAMILTON,2023-09-14,2023,9,14,Fall,3,43.9,-74.4,354.0,337.0,17.0,0.0,0.0,0.0,0.0,90.0,46.0,33.0,0.0,0.0,354.0,0.0,0.0
Longmont,CO,BOULDER,2023-08-15,2023,8,15,Summer,4,40.2,-105.1,365.0,192.0,167.0,4.0,2.0,0.0,0.0,181.0,74.0,50.0,0.0,0.0,272.0,93.0,0.0
Longmont,CO,WELD,2023-08-15,2023,8,15,Summer,8,40.2,-105.1,365.0,146.0,214.0,4.0,1.0,0.0,0.0,162.0,80.0,55.0,0.0,0.0,263.0,102.0,0.0
Longs,SC,HORRY,2023-09-20,2023,9,20,Fall,2,33.9,-78.7,332.0,238.0,94.0,0.0,0.0,0.0,0.0,100.0,62.0,43.0,0.0,0.0,143.0,189.0,0.0
Longview,TX,GREGG,2023-09-02,2023,9,2,Fall,6,32.6,-94.7,365.0,304.0,59.0,1.0,1.0,0.0,0.0,151.0,67.0,35.0,0.0,1.0,364.0,0.0,0.0
Longview,TX,GREGG,2023-09-20,2023,9,20,Fall,18,32.6,-94.7,365.0,304.0,59.0,1.0,1.0,0.0,0.0,151.0,67.0,35.0,0.0,1.0,364.0,0.0,0.0
Longwood,FL,SEMINOLE,2023-01-11,2023,1,11,Winter,18,28.7,-81.3,364.0,299.0,64.0,1.0,0.0,0.0,0.0,106.0,56.0,40.0,0.0,0.0,213.0,150.0,1.0
Longwood,FL,SEMINOLE,2023-08-04,2023,8,4,Summer,6,28.7,-81.3,364.0,299.0,64.0,1.0,0.0,0.0,0.0,106.0,56.0,40.0,0.0,0.0,213.0,150.0,1.0
Loretto,MN,HENNEPIN,2023-06-09,2023,6,9,Summer,15,45.1,-93.7,365.0,173.0,175.0,14.0,3.0,0.0,0.0,187.0,80.0,52.0,1.0,8.0,69.0,273.0,14.0
Los Altos,CA,SANTA CLARA,2023-09-06,2023,9,6,Fall,2,37.4,-122.1,365.0,238.0,123.0,4.0,0.0,0.0,0.0,134.0,63.0,43.0,0.0,2.0,181.0,182.0,0.0
Los Angeles,CA,LOS ANGELES,2023-01-20,2023,1,20,Winter,95,34.0,-118.5,365.0,41.0,237.0,52.0,32.0,3.0,0.0,210.0,147.0,67.0,0.0,5.0,150.0,203.0,7.0
Los Angeles,CA,LOS ANGELES,2023-03-25,2023,3,25,Spring,95,34.2,-118.5,365.0,41.0,237.0,52.0,32.0,3.0,0.0,210.0,147.0,67.0,0.0,5.0,150.0,203.0,7.0
Los Angeles,CA,LOS ANGELES,2023-04-24,2023,4,24,Spring,190,34.2,-118.7,365.0,41.0,237.0,52.0,32.0,3.0,0.0,210.0,147.0,67.0,0.0,5.0,150.0,203.0,7.0
Los Angeles,CA,LOS ANGELES,2023-06-04,2023,6,4,Summer,95,34.1,-118.3,365.0,41.0,237.0,52.0,32.0,3.0,0.0,210.0,147.0,67.0,0.0,5.0,150.0,203.0,7.0
Los Angeles,CA,LOS ANGELES,2023-06-21,2023,6,21,Summer,95,34.1,-118.2,365.0,41.0,237.0,52.0,32.0,3.0,0.0,210.0,147.0,67.0,0.0,5.0,150.0,203.0,7.0
Los Angeles,CA,LOS ANGELES,2023-06-30,2023,6,30,Summer,95,34.1,-118.5,365.0,41.0,237.0,52.0,32.0,3.0,0.0,210.0,147.0,67.0,0.0,5.0,150.0,203.0,7.0
Los Angeles,CA,LOS ANGELES,2023-07-07,2023,7,7,Summer,95,34.1,-118.5,365.0,41.0,237.0,52.0,32.0,3.0,0.0,210.0,147.0,67.0,0.0,5.0,150.0,203.0,7.0
Los Angeles,CA,LOS ANGELES,2023-07-19,2023,7,19,Summer,190,34.0,-118.4,365.0,41.0,237.0,52.0,32.0,3.0,0.0,210.0,147.0,67.0,0.0,5.0,150.0,203.0,7.0
Los Angeles,CA,LOS ANGELES,2023-07-20,2023,7,20,Summer,380,34.2,-118.4,365.0,41.0,237.0,52.0,32.0,3.0,0.0,210.0,147.0,67.0,0.0,5.0,150.0,203.0,7.0
Los Angeles,CA,LOS ANGELES,2023-07-21,2023,7,21,Summer,285,34.0,-118.4,365.0,41.0,237.0,52.0,32.0,3.0,0.0,210.0,147.0,67.0,0.0,5.0,150.0,203.0,7.0
Los Angeles,CA,LOS ANGELES,2023-07-22,2023,7,22,Summer,190,34.1,-118.4,365.0,41.0,237.0,52.0,32.0,3.0,0.0,210.0,147.0,67.0,0.0,5.0,150.0,203.0,7.0
Los Angeles,CA,LOS ANGELES,2023-07-23,2023,7,23,Summer,95,34.0,-118.4,365.0,41.0,237.0,52.0,32.0,3.0,0.0,210.0,147.0,67.0,0.0,5.0,150.0,203.0,7.0
Los Angeles,CA,LOS ANGELES,2023-07-29,2023,7,29,Summer,665,34.2,-118.5,365.0,41.0,237.0,52.0,32.0,3.0,0.0,210.0,147.0,67.0,0.0,5.0,150.0,203.0,7.0
Los Angeles,CA,LOS ANGELES,2023-07-31,2023,7,31,Summer,95,34.2,-118.4,365.0,41.0,237.0,52.0,32.0,3.0,0.0,210.0,147.0,67.0,0.0,5.0,150.0,203.0,7.0
Los Angeles,CA,LOS ANGELES,2023-08-01,2023,8,1,Summer,95,34.2,-118.4,365.0,41.0,237.0,52.0,32.0,3.0,0.0,210.0,147.0,67.0,0.0,5.0,150.0,203.0,7.0
Los Angeles,CA,LOS ANGELES,2023-08-03,2023,8,3,Summer,95,34.2,-118.4,365.0,41.0,237.0,52.0,32.0,3.0,0.0,210.0,147.0,67.0,0.0,5.0,150.0,203.0,7.0
Los Angeles,CA,LOS ANGELES,2023-08-04,2023,8,4,Summer,190,34.1,-118.2,365.0,41.0,237.0,52.0,32.0,3.0,0.0,210.0,147.0,67.0,0.0,5.0,150.0,203.0,7.0
Los Angeles,CA,LOS ANGELES,2023-08-06,2023,8,6,Summer,95,34.2,-118.4,365.0,41.0,237.0,52.0,32.0,3.0,0.0,210.0,147.0,67.0,0.0,5.0,150.0,203.0,7.0
Los Angeles,CA,LOS ANGELES,2023-08-15,2023,8,15,Summer,95,34.2,-118.4,365.0,41.0,237.0,52.0,32.0,3.0,0.0,210.0,147.0,67.0,0.0,5.0,150.0,203.0,7.0
Los Angeles,CA,LOS ANGELES,2023-08-16,2023,8,16,Summer,190,34.1,-118.4,365.0,41.0,237.0,52.0,32.0,3.0,0.0,210.0,147.0,67.0,0.0,5.0,150.0,203.0,7.0
Los Angeles,CA,LOS ANGELES,2023-08-18,2023,8,18,Summer,95,34.1,-118.5,365.0,41.0,237.0,52.0,32.0,3.0,0.0,210.0,147.0,67.0,0.0,5.0,150.0,203.0,7.0
Los Angeles,CA,LOS ANGELES,2023-08-24,2023,8,24,Summer,285,34.0,-118.5,365.0,41.0,237.0,52.0,32.0,3.0,0.0,210.0,147.0,67.0,0.0,5.0,150.0,203.0,7.0
Los Angeles,CA,LOS ANGELES,2023-08-25,2023,8,25,Summer,95,34.1,-118.5,365.0,41.0,237.0,52.0,32.0,3.0,0.0,210.0,147.0,67.0,0.0,5.0,150.0,203.0,7.0
Los Angeles,CA,LOS ANGELES,2023-08-30,2023,8,30,Summer,95,34.2,-118.5,365.0,41.0,237.0,52.0,32.0,3.0,0.0,210.0,147.0,67.0,0.0,5.0,150.0,203.0,7.0
Los Angeles,CA,LOS ANGELES,2023-08-31,2023,8,31,Summer,2850,34.2,-118.5,365.0,41.0,237.0,52.0,32.0,3.0,0.0,210.0,147.0,67.0,0.0,5.0,150.0,203.0,7.0
Los Angeles,CA,LOS ANGELES,2023-09-06,2023,9,6,Fall,285,33.7,-118.3,365.0,41.0,237.0,52.0,32.0,3.0,0.0,210.0,147.0,67.0,0.0,5.0,150.0,203.0,7.0
Los Angeles,CA,LOS ANGELES,2023-10-13,2023,10,13,Fall,95,34.1,-118.3,365.0,41.0,237.0,52.0,32.0,3.0,0.0,210.0,147.0,67.0,0.0,5.0,150.0,203.0,7.0
Los Angeles,CA,LOS ANGELES,2023-10-23,2023,10,23,Fall,95,34.1,-118.2,365.0,41.0,237.0,52.0,32.0,3.0,0.0,210.0,147.0,67.0,0.0,5.0,150.0,203.0,7.0
Los Angeles,CA,LOS ANGELES,2023-12-15,2023,12,15,Winter,285,34.1,-118.3,365.0,41.0,237.0,52.0,32.0,3.0,0.0,210.0,147.0,67.0,0.0,5.0,150.0,203.0,7.0
Los Fresnos,TX,CAMERON,2023-08-17,2023,8,17,Summer,3,26.1,-97.5,365.0,161.0,198.0,6.0,0.0,0.0,0.0,141.0,77.0,54.0,0.0,0.0,103.0,262.0,0.0
Lothian,MD,ANNE ARUNDEL,2023-10-01,2023,10,1,Fall,1,38.8,-76.7,263.0,225.0,36.0,2.0,0.0,0.0,0.0,150.0,58.0,40.0,0.0,0.0,244.0,0.0,19.0
Loudon,TN,LOUDON,2023-11-06,2023,11,6,Fall,1,35.7,-84.3,361.0,264.0,96.0,1.0,0.0,0.0,0.0,107.0,60.0,42.0,0.0,0.0,148.0,213.0,0.0
Louisville,CO,BOULDER,2023-08-05,2023,8,5,Summer,2,40.0,-105.1,365.0,192.0,167.0,4.0,2.0,0.0,0.0,181.0,74.0,50.0,0.0,0.0,272.0,93.0,0.0
Louisville,CO,BOULDER,2023-08-08,2023,8,8,Summer,2,40.0,-105.1,365.0,192.0,167.0,4.0,2.0,0.0,0.0,181.0,74.0,50.0,0.0,0.0,272.0,93.0,0.0
Louisville,CO,BOULDER,2023-08-16,2023,8,16,Summer,2,40.0,-105.1,365.0,192.0,167.0,4.0,2.0,0.0,0.0,181.0,74.0,50.0,0.0,0.0,272.0,93.0,0.0
Louisville,CO,BOULDER,2023-08-17,2023,8,17,Summer,2,40.0,-105.1,365.0,192.0,167.0,4.0,2.0,0.0,0.0,181.0,74.0,50.0,0.0,0.0,272.0,93.0,0.0
Louisville,KY,JEFFERSON,2023-06-18,2023,6,18,Summer,124,38.3,-85.6,365.0,123.0,226.0,15.0,1.0,0.0,0.0,171.0,81.0,55.0,0.0,2.0,94.0,269.0,0.0
Louisville,KY,JEFFERSON,2023-06-26,2023,6,26,Summer,124,38.3,-85.5,365.0,123.0,226.0,15.0,1.0,0.0,0.0,171.0,81.0,55.0,0.0,2.0,94.0,269.0,0.0
Louisville,KY,JEFFERSON,2023-07-28,2023,7,28,Summer,124,38.2,-85.7,365.0,123.0,226.0,15.0,1.0,0.0,0.0,171.0,81.0,55.0,0.0,2.0,94.0,269.0,0.0
Louisville,KY,JEFFERSON,2023-08-03,2023,8,3,Summer,124,38.2,-85.4,365.0,123.0,226.0,15.0,1.0,0.0,0.0,171.0,81.0,55.0,0.0,2.0,94.0,269.0,0.0
Louisville,KY,JEFFERSON,2023-08-04,2023,8,4,Summer,124,38.3,-85.5,365.0,123.0,226.0,15.0,1.0,0.0,0.0,171.0,81.0,55.0,0.0,2.0,94.0,269.0,0.0
Louisville,KY,JEFFERSON,2023-08-14,2023,8,14,Summer,124,38.2,-85.8,365.0,123.0,226.0,15.0,1.0,0.0,0.0,171.0,81.0,55.0,0.0,2.0,94.0,269.0,0.0
Louisville,KY,JEFFERSON,2023-08-16,2023,8,16,Summer,372,38.2,-85.8,365.0,123.0,226.0,15.0,1.0,0.0,0.0,171.0,81.0,55.0,0.0,2.0,94.0,269.0,0.0
Louisville,KY,JEFFERSON,2023-08-19,2023,8,19,Summer,124,38.2,-85.8,365.0,123.0,226.0,15.0,1.0,0.0,0.0,171.0,81.0,55.0,0.0,2.0,94.0,269.0,0.0
Louisville,KY,JEFFERSON,2023-08-20,2023,8,20,Summer,248,38.1,-85.8,365.0,123.0,226.0,15.0,1.0,0.0,0.0,171.0,81.0,55.0,0.0,2.0,94.0,269.0,0.0
Louisville,KY,JEFFERSON,2023-08-21,2023,8,21,Summer,124,38.1,-85.8,365.0,123.0,226.0,15.0,1.0,0.0,0.0,171.0,81.0,55.0,0.0,2.0,94.0,269.0,0.0
Louisville,KY,JEFFERSON,2023-08-23,2023,8,23,Summer,124,38.1,-85.8,365.0,123.0,226.0,15.0,1.0,0.0,0.0,171.0,81.0,55.0,0.0,2.0,94.0,269.0,0.0
Louisville,KY,JEFFERSON,2023-08-28,2023,8,28,Summer,124,38.2,-85.8,365.0,123.0,226.0,15.0,1.0,0.0,0.0,171.0,81.0,55.0,0.0,2.0,94.0,269.0,0.0
Louisville,KY,JEFFERSON,2023-08-30,2023,8,30,Summer,124,38.2,-85.8,365.0,123.0,226.0,15.0,1.0,0.0,0.0,171.0,81.0,55.0,0.0,2.0,94.0,269.0,0.0
Louisville,KY,JEFFERSON,2023-08-31,2023,8,31,Summer,248,38.2,-85.8,365.0,123.0,226.0,15.0,1.0,0.0,0.0,171.0,81.0,55.0,0.0,2.0,94.0,269.0,0.0
Louisville,KY,JEFFERSON,2023-09-01,2023,9,1,Fall,124,38.2,-85.8,365.0,123.0,226.0,15.0,1.0,0.0,0.0,171.0,81.0,55.0,0.0,2.0,94.0,269.0,0.0
Louisville,KY,JEFFERSON,2023-09-02,2023,9,2,Fall,124,38.2,-85.8,365.0,123.0,226.0,15.0,1.0,0.0,0.0,171.0,81.0,55.0,0.0,2.0,94.0,269.0,0.0
Louisville,KY,JEFFERSON,2023-09-03,2023,9,3,Fall,124,38.2,-85.8,365.0,123.0,226.0,15.0,1.0,0.0,0.0,171.0,81.0,55.0,0.0,2.0,94.0,269.0,0.0
Louisville,KY,JEFFERSON,2023-09-04,2023,9,4,Fall,124,38.2,-85.8,365.0,123.0,226.0,15.0,1.0,0.0,0.0,171.0,81.0,55.0,0.0,2.0,94.0,269.0,0.0
Louisville,KY,JEFFERSON,2023-09-05,2023,9,5,Fall,124,38.2,-85.8,365.0,123.0,226.0,15.0,1.0,0.0,0.0,171.0,81.0,55.0,0.0,2.0,94.0,269.0,0.0
Louisville,KY,JEFFERSON,2023-09-10,2023,9,10,Fall,248,38.2,-85.8,365.0,123.0,226.0,15.0,1.0,0.0,0.0,171.0,81.0,55.0,0.0,2.0,94.0,269.0,0.0
Louisville,KY,JEFFERSON,2023-09-16,2023,9,16,Fall,124,38.3,-85.5,365.0,123.0,226.0,15.0,1.0,0.0,0.0,171.0,81.0,55.0,0.0,2.0,94.0,269.0,0.0
Louisville,KY,JEFFERSON,2023-09-18,2023,9,18,Fall,124,38.3,-85.5,365.0,123.0,226.0,15.0,1.0,0.0,0.0,171.0,81.0,55.0,0.0,2.0,94.0,269.0,0.0
Louisville,KY,JEFFERSON,2023-09-22,2023,9,22,Fall,124,38.2,-85.5,365.0,123.0,226.0,15.0,1.0,0.0,0.0,171.0,81.0,55.0,0.0,2.0,94.0,269.0,0.0
Louisville,KY,JEFFERSON,2023-09-28,2023,9,28,Fall,124,38.2,-85.8,365.0,123.0,226.0,15.0,1.0,0.0,0.0,171.0,81.0,55.0,0.0,2.0,94.0,269.0,0.0
Louisville,KY,JEFFERSON,2023-10-01,2023,10,1,Fall,372,38.1,-85.6,365.0,123.0,226.0,15.0,1.0,0.0,0.0,171.0,81.0,55.0,0.0,2.0,94.0,269.0,0.0
Louisville,KY,JEFFERSON,2023-10-05,2023,10,5,Fall,124,38.2,-85.8,365.0,123.0,226.0,15.0,1.0,0.0,0.0,171.0,81.0,55.0,0.0,2.0,94.0,269.0,0.0
Louisville,KY,JEFFERSON,2023-10-10,2023,10,10,Fall,372,38.1,-85.6,365.0,123.0,226.0,15.0,1.0,0.0,0.0,171.0,81.0,55.0,0.0,2.0,94.0,269.0,0.0
Loveland,CO,LARIMER,2023-06-25,2023,6,25,Summer,1,40.4,-105.2,365.0,175.0,185.0,4.0,1.0,0.0,0.0,156.0,77.0,51.0,0.0,0.0,304.0,61.0,0.0
Loveland,CO,LARIMER,2023-07-09,2023,7,9,Summer,1,40.4,-105.1,365.0,175.0,185.0,4.0,1.0,0.0,0.0,156.0,77.0,51.0,0.0,0.0,304.0,61.0,0.0
Loveland,CO,LARIMER,2023-07-10,2023,7,10,Summer,1,40.4,-105.1,365.0,175.0,185.0,4.0,1.0,0.0,0.0,156.0,77.0,51.0,0.0,0.0,304.0,61.0,0.0
Loveland,CO,LARIMER,2023-07-12,2023,7,12,Summer,1,40.4,-105.1,365.0,175.0,185.0,4.0,1.0,0.0,0.0,156.0,77.0,51.0,0.0,0.0,304.0,61.0,0.0
Loveland,CO,LARIMER,2023-07-20,2023,7,20,Summer,1,40.4,-105.1,365.0,175.0,185.0,4.0,1.0,0.0,0.0,156.0,77.0,51.0,0.0,0.0,304.0,61.0,0.0
Loveland,CO,LARIMER,2023-07-23,2023,7,23,Summer,1,40.4,-105.1,365.0,175.0,185.0,4.0,1.0,0.0,0.0,156.0,77.0,51.0,0.0,0.0,304.0,61.0,0.0
Loveland,CO,LARIMER,2023-07-25,2023,7,25,Summer,1,40.4,-105.1,365.0,175.0,185.0,4.0,1.0,0.0,0.0,156.0,77.0,51.0,0.0,0.0,304.0,61.0,0.0
Loveland,CO,LARIMER,2023-08-07,2023,8,7,Summer,1,40.4,-105.1,365.0,175.0,185.0,4.0,1.0,0.0,0.0,156.0,77.0,51.0,0.0,0.0,304.0,61.0,0.0
Loveland,CO,LARIMER,2023-08-08,2023,8,8,Summer,1,40.4,-105.1,365.0,175.0,185.0,4.0,1.0,0.0,0.0,156.0,77.0,51.0,0.0,0.0,304.0,61.0,0.0
Loveland,CO,LARIMER,2023-08-10,2023,8,10,Summer,1,40.4,-105.1,365.0,175.0,185.0,4.0,1.0,0.0,0.0,156.0,77.0,51.0,0.0,0.0,304.0,61.0,0.0
Loveland,CO,LARIMER,2023-08-12,2023,8,12,Summer,1,40.4,-105.0,365.0,175.0,185.0,4.0,1.0,0.0,0.0,156.0,77.0,51.0,0.0,0.0,304.0,61.0,0.0
Loveland,CO,LARIMER,2023-08-14,2023,8,14,Summer,3,40.4,-105.1,365.0,175.0,185.0,4.0,1.0,0.0,0.0,156.0,77.0,51.0,0.0,0.0,304.0,61.0,0.0
Loveland,CO,LARIMER,2023-08-15,2023,8,15,Summer,1,40.4,-105.1,365.0,175.0,185.0,4.0,1.0,0.0,0.0,156.0,77.0,51.0,0.0,0.0,304.0,61.0,0.0
Loveland,CO,LARIMER,2023-08-18,2023,8,18,Summer,3,40.4,-105.1,365.0,175.0,185.0,4.0,1.0,0.0,0.0,156.0,77.0,51.0,0.0,0.0,304.0,61.0,0.0
Loveland,CO,LARIMER,2023-08-19,2023,8,19,Summer,1,40.4,-105.1,365.0,175.0,185.0,4.0,1.0,0.0,0.0,156.0,77.0,51.0,0.0,0.0,304.0,61.0,0.0
Loveland,CO,LARIMER,2023-08-20,2023,8,20,Summer,1,40.4,-105.1,365.0,175.0,185.0,4.0,1.0,0.0,0.0,156.0,77.0,51.0,0.0,0.0,304.0,61.0,0.0
Loveland,CO,LARIMER,2023-08-21,2023,8,21,Summer,1,40.4,-105.2,365.0,175.0,185.0,4.0,1.0,0.0,0.0,156.0,77.0,51.0,0.0,0.0,304.0,61.0,0.0
Loveland,CO,LARIMER,2023-08-22,2023,8,22,Summer,1,40.4,-105.0,365.0,175.0,185.0,4.0,1.0,0.0,0.0,156.0,77.0,51.0,0.0,0.0,304.0,61.0,0.0
Loveland,CO,LARIMER,2023-08-29,2023,8,29,Summer,1,40.4,-105.1,365.0,175.0,185.0,4.0,1.0,0.0,0.0,156.0,77.0,51.0,0.0,0.0,304.0,61.0,0.0
Loveland,CO,LARIMER,2023-09-09,2023,9,9,Fall,1,40.4,-105.1,365.0,175.0,185.0,4.0,1.0,0.0,0.0,156.0,77.0,51.0,0.0,0.0,304.0,61.0,0.0
Loveland,CO,LARIMER,2023-09-14,2023,9,14,Fall,1,40.4,-105.2,365.0,175.0,185.0,4.0,1.0,0.0,0.0,156.0,77.0,51.0,0.0,0.0,304.0,61.0,0.0
Loveland,CO,LARIMER,2023-09-26,2023,9,26,Fall,1,40.4,-105.2,365.0,175.0,185.0,4.0,1.0,0.0,0.0,156.0,77.0,51.0,0.0,0.0,304.0,61.0,0.0
Loveland,OH,CLERMONT,2023-07-20,2023,7,20,Summer,10,39.2,-84.2,358.0,279.0,74.0,4.0,1.0,0.0,0.0,175.0,64.0,41.0,0.0,0.0,201.0,157.0,0.0
Loveland,OH,CLERMONT,2023-08-02,2023,8,2,Summer,10,39.2,-84.2,358.0,279.0,74.0,4.0,1.0,0.0,0.0,175.0,64.0,41.0,0.0,0.0,201.0,157.0,0.0
Lowell,IN,LAKE,2023-09-15,2023,9,15,Fall,25,41.3,-87.4,365.0,125.0,222.0,16.0,1.0,1.0,0.0,215.0,80.0,55.0,0.0,0.0,69.0,294.0,2.0
Lowell,IN,LAKE,2023-10-02,2023,10,2,Fall,5,41.3,-87.4,365.0,125.0,222.0,16.0,1.0,1.0,0.0,215.0,80.0,55.0,0.0,0.0,69.0,294.0,2.0
Lowell,MA,MIDDLESEX,2023-09-20,2023,9,20,Fall,1,42.6,-71.3,365.0,281.0,83.0,1.0,0.0,0.0,0.0,101.0,57.0,39.0,0.0,7.0,193.0,165.0,0.0
Lowell,MI,KENT,2023-08-27,2023,8,27,Summer,2,42.9,-85.4,365.0,188.0,165.0,9.0,2.0,1.0,0.0,220.0,80.0,49.0,1.0,13.0,153.0,198.0,0.0
Lowell,MI,KENT,2023-08-28,2023,8,28,Summer,1,42.9,-85.4,365.0,188.0,165.0,9.0,2.0,1.0,0.0,220.0,80.0,49.0,1.0,13.0,153.0,198.0,0.0
Lowell,MI,KENT,2023-09-12,2023,9,12,Fall,1,42.9,-85.4,365.0,188.0,165.0,9.0,2.0,1.0,0.0,220.0,80.0,49.0,1.0,13.0,153.0,198.0,0.0
Loxahatchee,FL,PALM BEACH,2023-11-21,2023,11,21,Fall,18,26.7,-80.3,365.0,260.0,104.0,1.0,0.0,0.0,0.0,122.0,58.0,43.0,0.0,0.0,123.0,242.0,0.0
Lubbock,TX,LUBBOCK,2023-08-27,2023,8,27,Summer,6,33.6,-101.9,364.0,323.0,40.0,0.0,1.0,0.0,0.0,161.0,52.0,25.0,0.0,0.0,0.0,364.0,0.0
Lubbock,TX,LUBBOCK,2023-08-29,2023,8,29,Summer,6,33.5,-101.9,364.0,323.0,40.0,0.0,1.0,0.0,0.0,161.0,52.0,25.0,0.0,0.0,0.0,364.0,0.0
Lubbock,TX,LUBBOCK,2023-08-31,2023,8,31,Summer,12,33.6,-101.9,364.0,323.0,40.0,0.0,1.0,0.0,0.0,161.0,52.0,25.0,0.0,0.0,0.0,364.0,0.0
Lubec,ME,WASHINGTON,2023-07-29,2023,7,29,Summer,8,44.9,-67.0,362.0,343.0,19.0,0.0,0.0,0.0,0.0,74.0,47.0,36.0,0.0,0.0,278.0,84.0,0.0
Lucas,IA,LUCAS,2023-09-12,2023,9,12,Fall,12,41.0,-93.5,,,,,,,,,,,,,,,
Ludington,MI,MASON,2023-05-31,2023,5,31,Spring,1,44.0,-86.4,221.0,178.0,41.0,2.0,0.0,0.0,0.0,143.0,67.0,40.0,0.0,0.0,221.0,0.0,0.0
Ludington,MI,MASON,2023-08-02,2023,8,2,Summer,2,44.0,-86.4,221.0,178.0,41.0,2.0,0.0,0.0,0.0,143.0,67.0,40.0,0.0,0.0,221.0,0.0,0.0
Ludington,MI,MASON,2023-08-03,2023,8,3,Summer,2,44.0,-86.4,221.0,178.0,41.0,2.0,0.0,0.0,0.0,143.0,67.0,40.0,0.0,0.0,221.0,0.0,0.0
Ludington,MI,MASON,2023-08-15,2023,8,15,Summer,2,44.0,-86.4,221.0,178.0,41.0,2.0,0.0,0.0,0.0,143.0,67.0,40.0,0.0,0.0,221.0,0.0,0.0
Ludington,MI,MASON,2023-09-01,2023,9,1,Fall,3,44.0,-86.4,221.0,178.0,41.0,2.0,0.0,0.0,0.0,143.0,67.0,40.0,0.0,0.0,221.0,0.0,0.0
Ludington,MI,MASON,2023-09-05,2023,9,5,Fall,3,44.0,-86.4,221.0,178.0,41.0,2.0,0.0,0.0,0.0,143.0,67.0,40.0,0.0,0.0,221.0,0.0,0.0
Ludington,MI,MASON,2023-10-12,2023,10,12,Fall,1,44.0,-86.5,221.0,178.0,41.0,2.0,0.0,0.0,0.0,143.0,67.0,40.0,0.0,0.0,221.0,0.0,0.0
Ludlow,MA,HAMPDEN,2023-09-16,2023,9,16,Fall,1,42.2,-72.4,365.0,220.0,139.0,4.0,2.0,0.0,0.0,153.0,62.0,46.0,0.0,1.0,130.0,234.0,0.0
Lunenburg,MA,WORCESTER,2023-07-07,2023,7,7,Summer,1,42.6,-71.7,365.0,268.0,93.0,4.0,0.0,0.0,0.0,148.0,58.0,39.0,0.0,5.0,190.0,170.0,0.0
Lunenburg,MA,WORCESTER,2023-08-09,2023,8,9,Summer,1,42.6,-71.7,365.0,268.0,93.0,4.0,0.0,0.0,0.0,148.0,58.0,39.0,0.0,5.0,190.0,170.0,0.0
Lunenburg,MA,WORCESTER,2023-09-17,2023,9,17,Fall,1,42.6,-71.7,365.0,268.0,93.0,4.0,0.0,0.0,0.0,148.0,58.0,39.0,0.0,5.0,190.0,170.0,0.0
Lusby,MD,CALVERT,2023-04-18,2023,4,18,Spring,1,38.3,-76.4,238.0,206.0,31.0,1.0,0.0,0.0,0.0,101.0,54.0,42.0,0.0,0.0,238.0,0.0,0.0
Lusby,MD,CALVERT,2023-05-07,2023,5,7,Spring,4,38.4,-76.5,238.0,206.0,31.0,1.0,0.0,0.0,0.0,101.0,54.0,42.0,0.0,0.0,238.0,0.0,0.0
Lusby,MD,CALVERT,2023-05-08,2023,5,8,Spring,3,38.4,-76.5,238.0,206.0,31.0,1.0,0.0,0.0,0.0,101.0,54.0,42.0,0.0,0.0,238.0,0.0,0.0
Lusby,MD,CALVERT,2023-05-10,2023,5,10,Spring,1,38.4,-76.5,238.0,206.0,31.0,1.0,0.0,0.0,0.0,101.0,54.0,42.0,0.0,0.0,238.0,0.0,0.0
Lusby,MD,CALVERT,2023-05-11,2023,5,11,Spring,1,38.4,-76.5,238.0,206.0,31.0,1.0,0.0,0.0,0.0,101.0,54.0,42.0,0.0,0.0,238.0,0.0,0.0
Lusby,MD,CALVERT,2023-05-12,2023,5,12,Spring,2,38.4,-76.5,238.0,206.0,31.0,1.0,0.0,0.0,0.0,101.0,54.0,42.0,0.0,0.0,238.0,0.0,0.0
Lusby,MD,CALVERT,2023-05-14,2023,5,14,Spring,1,38.4,-76.5,238.0,206.0,31.0,1.0,0.0,0.0,0.0,101.0,54.0,42.0,0.0,0.0,238.0,0.0,0.0
Lusby,MD,CALVERT,2023-05-15,2023,5,15,Spring,1,38.4,-76.5,238.0,206.0,31.0,1.0,0.0,0.0,0.0,101.0,54.0,42.0,0.0,0.0,238.0,0.0,0.0
Lusby,MD,CALVERT,2023-06-13,2023,6,13,Summer,1,38.3,-76.4,238.0,206.0,31.0,1.0,0.0,0.0,0.0,101.0,54.0,42.0,0.0,0.0,238.0,0.0,0.0
Lusby,MD,CALVERT,2023-06-17,2023,6,17,Summer,1,38.4,-76.5,238.0,206.0,31.0,1.0,0.0,0.0,0.0,101.0,54.0,42.0,0.0,0.0,238.0,0.0,0.0
Lusby,MD,CALVERT,2023-06-26,2023,6,26,Summer,1,38.3,-76.4,238.0,206.0,31.0,1.0,0.0,0.0,0.0,101.0,54.0,42.0,0.0,0.0,238.0,0.0,0.0
Lusby,MD,CALVERT,2023-06-27,2023,6,27,Summer,1,38.3,-76.4,238.0,206.0,31.0,1.0,0.0,0.0,0.0,101.0,54.0,42.0,0.0,0.0,238.0,0.0,0.0
Lusby,MD,CALVERT,2023-07-06,2023,7,6,Summer,1,38.4,-76.5,238.0,206.0,31.0,1.0,0.0,0.0,0.0,101.0,54.0,42.0,0.0,0.0,238.0,0.0,0.0
Lusby,MD,CALVERT,2023-07-16,2023,7,16,Summer,1,38.4,-76.5,238.0,206.0,31.0,1.0,0.0,0.0,0.0,101.0,54.0,42.0,0.0,0.0,238.0,0.0,0.0
Lusby,MD,CALVERT,2023-07-21,2023,7,21,Summer,1,38.4,-76.5,238.0,206.0,31.0,1.0,0.0,0.0,0.0,101.0,54.0,42.0,0.0,0.0,238.0,0.0,0.0
Lusby,MD,CALVERT,2023-07-22,2023,7,22,Summer,1,38.4,-76.5,238.0,206.0,31.0,1.0,0.0,0.0,0.0,101.0,54.0,42.0,0.0,0.0,238.0,0.0,0.0
Lusby,MD,CALVERT,2023-07-25,2023,7,25,Summer,1,38.4,-76.5,238.0,206.0,31.0,1.0,0.0,0.0,0.0,101.0,54.0,42.0,0.0,0.0,238.0,0.0,0.0
Lusby,MD,CALVERT,2023-07-26,2023,7,26,Summer,2,38.4,-76.5,238.0,206.0,31.0,1.0,0.0,0.0,0.0,101.0,54.0,42.0,0.0,0.0,238.0,0.0,0.0
Lusby,MD,CALVERT,2023-07-27,2023,7,27,Summer,1,38.4,-76.5,238.0,206.0,31.0,1.0,0.0,0.0,0.0,101.0,54.0,42.0,0.0,0.0,238.0,0.0,0.0
Lusby,MD,CALVERT,2023-07-28,2023,7,28,Summer,1,38.4,-76.5,238.0,206.0,31.0,1.0,0.0,0.0,0.0,101.0,54.0,42.0,0.0,0.0,238.0,0.0,0.0
Lusby,MD,CALVERT,2023-07-29,2023,7,29,Summer,2,38.4,-76.5,238.0,206.0,31.0,1.0,0.0,0.0,0.0,101.0,54.0,42.0,0.0,0.0,238.0,0.0,0.0
Lusby,MD,CALVERT,2023-07-30,2023,7,30,Summer,2,38.4,-76.5,238.0,206.0,31.0,1.0,0.0,0.0,0.0,101.0,54.0,42.0,0.0,0.0,238.0,0.0,0.0
Lusby,MD,CALVERT,2023-07-31,2023,7,31,Summer,4,38.4,-76.5,238.0,206.0,31.0,1.0,0.0,0.0,0.0,101.0,54.0,42.0,0.0,0.0,238.0,0.0,0.0
Lusby,MD,CALVERT,2023-08-01,2023,8,1,Summer,1,38.4,-76.5,238.0,206.0,31.0,1.0,0.0,0.0,0.0,101.0,54.0,42.0,0.0,0.0,238.0,0.0,0.0
Lusby,MD,CALVERT,2023-08-02,2023,8,2,Summer,1,38.4,-76.5,238.0,206.0,31.0,1.0,0.0,0.0,0.0,101.0,54.0,42.0,0.0,0.0,238.0,0.0,0.0
Lusby,MD,CALVERT,2023-08-05,2023,8,5,Summer,1,38.4,-76.5,238.0,206.0,31.0,1.0,0.0,0.0,0.0,101.0,54.0,42.0,0.0,0.0,238.0,0.0,0.0
Lusby,MD,CALVERT,2023-08-18,2023,8,18,Summer,1,38.4,-76.4,238.0,206.0,31.0,1.0,0.0,0.0,0.0,101.0,54.0,42.0,0.0,0.0,238.0,0.0,0.0
Lusby,MD,CALVERT,2023-08-23,2023,8,23,Summer,2,38.4,-76.5,238.0,206.0,31.0,1.0,0.0,0.0,0.0,101.0,54.0,42.0,0.0,0.0,238.0,0.0,0.0
Lusby,MD,CALVERT,2023-08-26,2023,8,26,Summer,1,38.3,-76.4,238.0,206.0,31.0,1.0,0.0,0.0,0.0,101.0,54.0,42.0,0.0,0.0,238.0,0.0,0.0
Lusby,MD,CALVERT,2023-09-05,2023,9,5,Fall,1,38.4,-76.5,238.0,206.0,31.0,1.0,0.0,0.0,0.0,101.0,54.0,42.0,0.0,0.0,238.0,0.0,0.0
Lusby,MD,CALVERT,2023-09-06,2023,9,6,Fall,1,38.4,-76.5,238.0,206.0,31.0,1.0,0.0,0.0,0.0,101.0,54.0,42.0,0.0,0.0,238.0,0.0,0.0
Lusby,MD,CALVERT,2023-09-07,2023,9,7,Fall,1,38.4,-76.5,238.0,206.0,31.0,1.0,0.0,0.0,0.0,101.0,54.0,42.0,0.0,0.0,238.0,0.0,0.0
Lusby,MD,CALVERT,2023-09-09,2023,9,9,Fall,1,38.4,-76.5,238.0,206.0,31.0,1.0,0.0,0.0,0.0,101.0,54.0,42.0,0.0,0.0,238.0,0.0,0.0
Lusby,MD,CALVERT,2023-09-19,2023,9,19,Fall,2,38.4,-76.5,238.0,206.0,31.0,1.0,0.0,0.0,0.0,101.0,54.0,42.0,0.0,0.0,238.0,0.0,0.0
Lusby,MD,CALVERT,2023-10-01,2023,10,1,Fall,10,38.3,-76.4,238.0,206.0,31.0,1.0,0.0,0.0,0.0,101.0,54.0,42.0,0.0,0.0,238.0,0.0,0.0
Lusby,MD,CALVERT,2023-10-02,2023,10,2,Fall,1,38.3,-76.4,238.0,206.0,31.0,1.0,0.0,0.0,0.0,101.0,54.0,42.0,0.0,0.0,238.0,0.0,0.0
Lusby,MD,CALVERT,2023-10-05,2023,10,5,Fall,5,38.3,-76.4,238.0,206.0,31.0,1.0,0.0,0.0,0.0,101.0,54.0,42.0,0.0,0.0,238.0,0.0,0.0
Lusby,MD,CALVERT,2023-10-07,2023,10,7,Fall,1,38.3,-76.4,238.0,206.0,31.0,1.0,0.0,0.0,0.0,101.0,54.0,42.0,0.0,0.0,238.0,0.0,0.0
Lusby,MD,CALVERT,2023-10-08,2023,10,8,Fall,6,38.4,-76.4,238.0,206.0,31.0,1.0,0.0,0.0,0.0,101.0,54.0,42.0,0.0,0.0,238.0,0.0,0.0
Lusby,MD,CALVERT,2023-10-11,2023,10,11,Fall,1,38.4,-76.5,238.0,206.0,31.0,1.0,0.0,0.0,0.0,101.0,54.0,42.0,0.0,0.0,238.0,0.0,0.0
Lusby,MD,CALVERT,2023-10-13,2023,10,13,Fall,2,38.3,-76.4,238.0,206.0,31.0,1.0,0.0,0.0,0.0,101.0,54.0,42.0,0.0,0.0,238.0,0.0,0.0
Lusby,MD,CALVERT,2023-10-25,2023,10,25,Fall,2,38.4,-76.5,238.0,206.0,31.0,1.0,0.0,0.0,0.0,101.0,54.0,42.0,0.0,0.0,238.0,0.0,0.0
Lusby,MD,CALVERT,2023-10-27,2023,10,27,Fall,1,38.4,-76.5,238.0,206.0,31.0,1.0,0.0,0.0,0.0,101.0,54.0,42.0,0.0,0.0,238.0,0.0,0.0
Lusby,MD,CALVERT,2023-10-28,2023,10,28,Fall,1,38.4,-76.5,238.0,206.0,31.0,1.0,0.0,0.0,0.0,101.0,54.0,42.0,0.0,0.0,238.0,0.0,0.0
Lusby,MD,CALVERT,2023-10-29,2023,10,29,Fall,6,38.4,-76.5,238.0,206.0,31.0,1.0,0.0,0.0,0.0,101.0,54.0,42.0,0.0,0.0,238.0,0.0,0.0
Lusby,MD,CALVERT,2023-11-06,2023,11,6,Fall,1,38.4,-76.5,238.0,206.0,31.0,1.0,0.0,0.0,0.0,101.0,54.0,42.0,0.0,0.0,238.0,0.0,0.0
Lykens,PA,DAUPHIN,2023-09-07,2023,9,7,Fall,4,40.6,-76.7,365.0,169.0,184.0,7.0,3.0,2.0,0.0,255.0,79.0,52.0,0.0,0.0,114.0,251.0,0.0
Lykens,PA,DAUPHIN,2023-09-12,2023,9,12,Fall,4,40.6,-76.7,365.0,169.0,184.0,7.0,3.0,2.0,0.0,255.0,79.0,52.0,0.0,0.0,114.0,251.0,0.0
Lyman,NE,SCOTTS BLUFF,2023-10-02,2023,10,2,Fall,1,41.9,-104.0,343.0,298.0,44.0,0.0,0.0,1.0,0.0,225.0,52.0,21.0,0.0,0.0,0.0,343.0,0.0
Lynchburg,VA,LYNCHBURG CITY,2023-06-05,2023,6,5,Summer,8,37.4,-79.3,119.0,93.0,24.0,2.0,0.0,0.0,0.0,135.0,58.0,34.0,0.0,0.0,0.0,119.0,0.0
Lynchburg,VA,LYNCHBURG CITY,2023-06-06,2023,6,6,Summer,8,37.4,-79.3,119.0,93.0,24.0,2.0,0.0,0.0,0.0,135.0,58.0,34.0,0.0,0.0,0.0,119.0,0.0
Lynchburg,VA,LYNCHBURG CITY,2023-07-12,2023,7,12,Summer,8,37.4,-79.3,119.0,93.0,24.0,2.0,0.0,0.0,0.0,135.0,58.0,34.0,0.0,0.0,0.0,119.0,0.0
Lynchburg,VA,LYNCHBURG CITY,2023-08-18,2023,8,18,Summer,8,37.4,-79.3,119.0,93.0,24.0,2.0,0.0,0.0,0.0,135.0,58.0,34.0,0.0,0.0,0.0,119.0,0.0
Lynchburg,VA,LYNCHBURG CITY,2023-08-20,2023,8,20,Summer,32,37.4,-79.3,119.0,93.0,24.0,2.0,0.0,0.0,0.0,135.0,58.0,34.0,0.0,0.0,0.0,119.0,0.0
Lynchburg,VA,LYNCHBURG CITY,2023-08-24,2023,8,24,Summer,8,37.4,-79.3,119.0,93.0,24.0,2.0,0.0,0.0,0.0,135.0,58.0,34.0,0.0,0.0,0.0,119.0,0.0
Lynchburg,VA,LYNCHBURG CITY,2023-08-28,2023,8,28,Summer,16,37.4,-79.2,119.0,93.0,24.0,2.0,0.0,0.0,0.0,135.0,58.0,34.0,0.0,0.0,0.0,119.0,0.0
Lynchburg,VA,LYNCHBURG CITY,2023-09-01,2023,9,1,Fall,8,37.4,-79.2,119.0,93.0,24.0,2.0,0.0,0.0,0.0,135.0,58.0,34.0,0.0,0.0,0.0,119.0,0.0
Lynchburg,VA,LYNCHBURG CITY,2023-09-03,2023,9,3,Fall,8,37.4,-79.2,119.0,93.0,24.0,2.0,0.0,0.0,0.0,135.0,58.0,34.0,0.0,0.0,0.0,119.0,0.0
Lyndhurst,NJ,BERGEN,2023-06-25,2023,6,25,Summer,1,40.8,-74.1,365.0,204.0,152.0,5.0,4.0,0.0,0.0,197.0,69.0,48.0,0.0,29.0,91.0,245.0,0.0
Lynn Center,IL,HENRY,2023-07-30,2023,7,30,Summer,3,41.2,-90.3,,,,,,,,,,,,,,,
Lyons,CO,BOULDER,2023-08-17,2023,8,17,Summer,1,40.2,-105.3,365.0,192.0,167.0,4.0,2.0,0.0,0.0,181.0,74.0,50.0,0.0,0.0,272.0,93.0,0.0
Macedonia,IA,POTTAWATTAMIE,2023-08-11,2023,8,11,Summer,1,41.2,-95.5,122.0,64.0,57.0,0.0,1.0,0.0,0.0,151.0,65.0,49.0,0.0,0.0,0.0,121.0,1.0
Macedonia,OH,SUMMIT,2023-09-10,2023,9,10,Fall,2,41.3,-81.5,348.0,209.0,131.0,5.0,2.0,1.0,0.0,230.0,74.0,46.0,0.0,0.0,150.0,198.0,0.0
Macks Creek,MO,CAMDEN,2023-10-18,2023,10,18,Fall,2,38.0,-93.0,,,,,,,,,,,,,,,
Macomb,MI,MACOMB,2023-09-04,2023,9,4,Fall,3,42.7,-82.9,364.0,182.0,170.0,8.0,4.0,0.0,0.0,195.0,75.0,51.0,0.0,0.0,120.0,244.0,0.0
Macon,GA,BIBB,2023-10-05,2023,10,5,Fall,10,32.9,-83.8,351.0,136.0,211.0,3.0,1.0,0.0,0.0,157.0,71.0,53.0,0.0,0.0,44.0,307.0,0.0
Madison,AL,MADISON,2023-04-04,2023,4,4,Spring,2,34.7,-86.7,364.0,204.0,157.0,3.0,0.0,0.0,0.0,135.0,66.0,49.0,0.0,0.0,92.0,272.0,0.0
Madison,CT,NEW HAVEN,2023-07-30,2023,7,30,Summer,1,41.3,-72.6,365.0,205.0,148.0,9.0,2.0,1.0,0.0,208.0,74.0,47.0,0.0,9.0,158.0,198.0,0.0
Madison,CT,NEW HAVEN,2023-08-01,2023,8,1,Summer,1,41.3,-72.6,365.0,205.0,148.0,9.0,2.0,1.0,0.0,208.0,74.0,47.0,0.0,9.0,158.0,198.0,0.0
Madison,CT,NEW HAVEN,2023-09-16,2023,9,16,Fall,10,41.3,-72.6,365.0,205.0,148.0,9.0,2.0,1.0,0.0,208.0,74.0,47.0,0.0,9.0,158.0,198.0,0.0
Madison,CT,NEW HAVEN,2023-10-03,2023,10,3,Fall,2,41.3,-72.6,365.0,205.0,148.0,9.0,2.0,1.0,0.0,208.0,74.0,47.0,0.0,9.0,158.0,198.0,0.0
Madison,CT,NEW HAVEN,2023-11-08,2023,11,8,Fall,1,41.3,-72.6,365.0,205.0,148.0,9.0,2.0,1.0,0.0,208.0,74.0,47.0,0.0,9.0,158.0,198.0,0.0
Madison,GA,MORGAN,2023-07-23,2023,7,23,Summer,1,33.6,-83.5,,,,,,,,,,,,,,,
Madison,MS,MADISON,2023-10-24,2023,10,24,Fall,2,32.5,-90.1,,,,,,,,,,,,,,,
Madison,SD,LAKE,2023-08-17,2023,8,17,Summer,4,44.0,-97.2,,,,,,,,,,,,,,,
Madison,VA,MADISON,2023-04-26,2023,4,26,Spring,9,38.4,-78.3,330.0,279.0,45.0,4.0,2.0,0.0,0.0,157.0,58.0,42.0,0.0,0.0,281.0,49.0,0.0
Madison,VA,MADISON,2023-05-05,2023,5,5,Spring,9,38.4,-78.3,330.0,279.0,45.0,4.0,2.0,0.0,0.0,157.0,58.0,42.0,0.0,0.0,281.0,49.0,0.0
Madison,VA,MADISON,2023-05-19,2023,5,19,Spring,9,38.4,-78.3,330.0,279.0,45.0,4.0,2.0,0.0,0.0,157.0,58.0,42.0,0.0,0.0,281.0,49.0,0.0
Madison,VA,MADISON,2023-07-28,2023,7,28,Summer,9,38.4,-78.3,330.0,279.0,45.0,4.0,2.0,0.0,0.0,157.0,58.0,42.0,0.0,0.0,281.0,49.0,0.0
Madison,VA,MADISON,2023-07-31,2023,7,31,Summer,9,38.4,-78.3,330.0,279.0,45.0,4.0,2.0,0.0,0.0,157.0,58.0,42.0,0.0,0.0,281.0,49.0,0.0
Madison,VA,MADISON,2023-08-02,2023,8,2,Summer,18,38.4,-78.3,330.0,279.0,45.0,4.0,2.0,0.0,0.0,157.0,58.0,42.0,0.0,0.0,281.0,49.0,0.0
Madison,VA,MADISON,2023-08-03,2023,8,3,Summer,18,38.4,-78.3,330.0,279.0,45.0,4.0,2.0,0.0,0.0,157.0,58.0,42.0,0.0,0.0,281.0,49.0,0.0
Madison,VA,MADISON,2023-08-05,2023,8,5,Summer,18,38.4,-78.3,330.0,279.0,45.0,4.0,2.0,0.0,0.0,157.0,58.0,42.0,0.0,0.0,281.0,49.0,0.0
Madison,VA,MADISON,2023-08-06,2023,8,6,Summer,9,38.4,-78.3,330.0,279.0,45.0,4.0,2.0,0.0,0.0,157.0,58.0,42.0,0.0,0.0,281.0,49.0,0.0
Madison,WI,DANE,2023-05-19,2023,5,19,Spring,20,43.0,-89.4,365.0,184.0,157.0,20.0,1.0,3.0,0.0,268.0,80.0,50.0,0.0,0.0,105.0,260.0,0.0
Madison,WI,DANE,2023-05-23,2023,5,23,Spring,40,43.0,-89.4,365.0,184.0,157.0,20.0,1.0,3.0,0.0,268.0,80.0,50.0,0.0,0.0,105.0,260.0,0.0
Madison,WI,DANE,2023-06-08,2023,6,8,Summer,20,43.0,-89.4,365.0,184.0,157.0,20.0,1.0,3.0,0.0,268.0,80.0,50.0,0.0,0.0,105.0,260.0,0.0
Madison,WI,DANE,2023-06-09,2023,6,9,Summer,20,43.0,-89.5,365.0,184.0,157.0,20.0,1.0,3.0,0.0,268.0,80.0,50.0,0.0,0.0,105.0,260.0,0.0
Madison,WI,DANE,2023-06-22,2023,6,22,Summer,20,43.0,-89.5,365.0,184.0,157.0,20.0,1.0,3.0,0.0,268.0,80.0,50.0,0.0,0.0,105.0,260.0,0.0
Madison,WI,DANE,2023-06-23,2023,6,23,Summer,40,43.0,-89.4,365.0,184.0,157.0,20.0,1.0,3.0,0.0,268.0,80.0,50.0,0.0,0.0,105.0,260.0,0.0
Madison,WI,DANE,2023-06-24,2023,6,24,Summer,20,43.1,-89.4,365.0,184.0,157.0,20.0,1.0,3.0,0.0,268.0,80.0,50.0,0.0,0.0,105.0,260.0,0.0
Madison,WI,DANE,2023-07-12,2023,7,12,Summer,60,43.1,-89.5,365.0,184.0,157.0,20.0,1.0,3.0,0.0,268.0,80.0,50.0,0.0,0.0,105.0,260.0,0.0
Madison,WI,DANE,2023-07-17,2023,7,17,Summer,20,43.1,-89.3,365.0,184.0,157.0,20.0,1.0,3.0,0.0,268.0,80.0,50.0,0.0,0.0,105.0,260.0,0.0
Madison,WI,DANE,2023-07-20,2023,7,20,Summer,20,43.1,-89.4,365.0,184.0,157.0,20.0,1.0,3.0,0.0,268.0,80.0,50.0,0.0,0.0,105.0,260.0,0.0
Madison,WI,DANE,2023-07-23,2023,7,23,Summer,40,43.1,-89.5,365.0,184.0,157.0,20.0,1.0,3.0,0.0,268.0,80.0,50.0,0.0,0.0,105.0,260.0,0.0
Madison,WI,DANE,2023-07-28,2023,7,28,Summer,140,43.1,-89.4,365.0,184.0,157.0,20.0,1.0,3.0,0.0,268.0,80.0,50.0,0.0,0.0,105.0,260.0,0.0
Madison,WI,DANE,2023-07-29,2023,7,29,Summer,280,43.1,-89.4,365.0,184.0,157.0,20.0,1.0,3.0,0.0,268.0,80.0,50.0,0.0,0.0,105.0,260.0,0.0
Madison,WI,DANE,2023-08-01,2023,8,1,Summer,160,43.0,-89.4,365.0,184.0,157.0,20.0,1.0,3.0,0.0,268.0,80.0,50.0,0.0,0.0,105.0,260.0,0.0
Madison,WI,DANE,2023-08-02,2023,8,2,Summer,100,43.1,-89.4,365.0,184.0,157.0,20.0,1.0,3.0,0.0,268.0,80.0,50.0,0.0,0.0,105.0,260.0,0.0
Madison,WI,DANE,2023-08-04,2023,8,4,Summer,60,43.1,-89.5,365.0,184.0,157.0,20.0,1.0,3.0,0.0,268.0,80.0,50.0,0.0,0.0,105.0,260.0,0.0
Madison,WI,DANE,2023-08-05,2023,8,5,Summer,60,43.1,-89.4,365.0,184.0,157.0,20.0,1.0,3.0,0.0,268.0,80.0,50.0,0.0,0.0,105.0,260.0,0.0
Madison,WI,DANE,2023-08-06,2023,8,6,Summer,100,43.1,-89.5,365.0,184.0,157.0,20.0,1.0,3.0,0.0,268.0,80.0,50.0,0.0,0.0,105.0,260.0,0.0
Madison,WI,DANE,2023-08-07,2023,8,7,Summer,20,43.1,-89.4,365.0,184.0,157.0,20.0,1.0,3.0,0.0,268.0,80.0,50.0,0.0,0.0,105.0,260.0,0.0
Madison,WI,DANE,2023-08-15,2023,8,15,Summer,20,43.1,-89.5,365.0,184.0,157.0,20.0,1.0,3.0,0.0,268.0,80.0,50.0,0.0,0.0,105.0,260.0,0.0
Madison,WI,DANE,2023-08-23,2023,8,23,Summer,40,43.1,-89.4,365.0,184.0,157.0,20.0,1.0,3.0,0.0,268.0,80.0,50.0,0.0,0.0,105.0,260.0,0.0
Madison,WI,DANE,2023-08-27,2023,8,27,Summer,20,43.1,-89.4,365.0,184.0,157.0,20.0,1.0,3.0,0.0,268.0,80.0,50.0,0.0,0.0,105.0,260.0,0.0
Madison,WI,DANE,2023-08-29,2023,8,29,Summer,20,43.1,-89.4,365.0,184.0,157.0,20.0,1.0,3.0,0.0,268.0,80.0,50.0,0.0,0.0,105.0,260.0,0.0
Madison,WI,DANE,2023-09-03,2023,9,3,Fall,20,43.1,-89.5,365.0,184.0,157.0,20.0,1.0,3.0,0.0,268.0,80.0,50.0,0.0,0.0,105.0,260.0,0.0
Madison,WI,DANE,2023-09-22,2023,9,22,Fall,60,43.1,-89.4,365.0,184.0,157.0,20.0,1.0,3.0,0.0,268.0,80.0,50.0,0.0,0.0,105.0,260.0,0.0
Madison,WI,DANE,2023-09-24,2023,9,24,Fall,20,43.1,-89.5,365.0,184.0,157.0,20.0,1.0,3.0,0.0,268.0,80.0,50.0,0.0,0.0,105.0,260.0,0.0
Madison,WI,DANE,2023-09-30,2023,9,30,Fall,40,43.0,-89.5,365.0,184.0,157.0,20.0,1.0,3.0,0.0,268.0,80.0,50.0,0.0,0.0,105.0,260.0,0.0
Madison,WI,DANE,2023-10-01,2023,10,1,Fall,20,43.0,-89.5,365.0,184.0,157.0,20.0,1.0,3.0,0.0,268.0,80.0,50.0,0.0,0.0,105.0,260.0,0.0
Madison,WI,DANE,2023-10-12,2023,10,12,Fall,20,43.1,-89.4,365.0,184.0,157.0,20.0,1.0,3.0,0.0,268.0,80.0,50.0,0.0,0.0,105.0,260.0,0.0
Madisonville,LA,SAINT TAMMANY,2023-01-02,2023,1,2,Winter,1,30.4,-90.2,365.0,248.0,116.0,1.0,0.0,0.0,0.0,105.0,61.0,42.0,0.0,0.0,199.0,166.0,0.0
Madrid,IA,BOONE,2023-08-15,2023,8,15,Summer,4,41.9,-93.8,,,,,,,,,,,,,,,
Magnolia,TX,MONTGOMERY,2023-10-15,2023,10,15,Fall,5,30.2,-95.8,364.0,151.0,204.0,9.0,0.0,0.0,0.0,122.0,75.0,53.0,0.0,0.0,148.0,216.0,0.0
Mahomet,IL,CHAMPAIGN,2023-05-18,2023,5,18,Spring,1,40.2,-88.4,365.0,196.0,156.0,11.0,1.0,1.0,0.0,277.0,70.0,48.0,0.0,0.0,150.0,215.0,0.0
Maineville,OH,WARREN,2023-10-19,2023,10,19,Fall,5,39.3,-84.3,364.0,230.0,127.0,5.0,2.0,0.0,0.0,183.0,72.0,44.0,0.0,0.0,162.0,202.0,0.0
Malone,NY,FRANKLIN,2023-09-09,2023,9,9,Fall,2,44.7,-74.2,,,,,,,,,,,,,,,
Malvern,PA,CHESTER,2023-07-29,2023,7,29,Summer,2,40.1,-75.5,361.0,220.0,134.0,3.0,2.0,2.0,0.0,248.0,66.0,45.0,0.0,0.0,126.0,235.0,0.0
Mamaroneck,NY,WESTCHESTER,2023-10-04,2023,10,4,Fall,1,40.9,-73.7,365.0,287.0,71.0,4.0,3.0,0.0,0.0,198.0,58.0,39.0,0.0,0.0,221.0,144.0,0.0
Mammoth Spring,AR,FULTON,2023-04-12,2023,4,12,Spring,4,36.5,-91.5,,,,,,,,,,,,,,,
Manchester,CT,HARTFORD,2023-08-05,2023,8,5,Summer,4,41.8,-72.5,365.0,226.0,132.0,4.0,3.0,0.0,0.0,166.0,64.0,43.0,0.0,19.0,156.0,190.0,0.0
Manchester,IA,DELAWARE,2023-05-11,2023,5,11,Spring,4,42.5,-91.4,,,,,,,,,,,,,,,
Manchester,NH,HILLSBOROUGH,2023-08-16,2023,8,16,Summer,4,43.0,-71.5,365.0,305.0,55.0,5.0,0.0,0.0,0.0,119.0,58.0,39.0,3.0,0.0,293.0,69.0,0.0
Manchester,VT,BENNINGTON,2023-08-10,2023,8,10,Summer,6,43.2,-73.0,359.0,290.0,63.0,4.0,2.0,0.0,0.0,157.0,56.0,38.0,0.0,0.0,215.0,144.0,0.0
Manchester,VT,BENNINGTON,2023-09-08,2023,9,8,Fall,6,43.2,-73.0,359.0,290.0,63.0,4.0,2.0,0.0,0.0,157.0,56.0,38.0,0.0,0.0,215.0,144.0,0.0
Mandeville,LA,SAINT TAMMANY,2023-05-09,2023,5,9,Spring,3,30.4,-90.1,365.0,248.0,116.0,1.0,0.0,0.0,0.0,105.0,61.0,42.0,0.0,0.0,199.0,166.0,0.0
Manhattan Beach,CA,LOS ANGELES,2023-06-29,2023,6,29,Summer,2,33.9,-118.4,365.0,41.0,237.0,52.0,32.0,3.0,0.0,210.0,147.0,67.0,0.0,5.0,150.0,203.0,7.0
Manhattan Beach,CA,LOS ANGELES,2023-08-03,2023,8,3,Summer,10,33.9,-118.4,365.0,41.0,237.0,52.0,32.0,3.0,0.0,210.0,147.0,67.0,0.0,5.0,150.0,203.0,7.0
Manistee,MI,MANISTEE,2023-09-15,2023,9,15,Fall,4,44.2,-86.4,309.0,244.0,57.0,7.0,1.0,0.0,0.0,161.0,69.0,39.0,0.0,0.0,230.0,79.0,0.0
Manor,TX,TRAVIS,2023-12-04,2023,12,4,Winter,8,30.3,-97.6,365.0,147.0,207.0,11.0,0.0,0.0,0.0,122.0,79.0,54.0,0.0,4.0,107.0,254.0,0.0
Mansfield,OH,RICHLAND,2023-08-03,2023,8,3,Summer,24,40.7,-82.6,,,,,,,,,,,,,,,
Mansfield,OH,RICHLAND,2023-08-13,2023,8,13,Summer,8,40.8,-82.4,,,,,,,,,,,,,,,
Mansfield,OH,RICHLAND,2023-08-31,2023,8,31,Summer,8,40.8,-82.4,,,,,,,,,,,,,,,
Mansfield,OH,RICHLAND,2023-09-17,2023,9,17,Fall,8,40.8,-82.4,,,,,,,,,,,,,,,
Mansfield,OH,RICHLAND,2023-09-18,2023,9,18,Fall,8,40.8,-82.4,,,,,,,,,,,,,,,
Mansfield,OH,RICHLAND,2023-10-03,2023,10,3,Fall,8,40.8,-82.4,,,,,,,,,,,,,,,
Mansfield,OH,RICHLAND,2023-10-05,2023,10,5,Fall,8,40.8,-82.4,,,,,,,,,,,,,,,
Mansfield,OH,RICHLAND,2023-10-06,2023,10,6,Fall,16,40.8,-82.4,,,,,,,,,,,,,,,
Mansfield,OH,RICHLAND,2023-10-08,2023,10,8,Fall,8,40.8,-82.4,,,,,,,,,,,,,,,
Mansfield,OH,RICHLAND,2023-10-09,2023,10,9,Fall,8,40.8,-82.4,,,,,,,,,,,,,,,
Mansfield,OH,RICHLAND,2023-10-11,2023,10,11,Fall,16,40.8,-82.4,,,,,,,,,,,,,,,
Mansfield,TX,TARRANT,2023-03-11,2023,3,11,Spring,1,32.6,-97.1,365.0,99.0,239.0,23.0,4.0,0.0,0.0,172.0,93.0,57.0,0.0,4.0,122.0,239.0,0.0
Mansfield,TX,TARRANT,2023-03-13,2023,3,13,Spring,1,32.6,-97.1,365.0,99.0,239.0,23.0,4.0,0.0,0.0,172.0,93.0,57.0,0.0,4.0,122.0,239.0,0.0
Mansfield,TX,TARRANT,2023-04-03,2023,4,3,Spring,5,32.6,-97.1,365.0,99.0,239.0,23.0,4.0,0.0,0.0,172.0,93.0,57.0,0.0,4.0,122.0,239.0,0.0
Mansfield,TX,TARRANT,2023-04-09,2023,4,9,Spring,1,32.6,-97.1,365.0,99.0,239.0,23.0,4.0,0.0,0.0,172.0,93.0,57.0,0.0,4.0,122.0,239.0,0.0
Mansfield,TX,TARRANT,2023-04-12,2023,4,12,Spring,1,32.6,-97.1,365.0,99.0,239.0,23.0,4.0,0.0,0.0,172.0,93.0,57.0,0.0,4.0,122.0,239.0,0.0
Mansfield,TX,TARRANT,2023-04-21,2023,4,21,Spring,1,32.6,-97.1,365.0,99.0,239.0,23.0,4.0,0.0,0.0,172.0,93.0,57.0,0.0,4.0,122.0,239.0,0.0
Mansfield,TX,TARRANT,2023-05-01,2023,5,1,Spring,3,32.6,-97.1,365.0,99.0,239.0,23.0,4.0,0.0,0.0,172.0,93.0,57.0,0.0,4.0,122.0,239.0,0.0
Mansfield,TX,TARRANT,2023-05-20,2023,5,20,Spring,1,32.6,-97.1,365.0,99.0,239.0,23.0,4.0,0.0,0.0,172.0,93.0,57.0,0.0,4.0,122.0,239.0,0.0
Mansfield,TX,TARRANT,2023-05-29,2023,5,29,Spring,1,32.6,-97.1,365.0,99.0,239.0,23.0,4.0,0.0,0.0,172.0,93.0,57.0,0.0,4.0,122.0,239.0,0.0
Mansfield,TX,TARRANT,2023-06-12,2023,6,12,Summer,1,32.6,-97.1,365.0,99.0,239.0,23.0,4.0,0.0,0.0,172.0,93.0,57.0,0.0,4.0,122.0,239.0,0.0
Mansfield,TX,TARRANT,2023-08-26,2023,8,26,Summer,1,32.6,-97.1,365.0,99.0,239.0,23.0,4.0,0.0,0.0,172.0,93.0,57.0,0.0,4.0,122.0,239.0,0.0
Mansfield,TX,TARRANT,2023-08-29,2023,8,29,Summer,1,32.6,-97.1,365.0,99.0,239.0,23.0,4.0,0.0,0.0,172.0,93.0,57.0,0.0,4.0,122.0,239.0,0.0
Mansfield,TX,TARRANT,2023-09-06,2023,9,6,Fall,1,32.6,-97.1,365.0,99.0,239.0,23.0,4.0,0.0,0.0,172.0,93.0,57.0,0.0,4.0,122.0,239.0,0.0
Mansfield,TX,TARRANT,2023-09-22,2023,9,22,Fall,2,32.6,-97.1,365.0,99.0,239.0,23.0,4.0,0.0,0.0,172.0,93.0,57.0,0.0,4.0,122.0,239.0,0.0
Mansfield,TX,TARRANT,2023-09-23,2023,9,23,Fall,2,32.6,-97.1,365.0,99.0,239.0,23.0,4.0,0.0,0.0,172.0,93.0,57.0,0.0,4.0,122.0,239.0,0.0
Mansfield,TX,TARRANT,2023-09-25,2023,9,25,Fall,1,32.6,-97.1,365.0,99.0,239.0,23.0,4.0,0.0,0.0,172.0,93.0,57.0,0.0,4.0,122.0,239.0,0.0
Mansfield,TX,TARRANT,2023-10-06,2023,10,6,Fall,1,32.6,-97.1,365.0,99.0,239.0,23.0,4.0,0.0,0.0,172.0,93.0,57.0,0.0,4.0,122.0,239.0,0.0
Mansfield,TX,TARRANT,2023-10-07,2023,10,7,Fall,3,32.6,-97.1,365.0,99.0,239.0,23.0,4.0,0.0,0.0,172.0,93.0,57.0,0.0,4.0,122.0,239.0,0.0
Mansfield,TX,TARRANT,2023-10-08,2023,10,8,Fall,1,32.6,-97.1,365.0,99.0,239.0,23.0,4.0,0.0,0.0,172.0,93.0,57.0,0.0,4.0,122.0,239.0,0.0
Mansfield,TX,TARRANT,2023-10-13,2023,10,13,Fall,4,32.6,-97.1,365.0,99.0,239.0,23.0,4.0,0.0,0.0,172.0,93.0,57.0,0.0,4.0,122.0,239.0,0.0
Mansfield,TX,TARRANT,2023-10-21,2023,10,21,Fall,10,32.6,-97.1,365.0,99.0,239.0,23.0,4.0,0.0,0.0,172.0,93.0,57.0,0.0,4.0,122.0,239.0,0.0
Mansfield,TX,TARRANT,2023-11-03,2023,11,3,Fall,1,32.6,-97.1,365.0,99.0,239.0,23.0,4.0,0.0,0.0,172.0,93.0,57.0,0.0,4.0,122.0,239.0,0.0
Mansfield,TX,TARRANT,2023-11-22,2023,11,22,Fall,3,32.6,-97.1,365.0,99.0,239.0,23.0,4.0,0.0,0.0,172.0,93.0,57.0,0.0,4.0,122.0,239.0,0.0
Mansfield,TX,TARRANT,2023-12-02,2023,12,2,Winter,3,32.6,-97.1,365.0,99.0,239.0,23.0,4.0,0.0,0.0,172.0,93.0,57.0,0.0,4.0,122.0,239.0,0.0
Mansfield,TX,TARRANT,2023-12-08,2023,12,8,Winter,1,32.6,-97.1,365.0,99.0,239.0,23.0,4.0,0.0,0.0,172.0,93.0,57.0,0.0,4.0,122.0,239.0,0.0
Mansfield,TX,TARRANT,2023-12-16,2023,12,16,Winter,1,32.6,-97.1,365.0,99.0,239.0,23.0,4.0,0.0,0.0,172.0,93.0,57.0,0.0,4.0,122.0,239.0,0.0
Manton,MI,WEXFORD,2023-06-22,2023,6,22,Summer,1,44.4,-85.5,359.0,314.0,42.0,3.0,0.0,0.0,0.0,105.0,61.0,35.0,0.0,0.0,359.0,0.0,0.0
Manton,MI,WEXFORD,2023-07-11,2023,7,11,Summer,1,44.4,-85.5,359.0,314.0,42.0,3.0,0.0,0.0,0.0,105.0,61.0,35.0,0.0,0.0,359.0,0.0,0.0
Manton,MI,WEXFORD,2023-07-15,2023,7,15,Summer,1,44.4,-85.5,359.0,314.0,42.0,3.0,0.0,0.0,0.0,105.0,61.0,35.0,0.0,0.0,359.0,0.0,0.0
Manton,MI,WEXFORD,2023-07-28,2023,7,28,Summer,1,44.4,-85.5,359.0,314.0,42.0,3.0,0.0,0.0,0.0,105.0,61.0,35.0,0.0,0.0,359.0,0.0,0.0
Manton,MI,WEXFORD,2023-07-30,2023,7,30,Summer,1,44.4,-85.5,359.0,314.0,42.0,3.0,0.0,0.0,0.0,105.0,61.0,35.0,0.0,0.0,359.0,0.0,0.0
Manton,MI,WEXFORD,2023-08-05,2023,8,5,Summer,1,44.4,-85.5,359.0,314.0,42.0,3.0,0.0,0.0,0.0,105.0,61.0,35.0,0.0,0.0,359.0,0.0,0.0
Manton,MI,WEXFORD,2023-08-09,2023,8,9,Summer,1,44.4,-85.5,359.0,314.0,42.0,3.0,0.0,0.0,0.0,105.0,61.0,35.0,0.0,0.0,359.0,0.0,0.0
Manton,MI,WEXFORD,2023-08-25,2023,8,25,Summer,1,44.4,-85.5,359.0,314.0,42.0,3.0,0.0,0.0,0.0,105.0,61.0,35.0,0.0,0.0,359.0,0.0,0.0
Manton,MI,WEXFORD,2023-08-27,2023,8,27,Summer,1,44.4,-85.5,359.0,314.0,42.0,3.0,0.0,0.0,0.0,105.0,61.0,35.0,0.0,0.0,359.0,0.0,0.0
Manton,MI,WEXFORD,2023-08-30,2023,8,30,Summer,1,44.4,-85.5,359.0,314.0,42.0,3.0,0.0,0.0,0.0,105.0,61.0,35.0,0.0,0.0,359.0,0.0,0.0
Manton,MI,WEXFORD,2023-08-31,2023,8,31,Summer,1,44.4,-85.5,359.0,314.0,42.0,3.0,0.0,0.0,0.0,105.0,61.0,35.0,0.0,0.0,359.0,0.0,0.0
Manton,MI,WEXFORD,2023-09-01,2023,9,1,Fall,1,44.4,-85.5,359.0,314.0,42.0,3.0,0.0,0.0,0.0,105.0,61.0,35.0,0.0,0.0,359.0,0.0,0.0
Manton,MI,WEXFORD,2023-09-16,2023,9,16,Fall,1,44.4,-85.5,359.0,314.0,42.0,3.0,0.0,0.0,0.0,105.0,61.0,35.0,0.0,0.0,359.0,0.0,0.0
Manton,MI,WEXFORD,2023-09-21,2023,9,21,Fall,1,44.4,-85.5,359.0,314.0,42.0,3.0,0.0,0.0,0.0,105.0,61.0,35.0,0.0,0.0,359.0,0.0,0.0
Manton,MI,WEXFORD,2023-09-23,2023,9,23,Fall,1,44.4,-85.5,359.0,314.0,42.0,3.0,0.0,0.0,0.0,105.0,61.0,35.0,0.0,0.0,359.0,0.0,0.0
Manton,MI,WEXFORD,2023-09-24,2023,9,24,Fall,1,44.4,-85.5,359.0,314.0,42.0,3.0,0.0,0.0,0.0,105.0,61.0,35.0,0.0,0.0,359.0,0.0,0.0
Manton,MI,WEXFORD,2023-09-26,2023,9,26,Fall,1,44.4,-85.5,359.0,314.0,42.0,3.0,0.0,0.0,0.0,105.0,61.0,35.0,0.0,0.0,359.0,0.0,0.0
Manton,MI,WEXFORD,2023-09-27,2023,9,27,Fall,1,44.4,-85.5,359.0,314.0,42.0,3.0,0.0,0.0,0.0,105.0,61.0,35.0,0.0,0.0,359.0,0.0,0.0
Manton,MI,WEXFORD,2023-10-02,2023,10,2,Fall,1,44.4,-85.5,359.0,314.0,42.0,3.0,0.0,0.0,0.0,105.0,61.0,35.0,0.0,0.0,359.0,0.0,0.0
Manton,MI,WEXFORD,2023-10-05,2023,10,5,Fall,1,44.4,-85.5,359.0,314.0,42.0,3.0,0.0,0.0,0.0,105.0,61.0,35.0,0.0,0.0,359.0,0.0,0.0
Manton,MI,WEXFORD,2023-10-06,2023,10,6,Fall,1,44.4,-85.5,359.0,314.0,42.0,3.0,0.0,0.0,0.0,105.0,61.0,35.0,0.0,0.0,359.0,0.0,0.0
Maple Lake,MN,WRIGHT,2023-09-27,2023,9,27,Fall,2,45.2,-94.0,349.0,183.0,145.0,18.0,3.0,0.0,0.0,186.0,87.0,49.0,0.0,0.0,113.0,236.0,0.0
Marathon,FL,MONROE,2023-01-04,2023,1,4,Winter,6,24.7,-81.1,,,,,,,,,,,,,,,
Marathon,FL,MONROE,2023-10-18,2023,10,18,Fall,24,24.7,-81.1,,,,,,,,,,,,,,,
Marathon,FL,MONROE,2023-10-23,2023,10,23,Fall,12,24.8,-81.0,,,,,,,,,,,,,,,
Marblehead,MA,ESSEX,2023-07-23,2023,7,23,Summer,2,42.5,-70.9,365.0,243.0,120.0,2.0,0.0,0.0,0.0,105.0,60.0,44.0,0.0,1.0,160.0,204.0,0.0
Marblehead,MA,ESSEX,2023-08-04,2023,8,4,Summer,8,42.5,-70.9,365.0,243.0,120.0,2.0,0.0,0.0,0.0,105.0,60.0,44.0,0.0,1.0,160.0,204.0,0.0
Marblehead,MA,ESSEX,2023-08-14,2023,8,14,Summer,8,42.5,-70.9,365.0,243.0,120.0,2.0,0.0,0.0,0.0,105.0,60.0,44.0,0.0,1.0,160.0,204.0,0.0
Marco Island,FL,COLLIER,2023-03-31,2023,3,31,Spring,1,25.9,-81.6,360.0,259.0,100.0,1.0,0.0,0.0,0.0,144.0,57.0,43.0,0.0,0.0,101.0,259.0,0.0
Margaretville,NY,DELAWARE,2023-09-13,2023,9,13,Fall,3,42.2,-74.7,,,,,,,,,,,,,,,
Margate City,NJ,ATLANTIC,2023-09-04,2023,9,4,Fall,10,39.3,-74.5,365.0,270.0,90.0,3.0,1.0,1.0,0.0,265.0,60.0,38.0,0.0,0.0,142.0,223.0,0.0
Marietta,GA,COBB,2023-08-13,2023,8,13,Summer,7,34.1,-84.5,323.0,215.0,105.0,3.0,0.0,0.0,0.0,125.0,65.0,43.0,0.0,0.0,183.0,140.0,0.0
Marietta,GA,COBB,2023-10-03,2023,10,3,Fall,14,34.0,-84.5,323.0,215.0,105.0,3.0,0.0,0.0,0.0,125.0,65.0,43.0,0.0,0.0,183.0,140.0,0.0
Marietta,GA,COBB,2023-10-21,2023,10,21,Fall,7,34.0,-84.4,323.0,215.0,105.0,3.0,0.0,0.0,0.0,125.0,65.0,43.0,0.0,0.0,183.0,140.0,0.0
Marine City,MI,SAINT CLAIR,2023-08-15,2023,8,15,Summer,8,42.7,-82.5,362.0,186.0,163.0,9.0,4.0,0.0,0.0,197.0,71.0,49.0,0.0,0.0,106.0,256.0,0.0
Marion,MA,PLYMOUTH,2023-07-25,2023,7,25,Summer,1,41.7,-70.8,365.0,278.0,83.0,4.0,0.0,0.0,0.0,114.0,58.0,40.0,0.0,0.0,210.0,155.0,0.0
Marion,MA,PLYMOUTH,2023-08-29,2023,8,29,Summer,3,41.7,-70.8,365.0,278.0,83.0,4.0,0.0,0.0,0.0,114.0,58.0,40.0,0.0,0.0,210.0,155.0,0.0
Marion,MA,PLYMOUTH,2023-09-13,2023,9,13,Fall,1,41.7,-70.8,365.0,278.0,83.0,4.0,0.0,0.0,0.0,114.0,58.0,40.0,0.0,0.0,210.0,155.0,0.0
Marion,MI,OSCEOLA,2023-07-01,2023,7,1,Summer,3,44.2,-85.1,,,,,,,,,,,,,,,
Marlboro,NJ,MONMOUTH,2023-08-12,2023,8,12,Summer,2,40.4,-74.2,247.0,210.0,35.0,2.0,0.0,0.0,0.0,140.0,61.0,39.0,0.0,0.0,247.0,0.0,0.0
Marshalltown,IA,MARSHALL,2023-05-25,2023,5,25,Spring,1,42.0,-92.9,,,,,,,,,,,,,,,
Marshfield,MA,PLYMOUTH,2023-08-05,2023,8,5,Summer,6,42.1,-70.7,365.0,278.0,83.0,4.0,0.0,0.0,0.0,114.0,58.0,40.0,0.0,0.0,210.0,155.0,0.0
Martindale,TX,CALDWELL,2023-10-15,2023,10,15,Fall,2,29.8,-97.8,,,,,,,,,,,,,,,
Martinez,CA,CONTRA COSTA,2023-10-18,2023,10,18,Fall,3,38.0,-122.1,365.0,172.0,191.0,2.0,0.0,0.0,0.0,110.0,64.0,52.0,0.0,1.0,93.0,271.0,0.0
Marysville,MI,SAINT CLAIR,2023-09-01,2023,9,1,Fall,3,43.3,-83.1,362.0,186.0,163.0,9.0,4.0,0.0,0.0,197.0,71.0,49.0,0.0,0.0,106.0,256.0,0.0
Marysville,OH,UNION,2023-07-30,2023,7,30,Summer,2,40.3,-83.4,,,,,,,,,,,,,,,
Maryville,IL,MADISON,2023-08-16,2023,8,16,Summer,1,38.7,-90.0,363.0,113.0,234.0,14.0,2.0,0.0,0.0,155.0,81.0,55.0,0.0,0.0,124.0,239.0,0.0
Maryville,TN,BLOUNT,2023-08-16,2023,8,16,Summer,1,35.7,-84.0,365.0,224.0,133.0,8.0,0.0,0.0,0.0,137.0,67.0,46.0,0.0,0.0,203.0,162.0,0.0
Maryville,TN,BLOUNT,2023-10-21,2023,10,21,Fall,5,35.8,-84.0,365.0,224.0,133.0,8.0,0.0,0.0,0.0,137.0,67.0,46.0,0.0,0.0,203.0,162.0,0.0
Maryville,TN,BLOUNT,2023-11-13,2023,11,13,Fall,1,35.8,-83.9,365.0,224.0,133.0,8.0,0.0,0.0,0.0,137.0,67.0,46.0,0.0,0.0,203.0,162.0,0.0
Mason,TX,MASON,2023-10-09,2023,10,9,Fall,50,30.8,-99.2,,,,,,,,,,,,,,,
Mason City,IL,MASON,2023-10-03,2023,10,3,Fall,9,40.2,-89.6,,,,,,,,,,,,,,,
Massapequa Park,NY,NASSAU,2023-10-03,2023,10,3,Fall,6,40.7,-73.5,365.0,275.0,86.0,1.0,3.0,0.0,0.0,197.0,57.0,31.0,0.0,0.0,0.0,365.0,0.0
Massillon,OH,STARK,2023-07-07,2023,7,7,Summer,1,40.8,-81.5,365.0,161.0,194.0,7.0,1.0,2.0,0.0,283.0,78.0,52.0,0.0,0.0,99.0,266.0,0.0
Massillon,OH,STARK,2023-07-29,2023,7,29,Summer,1,40.8,-81.5,365.0,161.0,194.0,7.0,1.0,2.0,0.0,283.0,78.0,52.0,0.0,0.0,99.0,266.0,0.0
Matamoras,PA,PIKE,2023-08-30,2023,8,30,Summer,1,41.4,-74.7,,,,,,,,,,,,,,,
Mattituck,NY,SUFFOLK,2023-08-16,2023,8,16,Summer,1,41.0,-72.5,365.0,278.0,74.0,11.0,2.0,0.0,0.0,195.0,62.0,41.0,0.0,1.0,278.0,86.0,0.0
Mauldin,SC,GREENVILLE,2023-10-23,2023,10,23,Fall,2,34.8,-82.3,365.0,167.0,196.0,2.0,0.0,0.0,0.0,126.0,70.0,52.0,0.0,2.0,134.0,229.0,0.0
Maumelle,AR,PULASKI,2023-08-01,2023,8,1,Summer,10,34.9,-92.4,365.0,122.0,238.0,4.0,1.0,0.0,0.0,174.0,79.0,55.0,0.0,0.0,60.0,305.0,0.0
Maywood,IL,COOK,2023-07-10,2023,7,10,Summer,4,41.9,-87.9,365.0,104.0,227.0,27.0,5.0,2.0,0.0,223.0,93.0,57.0,0.0,8.0,97.0,252.0,8.0
Mazomanie,WI,DANE,2023-08-21,2023,8,21,Summer,3,43.2,-89.8,365.0,184.0,157.0,20.0,1.0,3.0,0.0,268.0,80.0,50.0,0.0,0.0,105.0,260.0,0.0
McAllen,TX,HIDALGO,2023-02-05,2023,2,5,Winter,5,26.3,-98.2,357.0,206.0,151.0,0.0,0.0,0.0,0.0,95.0,68.0,44.0,0.0,0.0,19.0,338.0,0.0
McDonough,GA,HENRY,2023-10-04,2023,10,4,Fall,4,33.4,-84.1,361.0,226.0,128.0,6.0,1.0,0.0,0.0,153.0,63.0,44.0,0.0,0.0,107.0,254.0,0.0
McDonough,GA,HENRY,2023-10-24,2023,10,24,Fall,8,33.4,-84.1,361.0,226.0,128.0,6.0,1.0,0.0,0.0,153.0,63.0,44.0,0.0,0.0,107.0,254.0,0.0
McKinney,TX,COLLIN,2023-05-17,2023,5,17,Spring,3,33.2,-96.7,356.0,261.0,74.0,19.0,2.0,0.0,0.0,154.0,80.0,41.0,0.0,0.0,356.0,0.0,0.0
McKinney,TX,COLLIN,2023-06-29,2023,6,29,Summer,3,33.2,-96.6,356.0,261.0,74.0,19.0,2.0,0.0,0.0,154.0,80.0,41.0,0.0,0.0,356.0,0.0,0.0
McKinney,TX,COLLIN,2023-08-26,2023,8,26,Summer,6,33.2,-96.6,356.0,261.0,74.0,19.0,2.0,0.0,0.0,154.0,80.0,41.0,0.0,0.0,356.0,0.0,0.0
McKinney,TX,COLLIN,2023-09-01,2023,9,1,Fall,12,33.2,-96.6,356.0,261.0,74.0,19.0,2.0,0.0,0.0,154.0,80.0,41.0,0.0,0.0,356.0,0.0,0.0
McKinney,TX,COLLIN,2023-09-03,2023,9,3,Fall,3,33.2,-96.6,356.0,261.0,74.0,19.0,2.0,0.0,0.0,154.0,80.0,41.0,0.0,0.0,356.0,0.0,0.0
McKinney,TX,COLLIN,2023-10-08,2023,10,8,Fall,33,33.2,-96.7,356.0,261.0,74.0,19.0,2.0,0.0,0.0,154.0,80.0,41.0,0.0,0.0,356.0,0.0,0.0
McKinney,TX,COLLIN,2023-10-09,2023,10,9,Fall,9,33.2,-96.7,356.0,261.0,74.0,19.0,2.0,0.0,0.0,154.0,80.0,41.0,0.0,0.0,356.0,0.0,0.0
McKinney,TX,COLLIN,2023-10-10,2023,10,10,Fall,9,33.2,-96.6,356.0,261.0,74.0,19.0,2.0,0.0,0.0,154.0,80.0,41.0,0.0,0.0,356.0,0.0,0.0
McKinney,TX,COLLIN,2023-10-11,2023,10,11,Fall,18,33.2,-96.7,356.0,261.0,74.0,19.0,2.0,0.0,0.0,154.0,80.0,41.0,0.0,0.0,356.0,0.0,0.0
McKinney,TX,COLLIN,2023-10-13,2023,10,13,Fall,24,33.1,-96.6,356.0,261.0,74.0,19.0,2.0,0.0,0.0,154.0,80.0,41.0,0.0,0.0,356.0,0.0,0.0
McKinney,TX,COLLIN,2023-11-18,2023,11,18,Fall,3,33.2,-96.7,356.0,261.0,74.0,19.0,2.0,0.0,0.0,154.0,80.0,41.0,0.0,0.0,356.0,0.0,0.0
Mechanicsburg,PA,CUMBERLAND,2023-07-02,2023,7,2,Summer,26,40.2,-77.0,365.0,212.0,146.0,3.0,2.0,2.0,0.0,224.0,68.0,44.0,0.0,0.0,0.0,365.0,0.0
Mechanicsburg,PA,CUMBERLAND,2023-07-10,2023,7,10,Summer,26,40.2,-77.0,365.0,212.0,146.0,3.0,2.0,2.0,0.0,224.0,68.0,44.0,0.0,0.0,0.0,365.0,0.0
Mechanicsburg,PA,CUMBERLAND,2023-07-15,2023,7,15,Summer,26,40.2,-77.0,365.0,212.0,146.0,3.0,2.0,2.0,0.0,224.0,68.0,44.0,0.0,0.0,0.0,365.0,0.0
Mechanicsburg,PA,CUMBERLAND,2023-07-21,2023,7,21,Summer,26,40.2,-77.0,365.0,212.0,146.0,3.0,2.0,2.0,0.0,224.0,68.0,44.0,0.0,0.0,0.0,365.0,0.0
Mechanicsburg,PA,CUMBERLAND,2023-07-23,2023,7,23,Summer,26,40.2,-77.0,365.0,212.0,146.0,3.0,2.0,2.0,0.0,224.0,68.0,44.0,0.0,0.0,0.0,365.0,0.0
Mechanicsburg,PA,CUMBERLAND,2023-08-19,2023,8,19,Summer,52,40.2,-77.0,365.0,212.0,146.0,3.0,2.0,2.0,0.0,224.0,68.0,44.0,0.0,0.0,0.0,365.0,0.0
Mechanicsburg,PA,CUMBERLAND,2023-08-21,2023,8,21,Summer,26,40.2,-77.0,365.0,212.0,146.0,3.0,2.0,2.0,0.0,224.0,68.0,44.0,0.0,0.0,0.0,365.0,0.0
Mechanicsburg,PA,CUMBERLAND,2023-08-26,2023,8,26,Summer,26,40.2,-77.0,365.0,212.0,146.0,3.0,2.0,2.0,0.0,224.0,68.0,44.0,0.0,0.0,0.0,365.0,0.0
Mechanicsville,VA,HANOVER,2023-08-08,2023,8,8,Summer,2,37.7,-77.4,229.0,213.0,15.0,1.0,0.0,0.0,0.0,101.0,50.0,40.0,0.0,0.0,229.0,0.0,0.0
Mechanicsville,VA,HANOVER,2023-09-07,2023,9,7,Fall,2,37.6,-77.4,229.0,213.0,15.0,1.0,0.0,0.0,0.0,101.0,50.0,40.0,0.0,0.0,229.0,0.0,0.0
Mechanicsville,VA,HANOVER,2023-10-24,2023,10,24,Fall,2,37.6,-77.4,229.0,213.0,15.0,1.0,0.0,0.0,0.0,101.0,50.0,40.0,0.0,0.0,229.0,0.0,0.0
Medford,MA,MIDDLESEX,2023-08-06,2023,8,6,Summer,5,42.4,-71.1,365.0,281.0,83.0,1.0,0.0,0.0,0.0,101.0,57.0,39.0,0.0,7.0,193.0,165.0,0.0
Medford,NY,SUFFOLK,2023-09-02,2023,9,2,Fall,2,40.8,-73.0,365.0,278.0,74.0,11.0,2.0,0.0,0.0,195.0,62.0,41.0,0.0,1.0,278.0,86.0,0.0
Medford,OR,JACKSON,2023-06-29,2023,6,29,Summer,1,42.3,-122.9,365.0,216.0,135.0,2.0,7.0,5.0,0.0,237.0,69.0,45.0,0.0,0.0,98.0,267.0,0.0
Medford,OR,JACKSON,2023-07-29,2023,7,29,Summer,1,42.3,-122.9,365.0,216.0,135.0,2.0,7.0,5.0,0.0,237.0,69.0,45.0,0.0,0.0,98.0,267.0,0.0
Medford,OR,JACKSON,2023-07-30,2023,7,30,Summer,1,42.3,-122.8,365.0,216.0,135.0,2.0,7.0,5.0,0.0,237.0,69.0,45.0,0.0,0.0,98.0,267.0,0.0
Medford,OR,JACKSON,2023-08-03,2023,8,3,Summer,2,42.3,-122.8,365.0,216.0,135.0,2.0,7.0,5.0,0.0,237.0,69.0,45.0,0.0,0.0,98.0,267.0,0.0
Medford,OR,JACKSON,2023-08-04,2023,8,4,Summer,1,42.3,-122.8,365.0,216.0,135.0,2.0,7.0,5.0,0.0,237.0,69.0,45.0,0.0,0.0,98.0,267.0,0.0
Medford,OR,JACKSON,2023-08-18,2023,8,18,Summer,1,42.3,-122.8,365.0,216.0,135.0,2.0,7.0,5.0,0.0,237.0,69.0,45.0,0.0,0.0,98.0,267.0,0.0
Media,PA,DELAWARE,2023-09-01,2023,9,1,Fall,0,39.9,-75.4,365.0,187.0,169.0,5.0,2.0,2.0,0.0,271.0,74.0,50.0,0.0,1.0,111.0,253.0,0.0
Media,PA,DELAWARE,2023-09-03,2023,9,3,Fall,0,39.9,-75.4,365.0,187.0,169.0,5.0,2.0,2.0,0.0,271.0,74.0,50.0,0.0,1.0,111.0,253.0,0.0
Media,PA,DELAWARE,2023-09-04,2023,9,4,Fall,20,39.9,-75.4,365.0,187.0,169.0,5.0,2.0,2.0,0.0,271.0,74.0,50.0,0.0,1.0,111.0,253.0,0.0
Media,PA,DELAWARE,2023-09-05,2023,9,5,Fall,10,39.9,-75.4,365.0,187.0,169.0,5.0,2.0,2.0,0.0,271.0,74.0,50.0,0.0,1.0,111.0,253.0,0.0
Media,PA,DELAWARE,2023-09-07,2023,9,7,Fall,0,39.9,-75.4,365.0,187.0,169.0,5.0,2.0,2.0,0.0,271.0,74.0,50.0,0.0,1.0,111.0,253.0,0.0
Media,PA,DELAWARE,2023-09-08,2023,9,8,Fall,10,39.9,-75.4,365.0,187.0,169.0,5.0,2.0,2.0,0.0,271.0,74.0,50.0,0.0,1.0,111.0,253.0,0.0
Media,PA,DELAWARE,2023-09-11,2023,9,11,Fall,10,39.9,-75.4,365.0,187.0,169.0,5.0,2.0,2.0,0.0,271.0,74.0,50.0,0.0,1.0,111.0,253.0,0.0
Media,PA,DELAWARE,2023-09-26,2023,9,26,Fall,0,39.9,-75.4,365.0,187.0,169.0,5.0,2.0,2.0,0.0,271.0,74.0,50.0,0.0,1.0,111.0,253.0,0.0
Media,PA,DELAWARE,2023-09-27,2023,9,27,Fall,20,39.9,-75.4,365.0,187.0,169.0,5.0,2.0,2.0,0.0,271.0,74.0,50.0,0.0,1.0,111.0,253.0,0.0
Media,PA,DELAWARE,2023-09-28,2023,9,28,Fall,0,39.9,-75.4,365.0,187.0,169.0,5.0,2.0,2.0,0.0,271.0,74.0,50.0,0.0,1.0,111.0,253.0,0.0
Media,PA,DELAWARE,2023-09-29,2023,9,29,Fall,20,39.9,-75.4,365.0,187.0,169.0,5.0,2.0,2.0,0.0,271.0,74.0,50.0,0.0,1.0,111.0,253.0,0.0
Media,PA,DELAWARE,2023-09-30,2023,9,30,Fall,10,39.9,-75.4,365.0,187.0,169.0,5.0,2.0,2.0,0.0,271.0,74.0,50.0,0.0,1.0,111.0,253.0,0.0
Media,PA,DELAWARE,2023-10-01,2023,10,1,Fall,20,39.9,-75.4,365.0,187.0,169.0,5.0,2.0,2.0,0.0,271.0,74.0,50.0,0.0,1.0,111.0,253.0,0.0
Media,PA,DELAWARE,2023-10-03,2023,10,3,Fall,20,39.9,-75.4,365.0,187.0,169.0,5.0,2.0,2.0,0.0,271.0,74.0,50.0,0.0,1.0,111.0,253.0,0.0
Media,PA,DELAWARE,2023-10-04,2023,10,4,Fall,20,39.9,-75.4,365.0,187.0,169.0,5.0,2.0,2.0,0.0,271.0,74.0,50.0,0.0,1.0,111.0,253.0,0.0
Media,PA,DELAWARE,2023-10-08,2023,10,8,Fall,0,39.9,-75.4,365.0,187.0,169.0,5.0,2.0,2.0,0.0,271.0,74.0,50.0,0.0,1.0,111.0,253.0,0.0
Media,PA,DELAWARE,2023-10-13,2023,10,13,Fall,10,39.9,-75.4,365.0,187.0,169.0,5.0,2.0,2.0,0.0,271.0,74.0,50.0,0.0,1.0,111.0,253.0,0.0
Media,PA,DELAWARE,2023-10-16,2023,10,16,Fall,0,39.9,-75.4,365.0,187.0,169.0,5.0,2.0,2.0,0.0,271.0,74.0,50.0,0.0,1.0,111.0,253.0,0.0
Media,PA,DELAWARE,2023-10-17,2023,10,17,Fall,10,39.9,-75.4,365.0,187.0,169.0,5.0,2.0,2.0,0.0,271.0,74.0,50.0,0.0,1.0,111.0,253.0,0.0
Media,PA,DELAWARE,2023-10-18,2023,10,18,Fall,0,39.9,-75.4,365.0,187.0,169.0,5.0,2.0,2.0,0.0,271.0,74.0,50.0,0.0,1.0,111.0,253.0,0.0
Media,PA,DELAWARE,2023-10-19,2023,10,19,Fall,0,39.9,-75.4,365.0,187.0,169.0,5.0,2.0,2.0,0.0,271.0,74.0,50.0,0.0,1.0,111.0,253.0,0.0
Media,PA,DELAWARE,2023-10-20,2023,10,20,Fall,10,39.9,-75.4,365.0,187.0,169.0,5.0,2.0,2.0,0.0,271.0,74.0,50.0,0.0,1.0,111.0,253.0,0.0
Media,PA,DELAWARE,2023-10-22,2023,10,22,Fall,20,39.9,-75.4,365.0,187.0,169.0,5.0,2.0,2.0,0.0,271.0,74.0,50.0,0.0,1.0,111.0,253.0,0.0
Media,PA,DELAWARE,2023-10-23,2023,10,23,Fall,0,39.9,-75.4,365.0,187.0,169.0,5.0,2.0,2.0,0.0,271.0,74.0,50.0,0.0,1.0,111.0,253.0,0.0
Media,PA,DELAWARE,2023-10-24,2023,10,24,Fall,0,39.9,-75.4,365.0,187.0,169.0,5.0,2.0,2.0,0.0,271.0,74.0,50.0,0.0,1.0,111.0,253.0,0.0
Media,PA,DELAWARE,2023-10-26,2023,10,26,Fall,0,39.9,-75.4,365.0,187.0,169.0,5.0,2.0,2.0,0.0,271.0,74.0,50.0,0.0,1.0,111.0,253.0,0.0
Media,PA,DELAWARE,2023-10-27,2023,10,27,Fall,10,39.9,-75.4,365.0,187.0,169.0,5.0,2.0,2.0,0.0,271.0,74.0,50.0,0.0,1.0,111.0,253.0,0.0
Media,PA,DELAWARE,2023-10-28,2023,10,28,Fall,0,39.9,-75.4,365.0,187.0,169.0,5.0,2.0,2.0,0.0,271.0,74.0,50.0,0.0,1.0,111.0,253.0,0.0
Media,PA,DELAWARE,2023-10-29,2023,10,29,Fall,0,39.9,-75.4,365.0,187.0,169.0,5.0,2.0,2.0,0.0,271.0,74.0,50.0,0.0,1.0,111.0,253.0,0.0
Media,PA,DELAWARE,2023-10-30,2023,10,30,Fall,10,39.9,-75.4,365.0,187.0,169.0,5.0,2.0,2.0,0.0,271.0,74.0,50.0,0.0,1.0,111.0,253.0,0.0
Media,PA,DELAWARE,2023-10-31,2023,10,31,Fall,0,39.9,-75.4,365.0,187.0,169.0,5.0,2.0,2.0,0.0,271.0,74.0,50.0,0.0,1.0,111.0,253.0,0.0
Media,PA,DELAWARE,2023-11-01,2023,11,1,Fall,0,39.9,-75.4,365.0,187.0,169.0,5.0,2.0,2.0,0.0,271.0,74.0,50.0,0.0,1.0,111.0,253.0,0.0
Media,PA,DELAWARE,2023-11-02,2023,11,2,Fall,0,39.9,-75.4,365.0,187.0,169.0,5.0,2.0,2.0,0.0,271.0,74.0,50.0,0.0,1.0,111.0,253.0,0.0
Media,PA,DELAWARE,2023-11-03,2023,11,3,Fall,0,39.9,-75.4,365.0,187.0,169.0,5.0,2.0,2.0,0.0,271.0,74.0,50.0,0.0,1.0,111.0,253.0,0.0
Media,PA,DELAWARE,2023-11-05,2023,11,5,Fall,0,39.9,-75.4,365.0,187.0,169.0,5.0,2.0,2.0,0.0,271.0,74.0,50.0,0.0,1.0,111.0,253.0,0.0
Media,PA,DELAWARE,2023-11-06,2023,11,6,Fall,0,39.9,-75.4,365.0,187.0,169.0,5.0,2.0,2.0,0.0,271.0,74.0,50.0,0.0,1.0,111.0,253.0,0.0
Media,PA,DELAWARE,2023-11-07,2023,11,7,Fall,0,39.9,-75.4,365.0,187.0,169.0,5.0,2.0,2.0,0.0,271.0,74.0,50.0,0.0,1.0,111.0,253.0,0.0
Media,PA,DELAWARE,2023-11-08,2023,11,8,Fall,0,39.9,-75.4,365.0,187.0,169.0,5.0,2.0,2.0,0.0,271.0,74.0,50.0,0.0,1.0,111.0,253.0,0.0
Media,PA,DELAWARE,2023-11-09,2023,11,9,Fall,0,39.9,-75.4,365.0,187.0,169.0,5.0,2.0,2.0,0.0,271.0,74.0,50.0,0.0,1.0,111.0,253.0,0.0
Media,PA,DELAWARE,2023-11-10,2023,11,10,Fall,0,39.9,-75.4,365.0,187.0,169.0,5.0,2.0,2.0,0.0,271.0,74.0,50.0,0.0,1.0,111.0,253.0,0.0
Media,PA,DELAWARE,2023-11-11,2023,11,11,Fall,0,39.9,-75.4,365.0,187.0,169.0,5.0,2.0,2.0,0.0,271.0,74.0,50.0,0.0,1.0,111.0,253.0,0.0
Media,PA,DELAWARE,2023-11-13,2023,11,13,Fall,0,39.9,-75.4,365.0,187.0,169.0,5.0,2.0,2.0,0.0,271.0,74.0,50.0,0.0,1.0,111.0,253.0,0.0
Media,PA,DELAWARE,2023-11-14,2023,11,14,Fall,0,39.9,-75.4,365.0,187.0,169.0,5.0,2.0,2.0,0.0,271.0,74.0,50.0,0.0,1.0,111.0,253.0,0.0
Media,PA,DELAWARE,2023-11-15,2023,11,15,Fall,0,39.9,-75.4,365.0,187.0,169.0,5.0,2.0,2.0,0.0,271.0,74.0,50.0,0.0,1.0,111.0,253.0,0.0
Media,PA,DELAWARE,2023-11-16,2023,11,16,Fall,0,39.9,-75.4,365.0,187.0,169.0,5.0,2.0,2.0,0.0,271.0,74.0,50.0,0.0,1.0,111.0,253.0,0.0
Media,PA,DELAWARE,2023-11-17,2023,11,17,Fall,0,39.9,-75.4,365.0,187.0,169.0,5.0,2.0,2.0,0.0,271.0,74.0,50.0,0.0,1.0,111.0,253.0,0.0
Medina,NY,ORLEANS,2023-09-05,2023,9,5,Fall,2,43.2,-78.4,,,,,,,,,,,,,,,
Medina,NY,ORLEANS,2023-09-17,2023,9,17,Fall,2,43.2,-78.4,,,,,,,,,,,,,,,
Medina,OH,MEDINA,2023-07-30,2023,7,30,Summer,2,41.2,-81.9,363.0,228.0,125.0,7.0,2.0,1.0,0.0,285.0,72.0,44.0,0.0,0.0,137.0,226.0,0.0
Medina,OH,MEDINA,2023-08-04,2023,8,4,Summer,6,41.1,-81.8,363.0,228.0,125.0,7.0,2.0,1.0,0.0,285.0,72.0,44.0,0.0,0.0,137.0,226.0,0.0
Medina,OH,MEDINA,2023-08-13,2023,8,13,Summer,2,41.2,-81.9,363.0,228.0,125.0,7.0,2.0,1.0,0.0,285.0,72.0,44.0,0.0,0.0,137.0,226.0,0.0
Medina,OH,MEDINA,2023-08-16,2023,8,16,Summer,2,41.2,-81.9,363.0,228.0,125.0,7.0,2.0,1.0,0.0,285.0,72.0,44.0,0.0,0.0,137.0,226.0,0.0
Medina,OH,MEDINA,2023-09-18,2023,9,18,Fall,2,41.2,-81.8,363.0,228.0,125.0,7.0,2.0,1.0,0.0,285.0,72.0,44.0,0.0,0.0,137.0,226.0,0.0
Melbourne,FL,BREVARD,2023-01-27,2023,1,27,Winter,11,28.2,-80.6,365.0,279.0,85.0,1.0,0.0,0.0,0.0,130.0,58.0,43.0,0.0,0.0,222.0,143.0,0.0
Melbourne,FL,BREVARD,2023-02-02,2023,2,2,Winter,11,28.2,-80.6,365.0,279.0,85.0,1.0,0.0,0.0,0.0,130.0,58.0,43.0,0.0,0.0,222.0,143.0,0.0
Melbourne,FL,BREVARD,2023-04-23,2023,4,23,Spring,11,28.2,-80.6,365.0,279.0,85.0,1.0,0.0,0.0,0.0,130.0,58.0,43.0,0.0,0.0,222.0,143.0,0.0
Melbourne,FL,BREVARD,2023-09-09,2023,9,9,Fall,11,28.1,-80.7,365.0,279.0,85.0,1.0,0.0,0.0,0.0,130.0,58.0,43.0,0.0,0.0,222.0,143.0,0.0
Melbourne,FL,BREVARD,2023-09-23,2023,9,23,Fall,22,28.1,-80.6,365.0,279.0,85.0,1.0,0.0,0.0,0.0,130.0,58.0,43.0,0.0,0.0,222.0,143.0,0.0
Melbourne,FL,BREVARD,2023-10-14,2023,10,14,Fall,11,28.1,-80.7,365.0,279.0,85.0,1.0,0.0,0.0,0.0,130.0,58.0,43.0,0.0,0.0,222.0,143.0,0.0
Melbourne,FL,BREVARD,2023-11-05,2023,11,5,Fall,11,28.2,-80.6,365.0,279.0,85.0,1.0,0.0,0.0,0.0,130.0,58.0,43.0,0.0,0.0,222.0,143.0,0.0
Melbourne,FL,BREVARD,2023-11-12,2023,11,12,Fall,11,28.2,-80.6,365.0,279.0,85.0,1.0,0.0,0.0,0.0,130.0,58.0,43.0,0.0,0.0,222.0,143.0,0.0
Melbourne,FL,BREVARD,2023-11-17,2023,11,17,Fall,11,28.2,-80.6,365.0,279.0,85.0,1.0,0.0,0.0,0.0,130.0,58.0,43.0,0.0,0.0,222.0,143.0,0.0
Melbourne,FL,BREVARD,2023-11-30,2023,11,30,Fall,11,28.2,-80.6,365.0,279.0,85.0,1.0,0.0,0.0,0.0,130.0,58.0,43.0,0.0,0.0,222.0,143.0,0.0
Melrose,MA,MIDDLESEX,2023-09-17,2023,9,17,Fall,1,42.5,-71.1,365.0,281.0,83.0,1.0,0.0,0.0,0.0,101.0,57.0,39.0,0.0,7.0,193.0,165.0,0.0
Melrose,MA,MIDDLESEX,2023-09-20,2023,9,20,Fall,6,42.5,-71.1,365.0,281.0,83.0,1.0,0.0,0.0,0.0,101.0,57.0,39.0,0.0,7.0,193.0,165.0,0.0
Melvin,IL,FORD,2023-07-19,2023,7,19,Summer,1,40.6,-88.3,,,,,,,,,,,,,,,
Memphis,TN,SHELBY,2023-09-11,2023,9,11,Fall,21,35.1,-89.9,365.0,155.0,201.0,9.0,0.0,0.0,0.0,140.0,74.0,52.0,0.0,0.0,164.0,200.0,1.0
Memphis,TN,SHELBY,2023-10-18,2023,10,18,Fall,105,35.1,-89.9,365.0,155.0,201.0,9.0,0.0,0.0,0.0,140.0,74.0,52.0,0.0,0.0,164.0,200.0,1.0
Memphis,TN,SHELBY,2023-11-04,2023,11,4,Fall,21,35.1,-90.0,365.0,155.0,201.0,9.0,0.0,0.0,0.0,140.0,74.0,52.0,0.0,0.0,164.0,200.0,1.0
Menomonie,WI,DUNN,2023-05-23,2023,5,23,Spring,4,44.9,-91.9,,,,,,,,,,,,,,,
Mentor,OH,LAKE,2023-07-28,2023,7,28,Summer,15,41.6,-81.4,365.0,259.0,96.0,7.0,3.0,0.0,0.0,170.0,77.0,42.0,0.0,0.0,180.0,185.0,0.0
Mentor,OH,LAKE,2023-07-30,2023,7,30,Summer,45,41.7,-81.3,365.0,259.0,96.0,7.0,3.0,0.0,0.0,170.0,77.0,42.0,0.0,0.0,180.0,185.0,0.0
Mentor,OH,LAKE,2023-08-15,2023,8,15,Summer,20,41.7,-81.3,365.0,259.0,96.0,7.0,3.0,0.0,0.0,170.0,77.0,42.0,0.0,0.0,180.0,185.0,0.0
Mentor,OH,LAKE,2023-08-29,2023,8,29,Summer,30,41.7,-81.3,365.0,259.0,96.0,7.0,3.0,0.0,0.0,170.0,77.0,42.0,0.0,0.0,180.0,185.0,0.0
Mentor,OH,LAKE,2023-10-03,2023,10,3,Fall,5,41.8,-81.3,365.0,259.0,96.0,7.0,3.0,0.0,0.0,170.0,77.0,42.0,0.0,0.0,180.0,185.0,0.0
Mercer,WI,IRON,2023-07-31,2023,7,31,Summer,2,46.2,-90.1,,,,,,,,,,,,,,,
Mercersburg,PA,FRANKLIN,2023-07-29,2023,7,29,Summer,11,39.8,-77.9,301.0,267.0,32.0,2.0,0.0,0.0,0.0,133.0,51.0,39.0,0.0,0.0,301.0,0.0,0.0
Meriden,CT,NEW HAVEN,2023-07-28,2023,7,28,Summer,1,41.5,-72.8,365.0,205.0,148.0,9.0,2.0,1.0,0.0,208.0,74.0,47.0,0.0,9.0,158.0,198.0,0.0
Meriden,CT,NEW HAVEN,2023-07-31,2023,7,31,Summer,1,41.5,-72.9,365.0,205.0,148.0,9.0,2.0,1.0,0.0,208.0,74.0,47.0,0.0,9.0,158.0,198.0,0.0
Meriden,CT,NEW HAVEN,2023-08-02,2023,8,2,Summer,2,41.5,-72.9,365.0,205.0,148.0,9.0,2.0,1.0,0.0,208.0,74.0,47.0,0.0,9.0,158.0,198.0,0.0
Meridian,ID,ADA,2023-06-11,2023,6,11,Summer,2,43.6,-116.4,365.0,251.0,111.0,3.0,0.0,0.0,0.0,120.0,64.0,44.0,0.0,5.0,245.0,114.0,1.0
Meridianville,AL,MADISON,2023-09-04,2023,9,4,Fall,2,34.9,-86.6,364.0,204.0,157.0,3.0,0.0,0.0,0.0,135.0,66.0,49.0,0.0,0.0,92.0,272.0,0.0
Merrick,NY,NASSAU,2023-08-02,2023,8,2,Summer,6,40.6,-73.5,365.0,275.0,86.0,1.0,3.0,0.0,0.0,197.0,57.0,31.0,0.0,0.0,0.0,365.0,0.0
Merrick,NY,NASSAU,2023-10-03,2023,10,3,Fall,3,40.6,-73.5,365.0,275.0,86.0,1.0,3.0,0.0,0.0,197.0,57.0,31.0,0.0,0.0,0.0,365.0,0.0
Merrick,NY,NASSAU,2023-10-09,2023,10,9,Fall,21,40.6,-73.5,365.0,275.0,86.0,1.0,3.0,0.0,0.0,197.0,57.0,31.0,0.0,0.0,0.0,365.0,0.0
Merrick,NY,NASSAU,2023-11-01,2023,11,1,Fall,3,40.6,-73.6,365.0,275.0,86.0,1.0,3.0,0.0,0.0,197.0,57.0,31.0,0.0,0.0,0.0,365.0,0.0
Merrick,NY,NASSAU,2023-11-09,2023,11,9,Fall,6,40.7,-73.6,365.0,275.0,86.0,1.0,3.0,0.0,0.0,197.0,57.0,31.0,0.0,0.0,0.0,365.0,0.0
Merrifield,MN,CROW WING,2023-05-27,2023,5,27,Spring,1,46.5,-94.2,365.0,244.0,112.0,8.0,1.0,0.0,0.0,165.0,77.0,43.0,0.0,0.0,132.0,233.0,0.0
Merrillville,IN,LAKE,2023-09-15,2023,9,15,Fall,8,41.5,-87.3,365.0,125.0,222.0,16.0,1.0,1.0,0.0,215.0,80.0,55.0,0.0,0.0,69.0,294.0,2.0
Mesa,AZ,MARICOPA,2023-10-26,2023,10,26,Fall,1,33.4,-111.8,365.0,41.0,255.0,62.0,7.0,0.0,0.0,183.0,119.0,72.0,0.0,0.0,193.0,91.0,81.0
Mesa,AZ,MARICOPA,2023-11-05,2023,11,5,Fall,1,33.4,-111.8,365.0,41.0,255.0,62.0,7.0,0.0,0.0,183.0,119.0,72.0,0.0,0.0,193.0,91.0,81.0
Mesa,AZ,MARICOPA,2023-11-21,2023,11,21,Fall,2,33.4,-111.7,365.0,41.0,255.0,62.0,7.0,0.0,0.0,183.0,119.0,72.0,0.0,0.0,193.0,91.0,81.0
Mesa,AZ,MARICOPA,2023-11-28,2023,11,28,Fall,1,33.4,-111.7,365.0,41.0,255.0,62.0,7.0,0.0,0.0,183.0,119.0,72.0,0.0,0.0,193.0,91.0,81.0
Mesa,AZ,MARICOPA,2023-12-29,2023,12,29,Winter,1,33.4,-111.7,365.0,41.0,255.0,62.0,7.0,0.0,0.0,183.0,119.0,72.0,0.0,0.0,193.0,91.0,81.0
Mesick,MI,WEXFORD,2023-09-25,2023,9,25,Fall,1,44.4,-85.8,359.0,314.0,42.0,3.0,0.0,0.0,0.0,105.0,61.0,35.0,0.0,0.0,359.0,0.0,0.0
Mesilla,NM,DONA ANA,2023-08-25,2023,8,25,Summer,1,32.3,-106.8,365.0,162.0,189.0,11.0,3.0,0.0,0.0,196.0,87.0,52.0,0.0,9.0,210.0,81.0,65.0
Mesilla,NM,DONA ANA,2023-09-06,2023,9,6,Fall,1,32.3,-106.8,365.0,162.0,189.0,11.0,3.0,0.0,0.0,196.0,87.0,52.0,0.0,9.0,210.0,81.0,65.0
Mesilla,NM,DONA ANA,2023-09-08,2023,9,8,Fall,1,32.3,-106.8,365.0,162.0,189.0,11.0,3.0,0.0,0.0,196.0,87.0,52.0,0.0,9.0,210.0,81.0,65.0
Mesilla,NM,DONA ANA,2023-09-16,2023,9,16,Fall,1,32.3,-106.8,365.0,162.0,189.0,11.0,3.0,0.0,0.0,196.0,87.0,52.0,0.0,9.0,210.0,81.0,65.0
Mesquite,TX,DALLAS,2023-03-26,2023,3,26,Spring,2,32.8,-96.6,365.0,122.0,216.0,26.0,1.0,0.0,0.0,172.0,84.0,55.0,0.0,5.0,124.0,233.0,3.0
Mesquite,TX,DALLAS,2023-04-27,2023,4,27,Spring,2,32.8,-96.6,365.0,122.0,216.0,26.0,1.0,0.0,0.0,172.0,84.0,55.0,0.0,5.0,124.0,233.0,3.0
Mesquite,TX,DALLAS,2023-07-30,2023,7,30,Summer,2,32.8,-96.6,365.0,122.0,216.0,26.0,1.0,0.0,0.0,172.0,84.0,55.0,0.0,5.0,124.0,233.0,3.0
Mesquite,TX,DALLAS,2023-08-07,2023,8,7,Summer,2,32.8,-96.6,365.0,122.0,216.0,26.0,1.0,0.0,0.0,172.0,84.0,55.0,0.0,5.0,124.0,233.0,3.0
Mesquite,TX,DALLAS,2023-08-11,2023,8,11,Summer,2,32.8,-96.6,365.0,122.0,216.0,26.0,1.0,0.0,0.0,172.0,84.0,55.0,0.0,5.0,124.0,233.0,3.0
Mesquite,TX,DALLAS,2023-10-10,2023,10,10,Fall,12,32.8,-96.6,365.0,122.0,216.0,26.0,1.0,0.0,0.0,172.0,84.0,55.0,0.0,5.0,124.0,233.0,3.0
Mesquite,TX,DALLAS,2023-11-03,2023,11,3,Fall,2,32.8,-96.6,365.0,122.0,216.0,26.0,1.0,0.0,0.0,172.0,84.0,55.0,0.0,5.0,124.0,233.0,3.0
Mesquite,TX,DALLAS,2023-11-04,2023,11,4,Fall,2,32.8,-96.6,365.0,122.0,216.0,26.0,1.0,0.0,0.0,172.0,84.0,55.0,0.0,5.0,124.0,233.0,3.0
Mesquite,TX,DALLAS,2023-11-05,2023,11,5,Fall,4,32.8,-96.6,365.0,122.0,216.0,26.0,1.0,0.0,0.0,172.0,84.0,55.0,0.0,5.0,124.0,233.0,3.0
Mesquite,TX,DALLAS,2023-11-09,2023,11,9,Fall,6,32.8,-96.6,365.0,122.0,216.0,26.0,1.0,0.0,0.0,172.0,84.0,55.0,0.0,5.0,124.0,233.0,3.0
Metairie,LA,JEFFERSON,2023-10-22,2023,10,22,Fall,8,30.0,-90.3,364.0,181.0,179.0,4.0,0.0,0.0,0.0,126.0,69.0,51.0,0.0,2.0,147.0,215.0,0.0
Metairie,LA,JEFFERSON,2023-10-23,2023,10,23,Fall,6,30.0,-90.3,364.0,181.0,179.0,4.0,0.0,0.0,0.0,126.0,69.0,51.0,0.0,2.0,147.0,215.0,0.0
Metairie,LA,JEFFERSON,2023-10-24,2023,10,24,Fall,4,30.0,-90.3,364.0,181.0,179.0,4.0,0.0,0.0,0.0,126.0,69.0,51.0,0.0,2.0,147.0,215.0,0.0
Metairie,LA,JEFFERSON,2023-10-26,2023,10,26,Fall,4,30.0,-90.3,364.0,181.0,179.0,4.0,0.0,0.0,0.0,126.0,69.0,51.0,0.0,2.0,147.0,215.0,0.0
Metairie,LA,JEFFERSON,2023-10-27,2023,10,27,Fall,6,30.0,-90.3,364.0,181.0,179.0,4.0,0.0,0.0,0.0,126.0,69.0,51.0,0.0,2.0,147.0,215.0,0.0
Metairie,LA,JEFFERSON,2023-11-04,2023,11,4,Fall,4,30.0,-90.3,364.0,181.0,179.0,4.0,0.0,0.0,0.0,126.0,69.0,51.0,0.0,2.0,147.0,215.0,0.0
Miami,FL,MIAMI-DADE,2023-01-18,2023,1,18,Winter,68,25.7,-80.2,365.0,207.0,155.0,0.0,3.0,0.0,0.0,170.0,63.0,48.0,0.0,17.0,76.0,272.0,0.0
Miami,FL,MIAMI-DADE,2023-02-11,2023,2,11,Winter,68,25.9,-80.2,365.0,207.0,155.0,0.0,3.0,0.0,0.0,170.0,63.0,48.0,0.0,17.0,76.0,272.0,0.0
Miami,FL,MIAMI-DADE,2023-02-23,2023,2,23,Winter,204,25.7,-80.2,365.0,207.0,155.0,0.0,3.0,0.0,0.0,170.0,63.0,48.0,0.0,17.0,76.0,272.0,0.0
Miami,FL,MIAMI-DADE,2023-03-01,2023,3,1,Spring,68,25.7,-80.2,365.0,207.0,155.0,0.0,3.0,0.0,0.0,170.0,63.0,48.0,0.0,17.0,76.0,272.0,0.0
Miami,FL,MIAMI-DADE,2023-03-27,2023,3,27,Spring,68,25.7,-80.2,365.0,207.0,155.0,0.0,3.0,0.0,0.0,170.0,63.0,48.0,0.0,17.0,76.0,272.0,0.0
Miami,FL,MIAMI-DADE,2023-05-09,2023,5,9,Spring,136,25.7,-80.2,365.0,207.0,155.0,0.0,3.0,0.0,0.0,170.0,63.0,48.0,0.0,17.0,76.0,272.0,0.0
Miami,FL,MIAMI-DADE,2023-05-12,2023,5,12,Spring,68,25.7,-80.2,365.0,207.0,155.0,0.0,3.0,0.0,0.0,170.0,63.0,48.0,0.0,17.0,76.0,272.0,0.0
Miami,FL,MIAMI-DADE,2023-06-04,2023,6,4,Summer,68,25.7,-80.2,365.0,207.0,155.0,0.0,3.0,0.0,0.0,170.0,63.0,48.0,0.0,17.0,76.0,272.0,0.0
Miami,FL,MIAMI-DADE,2023-06-15,2023,6,15,Summer,68,25.8,-80.2,365.0,207.0,155.0,0.0,3.0,0.0,0.0,170.0,63.0,48.0,0.0,17.0,76.0,272.0,0.0
Miami,FL,MIAMI-DADE,2023-09-10,2023,9,10,Fall,136,25.8,-80.2,365.0,207.0,155.0,0.0,3.0,0.0,0.0,170.0,63.0,48.0,0.0,17.0,76.0,272.0,0.0
Miami,FL,MIAMI-DADE,2023-09-28,2023,9,28,Fall,136,25.7,-80.2,365.0,207.0,155.0,0.0,3.0,0.0,0.0,170.0,63.0,48.0,0.0,17.0,76.0,272.0,0.0
Miami,FL,MIAMI-DADE,2023-10-25,2023,10,25,Fall,68,25.7,-80.2,365.0,207.0,155.0,0.0,3.0,0.0,0.0,170.0,63.0,48.0,0.0,17.0,76.0,272.0,0.0
Miami,FL,MIAMI-DADE,2023-11-07,2023,11,7,Fall,68,25.8,-80.2,365.0,207.0,155.0,0.0,3.0,0.0,0.0,170.0,63.0,48.0,0.0,17.0,76.0,272.0,0.0
Miami,FL,MIAMI-DADE,2023-11-08,2023,11,8,Fall,68,25.7,-80.2,365.0,207.0,155.0,0.0,3.0,0.0,0.0,170.0,63.0,48.0,0.0,17.0,76.0,272.0,0.0
Miami,FL,MIAMI-DADE,2023-11-09,2023,11,9,Fall,136,25.8,-80.2,365.0,207.0,155.0,0.0,3.0,0.0,0.0,170.0,63.0,48.0,0.0,17.0,76.0,272.0,0.0
Miami,FL,MIAMI-DADE,2023-11-18,2023,11,18,Fall,68,25.8,-80.2,365.0,207.0,155.0,0.0,3.0,0.0,0.0,170.0,63.0,48.0,0.0,17.0,76.0,272.0,0.0
Miami,FL,MIAMI-DADE,2023-11-26,2023,11,26,Fall,68,25.8,-80.3,365.0,207.0,155.0,0.0,3.0,0.0,0.0,170.0,63.0,48.0,0.0,17.0,76.0,272.0,0.0
Miami,OK,OTTAWA,2023-04-19,2023,4,19,Spring,2,36.9,-94.8,364.0,141.0,215.0,7.0,1.0,0.0,0.0,162.0,76.0,54.0,0.0,0.0,70.0,287.0,7.0
Miami,OK,OTTAWA,2023-08-27,2023,8,27,Summer,2,36.9,-94.8,364.0,141.0,215.0,7.0,1.0,0.0,0.0,162.0,76.0,54.0,0.0,0.0,70.0,287.0,7.0
Miami,OK,OTTAWA,2023-09-06,2023,9,6,Fall,2,36.9,-94.8,364.0,141.0,215.0,7.0,1.0,0.0,0.0,162.0,76.0,54.0,0.0,0.0,70.0,287.0,7.0
Miami,OK,OTTAWA,2023-09-07,2023,9,7,Fall,6,36.9,-94.8,364.0,141.0,215.0,7.0,1.0,0.0,0.0,162.0,76.0,54.0,0.0,0.0,70.0,287.0,7.0
Miami,OK,OTTAWA,2023-09-14,2023,9,14,Fall,2,36.9,-94.8,364.0,141.0,215.0,7.0,1.0,0.0,0.0,162.0,76.0,54.0,0.0,0.0,70.0,287.0,7.0
Miami,OK,OTTAWA,2023-09-15,2023,9,15,Fall,2,36.9,-94.8,364.0,141.0,215.0,7.0,1.0,0.0,0.0,162.0,76.0,54.0,0.0,0.0,70.0,287.0,7.0
Miami,OK,OTTAWA,2023-10-05,2023,10,5,Fall,2,36.9,-94.8,364.0,141.0,215.0,7.0,1.0,0.0,0.0,162.0,76.0,54.0,0.0,0.0,70.0,287.0,7.0
Miamisburg,OH,MONTGOMERY,2023-08-27,2023,8,27,Summer,2,39.6,-84.3,363.0,181.0,171.0,8.0,3.0,0.0,0.0,196.0,71.0,51.0,0.0,0.0,116.0,246.0,1.0
Middle Island,NY,SUFFOLK,2023-10-01,2023,10,1,Fall,1,40.9,-72.9,365.0,278.0,74.0,11.0,2.0,0.0,0.0,195.0,62.0,41.0,0.0,1.0,278.0,86.0,0.0
Middleburg,FL,CLAY,2023-12-02,2023,12,2,Winter,1,30.1,-81.8,,,,,,,,,,,,,,,
Middleton,ID,CANYON,2023-08-01,2023,8,1,Summer,1,43.8,-116.6,364.0,268.0,96.0,0.0,0.0,0.0,0.0,88.0,59.0,34.0,0.0,0.0,0.0,350.0,14.0
Middleton,MA,ESSEX,2023-10-11,2023,10,11,Fall,1,42.6,-71.0,365.0,243.0,120.0,2.0,0.0,0.0,0.0,105.0,60.0,44.0,0.0,1.0,160.0,204.0,0.0
Middleton,MA,ESSEX,2023-10-17,2023,10,17,Fall,2,42.6,-71.0,365.0,243.0,120.0,2.0,0.0,0.0,0.0,105.0,60.0,44.0,0.0,1.0,160.0,204.0,0.0
Middleton,MA,ESSEX,2023-10-29,2023,10,29,Fall,1,42.6,-71.0,365.0,243.0,120.0,2.0,0.0,0.0,0.0,105.0,60.0,44.0,0.0,1.0,160.0,204.0,0.0
Middleton,WI,DANE,2023-07-13,2023,7,13,Summer,2,43.1,-89.5,365.0,184.0,157.0,20.0,1.0,3.0,0.0,268.0,80.0,50.0,0.0,0.0,105.0,260.0,0.0
Middleton,WI,DANE,2023-07-28,2023,7,28,Summer,1,43.1,-89.5,365.0,184.0,157.0,20.0,1.0,3.0,0.0,268.0,80.0,50.0,0.0,0.0,105.0,260.0,0.0
Middleton,WI,DANE,2023-08-02,2023,8,2,Summer,3,43.1,-89.5,365.0,184.0,157.0,20.0,1.0,3.0,0.0,268.0,80.0,50.0,0.0,0.0,105.0,260.0,0.0
Middleton,WI,DANE,2023-08-03,2023,8,3,Summer,2,43.1,-89.5,365.0,184.0,157.0,20.0,1.0,3.0,0.0,268.0,80.0,50.0,0.0,0.0,105.0,260.0,0.0
Middleton,WI,DANE,2023-08-06,2023,8,6,Summer,1,43.1,-89.5,365.0,184.0,157.0,20.0,1.0,3.0,0.0,268.0,80.0,50.0,0.0,0.0,105.0,260.0,0.0
Middleton,WI,DANE,2023-08-18,2023,8,18,Summer,2,43.1,-89.5,365.0,184.0,157.0,20.0,1.0,3.0,0.0,268.0,80.0,50.0,0.0,0.0,105.0,260.0,0.0
Middleton,WI,DANE,2023-08-29,2023,8,29,Summer,1,43.1,-89.5,365.0,184.0,157.0,20.0,1.0,3.0,0.0,268.0,80.0,50.0,0.0,0.0,105.0,260.0,0.0
Middleton,WI,DANE,2023-09-01,2023,9,1,Fall,2,43.1,-89.5,365.0,184.0,157.0,20.0,1.0,3.0,0.0,268.0,80.0,50.0,0.0,0.0,105.0,260.0,0.0
Middleton,WI,DANE,2023-09-04,2023,9,4,Fall,1,43.1,-89.5,365.0,184.0,157.0,20.0,1.0,3.0,0.0,268.0,80.0,50.0,0.0,0.0,105.0,260.0,0.0
Middleton,WI,DANE,2023-09-05,2023,9,5,Fall,15,43.1,-89.4,365.0,184.0,157.0,20.0,1.0,3.0,0.0,268.0,80.0,50.0,0.0,0.0,105.0,260.0,0.0
Middleton,WI,DANE,2023-09-13,2023,9,13,Fall,8,43.1,-89.4,365.0,184.0,157.0,20.0,1.0,3.0,0.0,268.0,80.0,50.0,0.0,0.0,105.0,260.0,0.0
Middleton,WI,DANE,2023-09-15,2023,9,15,Fall,6,43.1,-89.5,365.0,184.0,157.0,20.0,1.0,3.0,0.0,268.0,80.0,50.0,0.0,0.0,105.0,260.0,0.0
Middleton,WI,DANE,2023-09-20,2023,9,20,Fall,6,43.1,-89.4,365.0,184.0,157.0,20.0,1.0,3.0,0.0,268.0,80.0,50.0,0.0,0.0,105.0,260.0,0.0
Middleton,WI,DANE,2023-10-02,2023,10,2,Fall,2,43.1,-89.5,365.0,184.0,157.0,20.0,1.0,3.0,0.0,268.0,80.0,50.0,0.0,0.0,105.0,260.0,0.0
Middletown,IN,HENRY,2023-08-30,2023,8,30,Summer,3,40.1,-85.5,348.0,214.0,124.0,8.0,2.0,0.0,0.0,192.0,64.0,44.0,0.0,0.0,0.0,348.0,0.0
Middletown,MD,FREDERICK,2023-07-11,2023,7,11,Summer,3,39.4,-77.6,232.0,167.0,59.0,6.0,0.0,0.0,0.0,136.0,77.0,44.0,0.0,0.0,232.0,0.0,0.0
Middletown,MD,FREDERICK,2023-07-19,2023,7,19,Summer,1,39.4,-77.6,232.0,167.0,59.0,6.0,0.0,0.0,0.0,136.0,77.0,44.0,0.0,0.0,232.0,0.0,0.0
Middletown,MD,FREDERICK,2023-07-31,2023,7,31,Summer,1,39.4,-77.6,232.0,167.0,59.0,6.0,0.0,0.0,0.0,136.0,77.0,44.0,0.0,0.0,232.0,0.0,0.0
Middletown,MD,FREDERICK,2023-09-08,2023,9,8,Fall,3,39.4,-77.6,232.0,167.0,59.0,6.0,0.0,0.0,0.0,136.0,77.0,44.0,0.0,0.0,232.0,0.0,0.0
Middletown,MD,FREDERICK,2023-09-20,2023,9,20,Fall,3,39.4,-77.6,232.0,167.0,59.0,6.0,0.0,0.0,0.0,136.0,77.0,44.0,0.0,0.0,232.0,0.0,0.0
Midlothian,TX,ELLIS,2023-03-23,2023,3,23,Spring,4,32.5,-97.0,348.0,286.0,60.0,2.0,0.0,0.0,0.0,112.0,61.0,36.0,0.0,20.0,328.0,0.0,0.0
Midlothian,TX,ELLIS,2023-03-24,2023,3,24,Spring,4,32.5,-97.0,348.0,286.0,60.0,2.0,0.0,0.0,0.0,112.0,61.0,36.0,0.0,20.0,328.0,0.0,0.0
Midlothian,TX,ELLIS,2023-03-27,2023,3,27,Spring,2,32.5,-97.0,348.0,286.0,60.0,2.0,0.0,0.0,0.0,112.0,61.0,36.0,0.0,20.0,328.0,0.0,0.0
Midlothian,TX,ELLIS,2023-04-03,2023,4,3,Spring,2,32.5,-97.0,348.0,286.0,60.0,2.0,0.0,0.0,0.0,112.0,61.0,36.0,0.0,20.0,328.0,0.0,0.0
Midlothian,TX,ELLIS,2023-04-13,2023,4,13,Spring,2,32.5,-97.0,348.0,286.0,60.0,2.0,0.0,0.0,0.0,112.0,61.0,36.0,0.0,20.0,328.0,0.0,0.0
Midlothian,TX,ELLIS,2023-05-07,2023,5,7,Spring,1,32.5,-97.0,348.0,286.0,60.0,2.0,0.0,0.0,0.0,112.0,61.0,36.0,0.0,20.0,328.0,0.0,0.0
Midlothian,VA,CHESTERFIELD,2023-08-31,2023,8,31,Summer,2,37.5,-77.7,278.0,242.0,35.0,1.0,0.0,0.0,0.0,139.0,54.0,41.0,0.0,0.0,207.0,71.0,0.0
Midlothian,VA,CHESTERFIELD,2023-10-08,2023,10,8,Fall,2,37.5,-77.7,278.0,242.0,35.0,1.0,0.0,0.0,0.0,139.0,54.0,41.0,0.0,0.0,207.0,71.0,0.0
Midlothian,VA,CHESTERFIELD,2023-10-30,2023,10,30,Fall,2,37.5,-77.7,278.0,242.0,35.0,1.0,0.0,0.0,0.0,139.0,54.0,41.0,0.0,0.0,207.0,71.0,0.0
Milbridge,ME,WASHINGTON,2023-07-14,2023,7,14,Summer,2,44.5,-67.9,362.0,343.0,19.0,0.0,0.0,0.0,0.0,74.0,47.0,36.0,0.0,0.0,278.0,84.0,0.0
Miles City,MT,CUSTER,2023-08-24,2023,8,24,Summer,1,46.4,-105.8,364.0,288.0,66.0,4.0,5.0,1.0,0.0,260.0,61.0,39.0,0.0,5.0,228.0,130.0,1.0
Milford,CT,NEW HAVEN,2023-10-04,2023,10,4,Fall,12,41.2,-73.0,365.0,205.0,148.0,9.0,2.0,1.0,0.0,208.0,74.0,47.0,0.0,9.0,158.0,198.0,0.0
Milford,CT,NEW HAVEN,2023-10-05,2023,10,5,Fall,12,41.2,-73.1,365.0,205.0,148.0,9.0,2.0,1.0,0.0,208.0,74.0,47.0,0.0,9.0,158.0,198.0,0.0
Milford Center,OH,UNION,2023-08-01,2023,8,1,Summer,2,40.2,-83.4,,,,,,,,,,,,,,,
Mill Valley,CA,MARIN,2023-10-01,2023,10,1,Fall,8,37.9,-122.5,363.0,314.0,49.0,0.0,0.0,0.0,0.0,99.0,53.0,34.0,0.0,3.0,211.0,148.0,1.0
Mill Valley,CA,MARIN,2023-10-23,2023,10,23,Fall,4,37.9,-122.5,363.0,314.0,49.0,0.0,0.0,0.0,0.0,99.0,53.0,34.0,0.0,3.0,211.0,148.0,1.0
Mill Valley,CA,MARIN,2023-11-04,2023,11,4,Fall,8,37.9,-122.5,363.0,314.0,49.0,0.0,0.0,0.0,0.0,99.0,53.0,34.0,0.0,3.0,211.0,148.0,1.0
Millburn,NJ,ESSEX,2023-06-27,2023,6,27,Summer,1,40.7,-74.3,,,,,,,,,,,,,,,
Millburn,NJ,ESSEX,2023-07-06,2023,7,6,Summer,2,40.7,-74.3,,,,,,,,,,,,,,,
Miller,MO,LAWRENCE,2023-09-30,2023,9,30,Fall,3,37.2,-93.8,,,,,,,,,,,,,,,
Millersport,OH,FAIRFIELD,2023-08-27,2023,8,27,Summer,6,39.9,-82.5,,,,,,,,,,,,,,,
Millersville,PA,LANCASTER,2023-07-24,2023,7,24,Summer,6,40.0,-76.4,365.0,108.0,243.0,9.0,3.0,1.0,1.0,321.0,85.0,58.0,0.0,0.0,61.0,304.0,0.0
Millfield,OH,ATHENS,2023-10-10,2023,10,10,Fall,2,39.4,-82.1,244.0,208.0,35.0,0.0,1.0,0.0,0.0,157.0,54.0,31.0,0.0,0.0,0.0,244.0,0.0
Millsboro,DE,SUSSEX,2023-10-09,2023,10,9,Fall,2,38.6,-75.3,365.0,215.0,144.0,3.0,2.0,1.0,0.0,203.0,68.0,47.0,0.0,0.0,140.0,225.0,0.0
Millsboro,DE,SUSSEX,2023-10-10,2023,10,10,Fall,6,38.6,-75.2,365.0,215.0,144.0,3.0,2.0,1.0,0.0,203.0,68.0,47.0,0.0,0.0,140.0,225.0,0.0
Millsboro,DE,SUSSEX,2023-10-11,2023,10,11,Fall,2,38.6,-75.3,365.0,215.0,144.0,3.0,2.0,1.0,0.0,203.0,68.0,47.0,0.0,0.0,140.0,225.0,0.0
Millstadt,IL,SAINT CLAIR,2023-08-29,2023,8,29,Summer,1,38.5,-90.1,365.0,128.0,223.0,12.0,2.0,0.0,0.0,169.0,77.0,54.0,0.0,1.0,76.0,288.0,0.0
Millstadt,IL,SAINT CLAIR,2023-11-02,2023,11,2,Fall,2,38.5,-90.1,365.0,128.0,223.0,12.0,2.0,0.0,0.0,169.0,77.0,54.0,0.0,1.0,76.0,288.0,0.0
Milton,DE,SUSSEX,2023-08-02,2023,8,2,Summer,1,38.8,-75.3,365.0,215.0,144.0,3.0,2.0,1.0,0.0,203.0,68.0,47.0,0.0,0.0,140.0,225.0,0.0
Milton,DE,SUSSEX,2023-08-05,2023,8,5,Summer,2,38.8,-75.3,365.0,215.0,144.0,3.0,2.0,1.0,0.0,203.0,68.0,47.0,0.0,0.0,140.0,225.0,0.0
Milton,VT,CHITTENDEN,2023-07-28,2023,7,28,Summer,3,44.6,-73.1,365.0,259.0,100.0,4.0,2.0,0.0,0.0,160.0,59.0,42.0,2.0,0.0,192.0,171.0,0.0
Milton,VT,CHITTENDEN,2023-09-03,2023,9,3,Fall,3,44.6,-73.1,365.0,259.0,100.0,4.0,2.0,0.0,0.0,160.0,59.0,42.0,2.0,0.0,192.0,171.0,0.0
Milwaukee,WI,MILWAUKEE,2023-07-18,2023,7,18,Summer,87,43.0,-87.9,365.0,166.0,180.0,15.0,2.0,2.0,0.0,250.0,82.0,52.0,0.0,5.0,102.0,258.0,0.0
Milwaukee,WI,MILWAUKEE,2023-07-22,2023,7,22,Summer,29,43.1,-87.9,365.0,166.0,180.0,15.0,2.0,2.0,0.0,250.0,82.0,52.0,0.0,5.0,102.0,258.0,0.0
Milwaukee,WI,MILWAUKEE,2023-08-18,2023,8,18,Summer,29,43.0,-87.9,365.0,166.0,180.0,15.0,2.0,2.0,0.0,250.0,82.0,52.0,0.0,5.0,102.0,258.0,0.0
Milwaukee,WI,MILWAUKEE,2023-08-19,2023,8,19,Summer,58,43.0,-87.9,365.0,166.0,180.0,15.0,2.0,2.0,0.0,250.0,82.0,52.0,0.0,5.0,102.0,258.0,0.0
Milwaukee,WI,MILWAUKEE,2023-09-24,2023,9,24,Fall,58,43.1,-88.0,365.0,166.0,180.0,15.0,2.0,2.0,0.0,250.0,82.0,52.0,0.0,5.0,102.0,258.0,0.0
Milwaukee,WI,MILWAUKEE,2023-09-30,2023,9,30,Fall,29,43.0,-87.9,365.0,166.0,180.0,15.0,2.0,2.0,0.0,250.0,82.0,52.0,0.0,5.0,102.0,258.0,0.0
Minden,IA,POTTAWATTAMIE,2023-08-30,2023,8,30,Summer,1,41.5,-95.5,122.0,64.0,57.0,0.0,1.0,0.0,0.0,151.0,65.0,49.0,0.0,0.0,0.0,121.0,1.0
Mineola,TX,WOOD,2023-03-23,2023,3,23,Spring,4,32.7,-95.5,,,,,,,,,,,,,,,
Mineola,TX,WOOD,2023-03-25,2023,3,25,Spring,4,32.7,-95.5,,,,,,,,,,,,,,,
Minerva,OH,STARK,2023-05-31,2023,5,31,Spring,7,40.8,-81.1,365.0,161.0,194.0,7.0,1.0,2.0,0.0,283.0,78.0,52.0,0.0,0.0,99.0,266.0,0.0
Minneapolis,MN,ANOKA,2023-06-08,2023,6,8,Summer,12,45.0,-93.2,365.0,217.0,131.0,15.0,2.0,0.0,0.0,175.0,83.0,46.0,0.0,6.0,194.0,164.0,1.0
Minneapolis,MN,ANOKA,2023-06-30,2023,6,30,Summer,12,44.9,-93.3,365.0,217.0,131.0,15.0,2.0,0.0,0.0,175.0,83.0,46.0,0.0,6.0,194.0,164.0,1.0
Minneapolis,MN,ANOKA,2023-07-01,2023,7,1,Summer,24,45.0,-93.2,365.0,217.0,131.0,15.0,2.0,0.0,0.0,175.0,83.0,46.0,0.0,6.0,194.0,164.0,1.0
Minneapolis,MN,ANOKA,2023-07-02,2023,7,2,Summer,36,45.0,-93.2,365.0,217.0,131.0,15.0,2.0,0.0,0.0,175.0,83.0,46.0,0.0,6.0,194.0,164.0,1.0
Minneapolis,MN,ANOKA,2023-07-04,2023,7,4,Summer,12,45.2,-93.3,365.0,217.0,131.0,15.0,2.0,0.0,0.0,175.0,83.0,46.0,0.0,6.0,194.0,164.0,1.0
Minneapolis,MN,ANOKA,2023-07-06,2023,7,6,Summer,12,45.0,-93.2,365.0,217.0,131.0,15.0,2.0,0.0,0.0,175.0,83.0,46.0,0.0,6.0,194.0,164.0,1.0
Minneapolis,MN,ANOKA,2023-07-08,2023,7,8,Summer,48,45.0,-93.3,365.0,217.0,131.0,15.0,2.0,0.0,0.0,175.0,83.0,46.0,0.0,6.0,194.0,164.0,1.0
Minneapolis,MN,ANOKA,2023-07-10,2023,7,10,Summer,24,45.0,-93.2,365.0,217.0,131.0,15.0,2.0,0.0,0.0,175.0,83.0,46.0,0.0,6.0,194.0,164.0,1.0
Minneapolis,MN,ANOKA,2023-07-11,2023,7,11,Summer,12,45.0,-93.2,365.0,217.0,131.0,15.0,2.0,0.0,0.0,175.0,83.0,46.0,0.0,6.0,194.0,164.0,1.0
Minneapolis,MN,ANOKA,2023-07-12,2023,7,12,Summer,12,45.0,-93.2,365.0,217.0,131.0,15.0,2.0,0.0,0.0,175.0,83.0,46.0,0.0,6.0,194.0,164.0,1.0
Minneapolis,MN,ANOKA,2023-07-13,2023,7,13,Summer,12,45.0,-93.2,365.0,217.0,131.0,15.0,2.0,0.0,0.0,175.0,83.0,46.0,0.0,6.0,194.0,164.0,1.0
Minneapolis,MN,ANOKA,2023-07-15,2023,7,15,Summer,24,45.0,-93.2,365.0,217.0,131.0,15.0,2.0,0.0,0.0,175.0,83.0,46.0,0.0,6.0,194.0,164.0,1.0
Minneapolis,MN,ANOKA,2023-07-16,2023,7,16,Summer,24,44.9,-93.3,365.0,217.0,131.0,15.0,2.0,0.0,0.0,175.0,83.0,46.0,0.0,6.0,194.0,164.0,1.0
Minneapolis,MN,ANOKA,2023-07-18,2023,7,18,Summer,60,45.1,-93.3,365.0,217.0,131.0,15.0,2.0,0.0,0.0,175.0,83.0,46.0,0.0,6.0,194.0,164.0,1.0
Minneapolis,MN,ANOKA,2023-07-19,2023,7,19,Summer,24,45.0,-93.3,365.0,217.0,131.0,15.0,2.0,0.0,0.0,175.0,83.0,46.0,0.0,6.0,194.0,164.0,1.0
Minneapolis,MN,ANOKA,2023-07-20,2023,7,20,Summer,36,45.0,-93.2,365.0,217.0,131.0,15.0,2.0,0.0,0.0,175.0,83.0,46.0,0.0,6.0,194.0,164.0,1.0
Minneapolis,MN,ANOKA,2023-07-21,2023,7,21,Summer,12,44.9,-93.3,365.0,217.0,131.0,15.0,2.0,0.0,0.0,175.0,83.0,46.0,0.0,6.0,194.0,164.0,1.0
Minneapolis,MN,ANOKA,2023-07-23,2023,7,23,Summer,12,45.0,-93.2,365.0,217.0,131.0,15.0,2.0,0.0,0.0,175.0,83.0,46.0,0.0,6.0,194.0,164.0,1.0
Minneapolis,MN,ANOKA,2023-07-24,2023,7,24,Summer,24,45.0,-93.3,365.0,217.0,131.0,15.0,2.0,0.0,0.0,175.0,83.0,46.0,0.0,6.0,194.0,164.0,1.0
Minneapolis,MN,ANOKA,2023-07-25,2023,7,25,Summer,12,45.0,-93.2,365.0,217.0,131.0,15.0,2.0,0.0,0.0,175.0,83.0,46.0,0.0,6.0,194.0,164.0,1.0
Minneapolis,MN,ANOKA,2023-07-26,2023,7,26,Summer,12,45.0,-93.2,365.0,217.0,131.0,15.0,2.0,0.0,0.0,175.0,83.0,46.0,0.0,6.0,194.0,164.0,1.0
Minneapolis,MN,ANOKA,2023-07-27,2023,7,27,Summer,48,45.0,-93.2,365.0,217.0,131.0,15.0,2.0,0.0,0.0,175.0,83.0,46.0,0.0,6.0,194.0,164.0,1.0
Minneapolis,MN,ANOKA,2023-07-28,2023,7,28,Summer,84,45.2,-93.3,365.0,217.0,131.0,15.0,2.0,0.0,0.0,175.0,83.0,46.0,0.0,6.0,194.0,164.0,1.0
Minneapolis,MN,ANOKA,2023-07-29,2023,7,29,Summer,48,44.9,-93.2,365.0,217.0,131.0,15.0,2.0,0.0,0.0,175.0,83.0,46.0,0.0,6.0,194.0,164.0,1.0
Minneapolis,MN,ANOKA,2023-07-30,2023,7,30,Summer,24,44.9,-93.3,365.0,217.0,131.0,15.0,2.0,0.0,0.0,175.0,83.0,46.0,0.0,6.0,194.0,164.0,1.0
Minneapolis,MN,ANOKA,2023-07-31,2023,7,31,Summer,36,44.9,-93.3,365.0,217.0,131.0,15.0,2.0,0.0,0.0,175.0,83.0,46.0,0.0,6.0,194.0,164.0,1.0
Minneapolis,MN,ANOKA,2023-08-01,2023,8,1,Summer,60,45.1,-93.3,365.0,217.0,131.0,15.0,2.0,0.0,0.0,175.0,83.0,46.0,0.0,6.0,194.0,164.0,1.0
Minneapolis,MN,ANOKA,2023-08-03,2023,8,3,Summer,12,45.2,-93.3,365.0,217.0,131.0,15.0,2.0,0.0,0.0,175.0,83.0,46.0,0.0,6.0,194.0,164.0,1.0
Minneapolis,MN,ANOKA,2023-08-04,2023,8,4,Summer,12,45.0,-93.2,365.0,217.0,131.0,15.0,2.0,0.0,0.0,175.0,83.0,46.0,0.0,6.0,194.0,164.0,1.0
Minneapolis,MN,ANOKA,2023-08-07,2023,8,7,Summer,12,45.0,-93.2,365.0,217.0,131.0,15.0,2.0,0.0,0.0,175.0,83.0,46.0,0.0,6.0,194.0,164.0,1.0
Minneapolis,MN,ANOKA,2023-08-08,2023,8,8,Summer,24,45.0,-93.2,365.0,217.0,131.0,15.0,2.0,0.0,0.0,175.0,83.0,46.0,0.0,6.0,194.0,164.0,1.0
Minneapolis,MN,ANOKA,2023-08-10,2023,8,10,Summer,48,45.1,-93.3,365.0,217.0,131.0,15.0,2.0,0.0,0.0,175.0,83.0,46.0,0.0,6.0,194.0,164.0,1.0
Minneapolis,MN,ANOKA,2023-08-11,2023,8,11,Summer,24,45.0,-93.4,365.0,217.0,131.0,15.0,2.0,0.0,0.0,175.0,83.0,46.0,0.0,6.0,194.0,164.0,1.0
Minneapolis,MN,ANOKA,2023-08-12,2023,8,12,Summer,36,45.0,-93.2,365.0,217.0,131.0,15.0,2.0,0.0,0.0,175.0,83.0,46.0,0.0,6.0,194.0,164.0,1.0
Minneapolis,MN,ANOKA,2023-08-15,2023,8,15,Summer,72,45.2,-93.3,365.0,217.0,131.0,15.0,2.0,0.0,0.0,175.0,83.0,46.0,0.0,6.0,194.0,164.0,1.0
Minneapolis,MN,ANOKA,2023-08-16,2023,8,16,Summer,12,45.0,-93.2,365.0,217.0,131.0,15.0,2.0,0.0,0.0,175.0,83.0,46.0,0.0,6.0,194.0,164.0,1.0
Minneapolis,MN,ANOKA,2023-08-17,2023,8,17,Summer,48,45.1,-93.2,365.0,217.0,131.0,15.0,2.0,0.0,0.0,175.0,83.0,46.0,0.0,6.0,194.0,164.0,1.0
Minneapolis,MN,ANOKA,2023-08-19,2023,8,19,Summer,36,45.0,-93.2,365.0,217.0,131.0,15.0,2.0,0.0,0.0,175.0,83.0,46.0,0.0,6.0,194.0,164.0,1.0
Minneapolis,MN,ANOKA,2023-08-21,2023,8,21,Summer,168,45.0,-93.3,365.0,217.0,131.0,15.0,2.0,0.0,0.0,175.0,83.0,46.0,0.0,6.0,194.0,164.0,1.0
Minneapolis,MN,ANOKA,2023-08-22,2023,8,22,Summer,180,45.0,-93.2,365.0,217.0,131.0,15.0,2.0,0.0,0.0,175.0,83.0,46.0,0.0,6.0,194.0,164.0,1.0
Minneapolis,MN,ANOKA,2023-08-23,2023,8,23,Summer,96,45.0,-93.2,365.0,217.0,131.0,15.0,2.0,0.0,0.0,175.0,83.0,46.0,0.0,6.0,194.0,164.0,1.0
Minneapolis,MN,ANOKA,2023-08-24,2023,8,24,Summer,108,45.0,-93.2,365.0,217.0,131.0,15.0,2.0,0.0,0.0,175.0,83.0,46.0,0.0,6.0,194.0,164.0,1.0
Minneapolis,MN,ANOKA,2023-08-25,2023,8,25,Summer,252,45.0,-93.2,365.0,217.0,131.0,15.0,2.0,0.0,0.0,175.0,83.0,46.0,0.0,6.0,194.0,164.0,1.0
Minneapolis,MN,ANOKA,2023-08-26,2023,8,26,Summer,72,45.0,-93.2,365.0,217.0,131.0,15.0,2.0,0.0,0.0,175.0,83.0,46.0,0.0,6.0,194.0,164.0,1.0
Minneapolis,MN,ANOKA,2023-08-27,2023,8,27,Summer,168,45.2,-93.3,365.0,217.0,131.0,15.0,2.0,0.0,0.0,175.0,83.0,46.0,0.0,6.0,194.0,164.0,1.0
Minneapolis,MN,ANOKA,2023-08-28,2023,8,28,Summer,168,45.0,-93.2,365.0,217.0,131.0,15.0,2.0,0.0,0.0,175.0,83.0,46.0,0.0,6.0,194.0,164.0,1.0
Minneapolis,MN,ANOKA,2023-08-29,2023,8,29,Summer,72,45.0,-93.2,365.0,217.0,131.0,15.0,2.0,0.0,0.0,175.0,83.0,46.0,0.0,6.0,194.0,164.0,1.0
Minneapolis,MN,ANOKA,2023-08-30,2023,8,30,Summer,84,45.0,-93.2,365.0,217.0,131.0,15.0,2.0,0.0,0.0,175.0,83.0,46.0,0.0,6.0,194.0,164.0,1.0
Minneapolis,MN,ANOKA,2023-08-31,2023,8,31,Summer,108,45.2,-93.3,365.0,217.0,131.0,15.0,2.0,0.0,0.0,175.0,83.0,46.0,0.0,6.0,194.0,164.0,1.0
Minneapolis,MN,ANOKA,2023-09-01,2023,9,1,Fall,96,45.0,-93.2,365.0,217.0,131.0,15.0,2.0,0.0,0.0,175.0,83.0,46.0,0.0,6.0,194.0,164.0,1.0
Minneapolis,MN,ANOKA,2023-09-02,2023,9,2,Fall,288,45.2,-93.3,365.0,217.0,131.0,15.0,2.0,0.0,0.0,175.0,83.0,46.0,0.0,6.0,194.0,164.0,1.0
Minneapolis,MN,ANOKA,2023-09-03,2023,9,3,Fall,384,45.2,-93.3,365.0,217.0,131.0,15.0,2.0,0.0,0.0,175.0,83.0,46.0,0.0,6.0,194.0,164.0,1.0
Minneapolis,MN,ANOKA,2023-09-04,2023,9,4,Fall,288,45.0,-93.2,365.0,217.0,131.0,15.0,2.0,0.0,0.0,175.0,83.0,46.0,0.0,6.0,194.0,164.0,1.0
Minneapolis,MN,ANOKA,2023-09-05,2023,9,5,Fall,264,45.0,-93.2,365.0,217.0,131.0,15.0,2.0,0.0,0.0,175.0,83.0,46.0,0.0,6.0,194.0,164.0,1.0
Minneapolis,MN,ANOKA,2023-09-06,2023,9,6,Fall,60,44.9,-93.3,365.0,217.0,131.0,15.0,2.0,0.0,0.0,175.0,83.0,46.0,0.0,6.0,194.0,164.0,1.0
Minneapolis,MN,ANOKA,2023-09-08,2023,9,8,Fall,84,44.9,-93.3,365.0,217.0,131.0,15.0,2.0,0.0,0.0,175.0,83.0,46.0,0.0,6.0,194.0,164.0,1.0
Minneapolis,MN,ANOKA,2023-09-09,2023,9,9,Fall,60,44.9,-93.3,365.0,217.0,131.0,15.0,2.0,0.0,0.0,175.0,83.0,46.0,0.0,6.0,194.0,164.0,1.0
Minneapolis,MN,ANOKA,2023-09-10,2023,9,10,Fall,24,45.0,-93.2,365.0,217.0,131.0,15.0,2.0,0.0,0.0,175.0,83.0,46.0,0.0,6.0,194.0,164.0,1.0
Minneapolis,MN,ANOKA,2023-09-13,2023,9,13,Fall,108,44.9,-93.3,365.0,217.0,131.0,15.0,2.0,0.0,0.0,175.0,83.0,46.0,0.0,6.0,194.0,164.0,1.0
Minneapolis,MN,ANOKA,2023-09-16,2023,9,16,Fall,12,44.9,-93.3,365.0,217.0,131.0,15.0,2.0,0.0,0.0,175.0,83.0,46.0,0.0,6.0,194.0,164.0,1.0
Minneapolis,MN,ANOKA,2023-09-19,2023,9,19,Fall,12,44.9,-93.3,365.0,217.0,131.0,15.0,2.0,0.0,0.0,175.0,83.0,46.0,0.0,6.0,194.0,164.0,1.0
Minneapolis,MN,ANOKA,2023-09-20,2023,9,20,Fall,12,44.9,-93.3,365.0,217.0,131.0,15.0,2.0,0.0,0.0,175.0,83.0,46.0,0.0,6.0,194.0,164.0,1.0
Minneapolis,MN,ANOKA,2023-09-21,2023,9,21,Fall,12,45.0,-93.2,365.0,217.0,131.0,15.0,2.0,0.0,0.0,175.0,83.0,46.0,0.0,6.0,194.0,164.0,1.0
Minneapolis,MN,ANOKA,2023-09-22,2023,9,22,Fall,12,44.9,-93.3,365.0,217.0,131.0,15.0,2.0,0.0,0.0,175.0,83.0,46.0,0.0,6.0,194.0,164.0,1.0
Minneapolis,MN,ANOKA,2023-09-24,2023,9,24,Fall,48,44.9,-93.3,365.0,217.0,131.0,15.0,2.0,0.0,0.0,175.0,83.0,46.0,0.0,6.0,194.0,164.0,1.0
Minneapolis,MN,ANOKA,2023-09-27,2023,9,27,Fall,24,44.9,-93.3,365.0,217.0,131.0,15.0,2.0,0.0,0.0,175.0,83.0,46.0,0.0,6.0,194.0,164.0,1.0
Minneapolis,MN,ANOKA,2023-09-28,2023,9,28,Fall,72,45.0,-93.2,365.0,217.0,131.0,15.0,2.0,0.0,0.0,175.0,83.0,46.0,0.0,6.0,194.0,164.0,1.0
Minneapolis,MN,ANOKA,2023-09-29,2023,9,29,Fall,24,44.9,-93.3,365.0,217.0,131.0,15.0,2.0,0.0,0.0,175.0,83.0,46.0,0.0,6.0,194.0,164.0,1.0
Minneapolis,MN,ANOKA,2023-09-30,2023,9,30,Fall,12,44.9,-93.3,365.0,217.0,131.0,15.0,2.0,0.0,0.0,175.0,83.0,46.0,0.0,6.0,194.0,164.0,1.0
Minneapolis,MN,ANOKA,2023-10-01,2023,10,1,Fall,12,44.9,-93.3,365.0,217.0,131.0,15.0,2.0,0.0,0.0,175.0,83.0,46.0,0.0,6.0,194.0,164.0,1.0
Minneapolis,MN,ANOKA,2023-10-02,2023,10,2,Fall,48,44.9,-93.3,365.0,217.0,131.0,15.0,2.0,0.0,0.0,175.0,83.0,46.0,0.0,6.0,194.0,164.0,1.0
Minneapolis,MN,ANOKA,2023-10-03,2023,10,3,Fall,24,45.2,-93.3,365.0,217.0,131.0,15.0,2.0,0.0,0.0,175.0,83.0,46.0,0.0,6.0,194.0,164.0,1.0
Minneapolis,MN,ANOKA,2023-10-04,2023,10,4,Fall,24,44.9,-93.3,365.0,217.0,131.0,15.0,2.0,0.0,0.0,175.0,83.0,46.0,0.0,6.0,194.0,164.0,1.0
Minneapolis,MN,HENNEPIN,2023-06-08,2023,6,8,Summer,31,45.0,-93.2,365.0,173.0,175.0,14.0,3.0,0.0,0.0,187.0,80.0,52.0,1.0,8.0,69.0,273.0,14.0
Minneapolis,MN,HENNEPIN,2023-06-30,2023,6,30,Summer,31,44.9,-93.3,365.0,173.0,175.0,14.0,3.0,0.0,0.0,187.0,80.0,52.0,1.0,8.0,69.0,273.0,14.0
Minneapolis,MN,HENNEPIN,2023-07-01,2023,7,1,Summer,62,45.2,-93.3,365.0,173.0,175.0,14.0,3.0,0.0,0.0,187.0,80.0,52.0,1.0,8.0,69.0,273.0,14.0
Minneapolis,MN,HENNEPIN,2023-07-02,2023,7,2,Summer,93,45.0,-93.2,365.0,173.0,175.0,14.0,3.0,0.0,0.0,187.0,80.0,52.0,1.0,8.0,69.0,273.0,14.0
Minneapolis,MN,HENNEPIN,2023-07-04,2023,7,4,Summer,31,45.2,-93.3,365.0,173.0,175.0,14.0,3.0,0.0,0.0,187.0,80.0,52.0,1.0,8.0,69.0,273.0,14.0
Minneapolis,MN,HENNEPIN,2023-07-06,2023,7,6,Summer,31,45.0,-93.2,365.0,173.0,175.0,14.0,3.0,0.0,0.0,187.0,80.0,52.0,1.0,8.0,69.0,273.0,14.0
Minneapolis,MN,HENNEPIN,2023-07-08,2023,7,8,Summer,124,45.2,-93.3,365.0,173.0,175.0,14.0,3.0,0.0,0.0,187.0,80.0,52.0,1.0,8.0,69.0,273.0,14.0
Minneapolis,MN,HENNEPIN,2023-07-10,2023,7,10,Summer,62,44.9,-93.3,365.0,173.0,175.0,14.0,3.0,0.0,0.0,187.0,80.0,52.0,1.0,8.0,69.0,273.0,14.0
Minneapolis,MN,HENNEPIN,2023-07-11,2023,7,11,Summer,31,45.0,-93.2,365.0,173.0,175.0,14.0,3.0,0.0,0.0,187.0,80.0,52.0,1.0,8.0,69.0,273.0,14.0
Minneapolis,MN,HENNEPIN,2023-07-12,2023,7,12,Summer,31,45.0,-93.2,365.0,173.0,175.0,14.0,3.0,0.0,0.0,187.0,80.0,52.0,1.0,8.0,69.0,273.0,14.0
Minneapolis,MN,HENNEPIN,2023-07-13,2023,7,13,Summer,31,45.0,-93.2,365.0,173.0,175.0,14.0,3.0,0.0,0.0,187.0,80.0,52.0,1.0,8.0,69.0,273.0,14.0
Minneapolis,MN,HENNEPIN,2023-07-15,2023,7,15,Summer,62,45.0,-93.2,365.0,173.0,175.0,14.0,3.0,0.0,0.0,187.0,80.0,52.0,1.0,8.0,69.0,273.0,14.0
Minneapolis,MN,HENNEPIN,2023-07-16,2023,7,16,Summer,62,44.9,-93.3,365.0,173.0,175.0,14.0,3.0,0.0,0.0,187.0,80.0,52.0,1.0,8.0,69.0,273.0,14.0
Minneapolis,MN,HENNEPIN,2023-07-18,2023,7,18,Summer,155,45.0,-93.2,365.0,173.0,175.0,14.0,3.0,0.0,0.0,187.0,80.0,52.0,1.0,8.0,69.0,273.0,14.0
Minneapolis,MN,HENNEPIN,2023-07-19,2023,7,19,Summer,62,45.0,-93.3,365.0,173.0,175.0,14.0,3.0,0.0,0.0,187.0,80.0,52.0,1.0,8.0,69.0,273.0,14.0
Minneapolis,MN,HENNEPIN,2023-07-20,2023,7,20,Summer,93,45.0,-93.2,365.0,173.0,175.0,14.0,3.0,0.0,0.0,187.0,80.0,52.0,1.0,8.0,69.0,273.0,14.0
Minneapolis,MN,HENNEPIN,2023-07-21,2023,7,21,Summer,31,44.9,-93.3,365.0,173.0,175.0,14.0,3.0,0.0,0.0,187.0,80.0,52.0,1.0,8.0,69.0,273.0,14.0
Minneapolis,MN,HENNEPIN,2023-07-23,2023,7,23,Summer,31,45.0,-93.2,365.0,173.0,175.0,14.0,3.0,0.0,0.0,187.0,80.0,52.0,1.0,8.0,69.0,273.0,14.0
Minneapolis,MN,HENNEPIN,2023-07-24,2023,7,24,Summer,62,45.0,-93.3,365.0,173.0,175.0,14.0,3.0,0.0,0.0,187.0,80.0,52.0,1.0,8.0,69.0,273.0,14.0
Minneapolis,MN,HENNEPIN,2023-07-25,2023,7,25,Summer,31,45.0,-93.2,365.0,173.0,175.0,14.0,3.0,0.0,0.0,187.0,80.0,52.0,1.0,8.0,69.0,273.0,14.0
Minneapolis,MN,HENNEPIN,2023-07-26,2023,7,26,Summer,31,45.0,-93.2,365.0,173.0,175.0,14.0,3.0,0.0,0.0,187.0,80.0,52.0,1.0,8.0,69.0,273.0,14.0
Minneapolis,MN,HENNEPIN,2023-07-27,2023,7,27,Summer,124,45.0,-93.2,365.0,173.0,175.0,14.0,3.0,0.0,0.0,187.0,80.0,52.0,1.0,8.0,69.0,273.0,14.0
Minneapolis,MN,HENNEPIN,2023-07-28,2023,7,28,Summer,217,45.2,-93.3,365.0,173.0,175.0,14.0,3.0,0.0,0.0,187.0,80.0,52.0,1.0,8.0,69.0,273.0,14.0
Minneapolis,MN,HENNEPIN,2023-07-29,2023,7,29,Summer,124,44.9,-93.2,365.0,173.0,175.0,14.0,3.0,0.0,0.0,187.0,80.0,52.0,1.0,8.0,69.0,273.0,14.0
Minneapolis,MN,HENNEPIN,2023-07-30,2023,7,30,Summer,62,44.9,-93.3,365.0,173.0,175.0,14.0,3.0,0.0,0.0,187.0,80.0,52.0,1.0,8.0,69.0,273.0,14.0
Minneapolis,MN,HENNEPIN,2023-07-31,2023,7,31,Summer,93,45.0,-93.2,365.0,173.0,175.0,14.0,3.0,0.0,0.0,187.0,80.0,52.0,1.0,8.0,69.0,273.0,14.0
Minneapolis,MN,HENNEPIN,2023-08-01,2023,8,1,Summer,155,44.9,-93.3,365.0,173.0,175.0,14.0,3.0,0.0,0.0,187.0,80.0,52.0,1.0,8.0,69.0,273.0,14.0
Minneapolis,MN,HENNEPIN,2023-08-03,2023,8,3,Summer,31,45.2,-93.3,365.0,173.0,175.0,14.0,3.0,0.0,0.0,187.0,80.0,52.0,1.0,8.0,69.0,273.0,14.0
Minneapolis,MN,HENNEPIN,2023-08-04,2023,8,4,Summer,31,45.0,-93.2,365.0,173.0,175.0,14.0,3.0,0.0,0.0,187.0,80.0,52.0,1.0,8.0,69.0,273.0,14.0
Minneapolis,MN,HENNEPIN,2023-08-07,2023,8,7,Summer,31,45.0,-93.2,365.0,173.0,175.0,14.0,3.0,0.0,0.0,187.0,80.0,52.0,1.0,8.0,69.0,273.0,14.0
Minneapolis,MN,HENNEPIN,2023-08-08,2023,8,8,Summer,62,45.0,-93.2,365.0,173.0,175.0,14.0,3.0,0.0,0.0,187.0,80.0,52.0,1.0,8.0,69.0,273.0,14.0
Minneapolis,MN,HENNEPIN,2023-08-10,2023,8,10,Summer,124,44.9,-93.3,365.0,173.0,175.0,14.0,3.0,0.0,0.0,187.0,80.0,52.0,1.0,8.0,69.0,273.0,14.0
Minneapolis,MN,HENNEPIN,2023-08-11,2023,8,11,Summer,62,45.0,-93.4,365.0,173.0,175.0,14.0,3.0,0.0,0.0,187.0,80.0,52.0,1.0,8.0,69.0,273.0,14.0
Minneapolis,MN,HENNEPIN,2023-08-12,2023,8,12,Summer,93,45.0,-93.2,365.0,173.0,175.0,14.0,3.0,0.0,0.0,187.0,80.0,52.0,1.0,8.0,69.0,273.0,14.0
Minneapolis,MN,HENNEPIN,2023-08-15,2023,8,15,Summer,186,45.2,-93.3,365.0,173.0,175.0,14.0,3.0,0.0,0.0,187.0,80.0,52.0,1.0,8.0,69.0,273.0,14.0
Minneapolis,MN,HENNEPIN,2023-08-16,2023,8,16,Summer,31,45.0,-93.2,365.0,173.0,175.0,14.0,3.0,0.0,0.0,187.0,80.0,52.0,1.0,8.0,69.0,273.0,14.0
Minneapolis,MN,HENNEPIN,2023-08-17,2023,8,17,Summer,124,44.8,-93.3,365.0,173.0,175.0,14.0,3.0,0.0,0.0,187.0,80.0,52.0,1.0,8.0,69.0,273.0,14.0
Minneapolis,MN,HENNEPIN,2023-08-19,2023,8,19,Summer,93,45.0,-93.2,365.0,173.0,175.0,14.0,3.0,0.0,0.0,187.0,80.0,52.0,1.0,8.0,69.0,273.0,14.0
Minneapolis,MN,HENNEPIN,2023-08-21,2023,8,21,Summer,434,45.0,-93.3,365.0,173.0,175.0,14.0,3.0,0.0,0.0,187.0,80.0,52.0,1.0,8.0,69.0,273.0,14.0
Minneapolis,MN,HENNEPIN,2023-08-22,2023,8,22,Summer,465,45.0,-93.2,365.0,173.0,175.0,14.0,3.0,0.0,0.0,187.0,80.0,52.0,1.0,8.0,69.0,273.0,14.0
Minneapolis,MN,HENNEPIN,2023-08-23,2023,8,23,Summer,248,45.0,-93.2,365.0,173.0,175.0,14.0,3.0,0.0,0.0,187.0,80.0,52.0,1.0,8.0,69.0,273.0,14.0
Minneapolis,MN,HENNEPIN,2023-08-24,2023,8,24,Summer,279,45.0,-93.2,365.0,173.0,175.0,14.0,3.0,0.0,0.0,187.0,80.0,52.0,1.0,8.0,69.0,273.0,14.0
Minneapolis,MN,HENNEPIN,2023-08-25,2023,8,25,Summer,651,45.0,-93.2,365.0,173.0,175.0,14.0,3.0,0.0,0.0,187.0,80.0,52.0,1.0,8.0,69.0,273.0,14.0
Minneapolis,MN,HENNEPIN,2023-08-26,2023,8,26,Summer,186,45.0,-93.2,365.0,173.0,175.0,14.0,3.0,0.0,0.0,187.0,80.0,52.0,1.0,8.0,69.0,273.0,14.0
Minneapolis,MN,HENNEPIN,2023-08-27,2023,8,27,Summer,434,45.2,-93.3,365.0,173.0,175.0,14.0,3.0,0.0,0.0,187.0,80.0,52.0,1.0,8.0,69.0,273.0,14.0
Minneapolis,MN,HENNEPIN,2023-08-28,2023,8,28,Summer,434,45.0,-93.2,365.0,173.0,175.0,14.0,3.0,0.0,0.0,187.0,80.0,52.0,1.0,8.0,69.0,273.0,14.0
Minneapolis,MN,HENNEPIN,2023-08-29,2023,8,29,Summer,186,45.0,-93.2,365.0,173.0,175.0,14.0,3.0,0.0,0.0,187.0,80.0,52.0,1.0,8.0,69.0,273.0,14.0
Minneapolis,MN,HENNEPIN,2023-08-30,2023,8,30,Summer,217,45.2,-93.3,365.0,173.0,175.0,14.0,3.0,0.0,0.0,187.0,80.0,52.0,1.0,8.0,69.0,273.0,14.0
Minneapolis,MN,HENNEPIN,2023-08-31,2023,8,31,Summer,279,45.0,-93.4,365.0,173.0,175.0,14.0,3.0,0.0,0.0,187.0,80.0,52.0,1.0,8.0,69.0,273.0,14.0
Minneapolis,MN,HENNEPIN,2023-09-01,2023,9,1,Fall,248,44.9,-93.2,365.0,173.0,175.0,14.0,3.0,0.0,0.0,187.0,80.0,52.0,1.0,8.0,69.0,273.0,14.0
Minneapolis,MN,HENNEPIN,2023-09-02,2023,9,2,Fall,744,44.9,-93.3,365.0,173.0,175.0,14.0,3.0,0.0,0.0,187.0,80.0,52.0,1.0,8.0,69.0,273.0,14.0
Minneapolis,MN,HENNEPIN,2023-09-03,2023,9,3,Fall,992,45.0,-93.2,365.0,173.0,175.0,14.0,3.0,0.0,0.0,187.0,80.0,52.0,1.0,8.0,69.0,273.0,14.0
Minneapolis,MN,HENNEPIN,2023-09-04,2023,9,4,Fall,744,45.0,-93.2,365.0,173.0,175.0,14.0,3.0,0.0,0.0,187.0,80.0,52.0,1.0,8.0,69.0,273.0,14.0
Minneapolis,MN,HENNEPIN,2023-09-05,2023,9,5,Fall,682,45.0,-93.2,365.0,173.0,175.0,14.0,3.0,0.0,0.0,187.0,80.0,52.0,1.0,8.0,69.0,273.0,14.0
Minneapolis,MN,HENNEPIN,2023-09-06,2023,9,6,Fall,155,44.9,-93.3,365.0,173.0,175.0,14.0,3.0,0.0,0.0,187.0,80.0,52.0,1.0,8.0,69.0,273.0,14.0
Minneapolis,MN,HENNEPIN,2023-09-08,2023,9,8,Fall,217,44.9,-93.3,365.0,173.0,175.0,14.0,3.0,0.0,0.0,187.0,80.0,52.0,1.0,8.0,69.0,273.0,14.0
Minneapolis,MN,HENNEPIN,2023-09-09,2023,9,9,Fall,155,44.9,-93.3,365.0,173.0,175.0,14.0,3.0,0.0,0.0,187.0,80.0,52.0,1.0,8.0,69.0,273.0,14.0
Minneapolis,MN,HENNEPIN,2023-09-10,2023,9,10,Fall,62,45.0,-93.2,365.0,173.0,175.0,14.0,3.0,0.0,0.0,187.0,80.0,52.0,1.0,8.0,69.0,273.0,14.0
Minneapolis,MN,HENNEPIN,2023-09-13,2023,9,13,Fall,279,44.9,-93.3,365.0,173.0,175.0,14.0,3.0,0.0,0.0,187.0,80.0,52.0,1.0,8.0,69.0,273.0,14.0
Minneapolis,MN,HENNEPIN,2023-09-16,2023,9,16,Fall,31,44.9,-93.3,365.0,173.0,175.0,14.0,3.0,0.0,0.0,187.0,80.0,52.0,1.0,8.0,69.0,273.0,14.0
Minneapolis,MN,HENNEPIN,2023-09-19,2023,9,19,Fall,31,44.9,-93.3,365.0,173.0,175.0,14.0,3.0,0.0,0.0,187.0,80.0,52.0,1.0,8.0,69.0,273.0,14.0
Minneapolis,MN,HENNEPIN,2023-09-20,2023,9,20,Fall,31,44.9,-93.3,365.0,173.0,175.0,14.0,3.0,0.0,0.0,187.0,80.0,52.0,1.0,8.0,69.0,273.0,14.0
Minneapolis,MN,HENNEPIN,2023-09-21,2023,9,21,Fall,31,45.0,-93.2,365.0,173.0,175.0,14.0,3.0,0.0,0.0,187.0,80.0,52.0,1.0,8.0,69.0,273.0,14.0
Minneapolis,MN,HENNEPIN,2023-09-22,2023,9,22,Fall,31,44.9,-93.3,365.0,173.0,175.0,14.0,3.0,0.0,0.0,187.0,80.0,52.0,1.0,8.0,69.0,273.0,14.0
Minneapolis,MN,HENNEPIN,2023-09-24,2023,9,24,Fall,124,44.9,-93.3,365.0,173.0,175.0,14.0,3.0,0.0,0.0,187.0,80.0,52.0,1.0,8.0,69.0,273.0,14.0
Minneapolis,MN,HENNEPIN,2023-09-27,2023,9,27,Fall,62,44.9,-93.3,365.0,173.0,175.0,14.0,3.0,0.0,0.0,187.0,80.0,52.0,1.0,8.0,69.0,273.0,14.0
Minneapolis,MN,HENNEPIN,2023-09-28,2023,9,28,Fall,186,45.0,-93.2,365.0,173.0,175.0,14.0,3.0,0.0,0.0,187.0,80.0,52.0,1.0,8.0,69.0,273.0,14.0
Minneapolis,MN,HENNEPIN,2023-09-29,2023,9,29,Fall,62,44.9,-93.3,365.0,173.0,175.0,14.0,3.0,0.0,0.0,187.0,80.0,52.0,1.0,8.0,69.0,273.0,14.0
Minneapolis,MN,HENNEPIN,2023-09-30,2023,9,30,Fall,31,44.9,-93.3,365.0,173.0,175.0,14.0,3.0,0.0,0.0,187.0,80.0,52.0,1.0,8.0,69.0,273.0,14.0
Minneapolis,MN,HENNEPIN,2023-10-01,2023,10,1,Fall,31,44.9,-93.3,365.0,173.0,175.0,14.0,3.0,0.0,0.0,187.0,80.0,52.0,1.0,8.0,69.0,273.0,14.0
Minneapolis,MN,HENNEPIN,2023-10-02,2023,10,2,Fall,124,45.2,-93.3,365.0,173.0,175.0,14.0,3.0,0.0,0.0,187.0,80.0,52.0,1.0,8.0,69.0,273.0,14.0
Minneapolis,MN,HENNEPIN,2023-10-03,2023,10,3,Fall,62,45.2,-93.3,365.0,173.0,175.0,14.0,3.0,0.0,0.0,187.0,80.0,52.0,1.0,8.0,69.0,273.0,14.0
Minneapolis,MN,HENNEPIN,2023-10-04,2023,10,4,Fall,62,44.9,-93.3,365.0,173.0,175.0,14.0,3.0,0.0,0.0,187.0,80.0,52.0,1.0,8.0,69.0,273.0,14.0
Minnetonka,MN,HENNEPIN,2023-07-29,2023,7,29,Summer,4,44.9,-93.5,365.0,173.0,175.0,14.0,3.0,0.0,0.0,187.0,80.0,52.0,1.0,8.0,69.0,273.0,14.0
Minnetonka,MN,HENNEPIN,2023-09-28,2023,9,28,Fall,2,44.9,-93.5,365.0,173.0,175.0,14.0,3.0,0.0,0.0,187.0,80.0,52.0,1.0,8.0,69.0,273.0,14.0
Minnetonka,MN,HENNEPIN,2023-10-01,2023,10,1,Fall,2,44.9,-93.5,365.0,173.0,175.0,14.0,3.0,0.0,0.0,187.0,80.0,52.0,1.0,8.0,69.0,273.0,14.0
Minnetonka,MN,HENNEPIN,2023-10-05,2023,10,5,Fall,2,44.9,-93.5,365.0,173.0,175.0,14.0,3.0,0.0,0.0,187.0,80.0,52.0,1.0,8.0,69.0,273.0,14.0
Minocqua,WI,ONEIDA,2023-07-29,2023,7,29,Summer,1,45.8,-89.7,,,,,,,,,,,,,,,
Mission,TX,HIDALGO,2023-02-23,2023,2,23,Winter,72,26.2,-98.4,357.0,206.0,151.0,0.0,0.0,0.0,0.0,95.0,68.0,44.0,0.0,0.0,19.0,338.0,0.0
Mission,TX,HIDALGO,2023-11-03,2023,11,3,Fall,24,26.2,-98.3,357.0,206.0,151.0,0.0,0.0,0.0,0.0,95.0,68.0,44.0,0.0,0.0,19.0,338.0,0.0
Mission,TX,HIDALGO,2023-11-04,2023,11,4,Fall,12,26.2,-98.3,357.0,206.0,151.0,0.0,0.0,0.0,0.0,95.0,68.0,44.0,0.0,0.0,19.0,338.0,0.0
Mission,TX,HIDALGO,2023-12-17,2023,12,17,Winter,120,26.2,-98.3,357.0,206.0,151.0,0.0,0.0,0.0,0.0,95.0,68.0,44.0,0.0,0.0,19.0,338.0,0.0
Mission Viejo,CA,ORANGE,2023-08-03,2023,8,3,Summer,6,33.6,-117.7,365.0,160.0,195.0,9.0,1.0,0.0,0.0,166.0,77.0,52.0,0.0,14.0,142.0,204.0,5.0
Missoula,MT,MISSOULA,2023-06-28,2023,6,28,Summer,4,46.9,-114.0,364.0,156.0,200.0,8.0,0.0,0.0,0.0,134.0,76.0,53.0,0.0,0.0,67.0,297.0,0.0
Missoula,MT,MISSOULA,2023-07-14,2023,7,14,Summer,4,46.9,-114.0,364.0,156.0,200.0,8.0,0.0,0.0,0.0,134.0,76.0,53.0,0.0,0.0,67.0,297.0,0.0
Mize,KY,MORGAN,2023-08-10,2023,8,10,Summer,4,37.9,-83.4,364.0,341.0,23.0,0.0,0.0,0.0,0.0,93.0,49.0,38.0,0.0,0.0,364.0,0.0,0.0
Moab,UT,GRAND,2023-06-13,2023,6,13,Summer,6,38.6,-109.5,261.0,144.0,117.0,0.0,0.0,0.0,0.0,80.0,64.0,49.0,0.0,2.0,170.0,89.0,0.0
Mobile,AL,MOBILE,2023-03-04,2023,3,4,Spring,15,30.7,-88.1,361.0,203.0,157.0,1.0,0.0,0.0,0.0,108.0,63.0,46.0,0.0,0.0,96.0,257.0,8.0
Mobile,AL,MOBILE,2023-04-22,2023,4,22,Spring,15,30.7,-88.1,361.0,203.0,157.0,1.0,0.0,0.0,0.0,108.0,63.0,46.0,0.0,0.0,96.0,257.0,8.0
Mobile,AL,MOBILE,2023-12-01,2023,12,1,Winter,15,30.7,-88.0,361.0,203.0,157.0,1.0,0.0,0.0,0.0,108.0,63.0,46.0,0.0,0.0,96.0,257.0,8.0
Modesto,CA,STANISLAUS,2023-09-24,2023,9,24,Fall,2,37.7,-121.0,365.0,166.0,176.0,23.0,0.0,0.0,0.0,150.0,93.0,54.0,0.0,0.0,199.0,161.0,5.0
Modesto,CA,STANISLAUS,2023-09-29,2023,9,29,Fall,2,37.7,-121.0,365.0,166.0,176.0,23.0,0.0,0.0,0.0,150.0,93.0,54.0,0.0,0.0,199.0,161.0,5.0
Mokena,IL,WILL,2023-07-14,2023,7,14,Summer,2,41.5,-87.9,365.0,155.0,191.0,14.0,3.0,2.0,0.0,246.0,78.0,53.0,0.0,0.0,85.0,280.0,0.0
Mokena,IL,WILL,2023-07-21,2023,7,21,Summer,1,41.5,-87.9,365.0,155.0,191.0,14.0,3.0,2.0,0.0,246.0,78.0,53.0,0.0,0.0,85.0,280.0,0.0
Mokena,IL,WILL,2023-08-03,2023,8,3,Summer,8,41.5,-87.9,365.0,155.0,191.0,14.0,3.0,2.0,0.0,246.0,78.0,53.0,0.0,0.0,85.0,280.0,0.0
Mokena,IL,WILL,2023-09-02,2023,9,2,Fall,2,41.5,-87.9,365.0,155.0,191.0,14.0,3.0,2.0,0.0,246.0,78.0,53.0,0.0,0.0,85.0,280.0,0.0
Mokena,IL,WILL,2023-09-09,2023,9,9,Fall,1,41.5,-87.9,365.0,155.0,191.0,14.0,3.0,2.0,0.0,246.0,78.0,53.0,0.0,0.0,85.0,280.0,0.0
Monmouth Beach,NJ,MONMOUTH,2023-08-02,2023,8,2,Summer,2,40.3,-74.0,247.0,210.0,35.0,2.0,0.0,0.0,0.0,140.0,61.0,39.0,0.0,0.0,247.0,0.0,0.0
Monmouth Beach,NJ,MONMOUTH,2023-09-20,2023,9,20,Fall,2,40.3,-74.0,247.0,210.0,35.0,2.0,0.0,0.0,0.0,140.0,61.0,39.0,0.0,0.0,247.0,0.0,0.0
Monmouth Beach,NJ,MONMOUTH,2023-10-10,2023,10,10,Fall,2,40.3,-74.0,247.0,210.0,35.0,2.0,0.0,0.0,0.0,140.0,61.0,39.0,0.0,0.0,247.0,0.0,0.0
Monona,IA,CLAYTON,2023-08-30,2023,8,30,Summer,12,43.0,-91.4,,,,,,,,,,,,,,,
Monroe,CT,FAIRFIELD,2023-10-06,2023,10,6,Fall,3,41.3,-73.2,365.0,210.0,135.0,12.0,7.0,1.0,0.0,242.0,79.0,46.0,0.0,12.0,146.0,206.0,1.0
Monroe,MI,MONROE,2023-08-19,2023,8,19,Summer,4,41.9,-83.5,65.0,59.0,6.0,0.0,0.0,0.0,0.0,82.0,45.0,25.0,0.0,0.0,0.0,0.0,65.0
Monroe,MI,MONROE,2023-08-23,2023,8,23,Summer,48,41.9,-83.5,65.0,59.0,6.0,0.0,0.0,0.0,0.0,82.0,45.0,25.0,0.0,0.0,0.0,0.0,65.0
Monroe,MI,MONROE,2023-10-01,2023,10,1,Fall,8,41.9,-83.3,65.0,59.0,6.0,0.0,0.0,0.0,0.0,82.0,45.0,25.0,0.0,0.0,0.0,0.0,65.0
Monroe,NY,ORANGE,2023-07-14,2023,7,14,Summer,3,41.3,-74.2,357.0,270.0,81.0,3.0,3.0,0.0,0.0,185.0,58.0,34.0,0.0,0.0,0.0,357.0,0.0
Monroe,NY,ORANGE,2023-07-15,2023,7,15,Summer,3,41.3,-74.2,357.0,270.0,81.0,3.0,3.0,0.0,0.0,185.0,58.0,34.0,0.0,0.0,0.0,357.0,0.0
Monroe,NY,ORANGE,2023-07-19,2023,7,19,Summer,3,41.3,-74.2,357.0,270.0,81.0,3.0,3.0,0.0,0.0,185.0,58.0,34.0,0.0,0.0,0.0,357.0,0.0
Monroe,NY,ORANGE,2023-08-01,2023,8,1,Summer,3,41.3,-74.2,357.0,270.0,81.0,3.0,3.0,0.0,0.0,185.0,58.0,34.0,0.0,0.0,0.0,357.0,0.0
Monroe,NY,ORANGE,2023-08-03,2023,8,3,Summer,3,41.3,-74.2,357.0,270.0,81.0,3.0,3.0,0.0,0.0,185.0,58.0,34.0,0.0,0.0,0.0,357.0,0.0
Monroe,NY,ORANGE,2023-08-05,2023,8,5,Summer,3,41.3,-74.2,357.0,270.0,81.0,3.0,3.0,0.0,0.0,185.0,58.0,34.0,0.0,0.0,0.0,357.0,0.0
Monroe,NY,ORANGE,2023-08-13,2023,8,13,Summer,3,41.3,-74.2,357.0,270.0,81.0,3.0,3.0,0.0,0.0,185.0,58.0,34.0,0.0,0.0,0.0,357.0,0.0
Monroe,NY,ORANGE,2023-09-02,2023,9,2,Fall,3,41.3,-74.2,357.0,270.0,81.0,3.0,3.0,0.0,0.0,185.0,58.0,34.0,0.0,0.0,0.0,357.0,0.0
Monroe,NY,ORANGE,2023-10-05,2023,10,5,Fall,3,41.3,-74.2,357.0,270.0,81.0,3.0,3.0,0.0,0.0,185.0,58.0,34.0,0.0,0.0,0.0,357.0,0.0
Monroeville,PA,ALLEGHENY,2023-07-12,2023,7,12,Summer,1,40.4,-79.8,365.0,121.0,227.0,15.0,1.0,1.0,0.0,237.0,84.0,56.0,0.0,0.0,71.0,294.0,0.0
Monroeville,PA,ALLEGHENY,2023-08-25,2023,8,25,Summer,1,40.4,-79.8,365.0,121.0,227.0,15.0,1.0,1.0,0.0,237.0,84.0,56.0,0.0,0.0,71.0,294.0,0.0
Monroeville,PA,ALLEGHENY,2023-09-02,2023,9,2,Fall,1,40.4,-79.8,365.0,121.0,227.0,15.0,1.0,1.0,0.0,237.0,84.0,56.0,0.0,0.0,71.0,294.0,0.0
Monroeville,PA,ALLEGHENY,2023-10-04,2023,10,4,Fall,1,40.4,-79.7,365.0,121.0,227.0,15.0,1.0,1.0,0.0,237.0,84.0,56.0,0.0,0.0,71.0,294.0,0.0
Monrovia,CA,LOS ANGELES,2023-07-16,2023,7,16,Summer,3,34.1,-118.0,365.0,41.0,237.0,52.0,32.0,3.0,0.0,210.0,147.0,67.0,0.0,5.0,150.0,203.0,7.0
Monrovia,CA,LOS ANGELES,2023-08-29,2023,8,29,Summer,2,34.2,-118.0,365.0,41.0,237.0,52.0,32.0,3.0,0.0,210.0,147.0,67.0,0.0,5.0,150.0,203.0,7.0
Mont Alto,PA,FRANKLIN,2023-08-06,2023,8,6,Summer,4,39.9,-77.6,301.0,267.0,32.0,2.0,0.0,0.0,0.0,133.0,51.0,39.0,0.0,0.0,301.0,0.0,0.0
Monterey,CA,MONTEREY,2023-03-17,2023,3,17,Spring,5,36.4,-121.9,365.0,274.0,90.0,1.0,0.0,0.0,0.0,115.0,55.0,42.0,0.0,0.0,146.0,212.0,7.0
Montevallo,AL,SHELBY,2023-10-21,2023,10,21,Fall,4,33.1,-86.9,242.0,207.0,34.0,1.0,0.0,0.0,0.0,108.0,58.0,40.0,0.0,0.0,242.0,0.0,0.0
Montgomery,PA,LYCOMING,2023-09-16,2023,9,16,Fall,2,41.2,-76.9,283.0,242.0,38.0,3.0,0.0,0.0,0.0,119.0,58.0,38.0,0.0,0.0,214.0,69.0,0.0
Montgomery,TX,MONTGOMERY,2023-03-07,2023,3,7,Spring,5,30.4,-95.8,364.0,151.0,204.0,9.0,0.0,0.0,0.0,122.0,75.0,53.0,0.0,0.0,148.0,216.0,0.0
Montgomery,TX,MONTGOMERY,2023-03-08,2023,3,8,Spring,8,30.4,-95.8,364.0,151.0,204.0,9.0,0.0,0.0,0.0,122.0,75.0,53.0,0.0,0.0,148.0,216.0,0.0
Montgomery,TX,MONTGOMERY,2023-03-09,2023,3,9,Spring,10,30.4,-95.8,364.0,151.0,204.0,9.0,0.0,0.0,0.0,122.0,75.0,53.0,0.0,0.0,148.0,216.0,0.0
Montgomery,TX,MONTGOMERY,2023-03-12,2023,3,12,Spring,10,30.4,-95.8,364.0,151.0,204.0,9.0,0.0,0.0,0.0,122.0,75.0,53.0,0.0,0.0,148.0,216.0,0.0
Montgomery,TX,MONTGOMERY,2023-03-14,2023,3,14,Spring,6,30.4,-95.8,364.0,151.0,204.0,9.0,0.0,0.0,0.0,122.0,75.0,53.0,0.0,0.0,148.0,216.0,0.0
Montgomery,TX,MONTGOMERY,2023-03-15,2023,3,15,Spring,5,30.4,-95.8,364.0,151.0,204.0,9.0,0.0,0.0,0.0,122.0,75.0,53.0,0.0,0.0,148.0,216.0,0.0
Montgomery,TX,MONTGOMERY,2023-03-19,2023,3,19,Spring,5,30.4,-95.8,364.0,151.0,204.0,9.0,0.0,0.0,0.0,122.0,75.0,53.0,0.0,0.0,148.0,216.0,0.0
Montgomery,TX,MONTGOMERY,2023-03-21,2023,3,21,Spring,4,30.4,-95.8,364.0,151.0,204.0,9.0,0.0,0.0,0.0,122.0,75.0,53.0,0.0,0.0,148.0,216.0,0.0
Montgomery,TX,MONTGOMERY,2023-03-22,2023,3,22,Spring,7,30.4,-95.8,364.0,151.0,204.0,9.0,0.0,0.0,0.0,122.0,75.0,53.0,0.0,0.0,148.0,216.0,0.0
Montgomery,TX,MONTGOMERY,2023-03-23,2023,3,23,Spring,8,30.4,-95.8,364.0,151.0,204.0,9.0,0.0,0.0,0.0,122.0,75.0,53.0,0.0,0.0,148.0,216.0,0.0
Montgomery,TX,MONTGOMERY,2023-03-25,2023,3,25,Spring,15,30.4,-95.8,364.0,151.0,204.0,9.0,0.0,0.0,0.0,122.0,75.0,53.0,0.0,0.0,148.0,216.0,0.0
Montgomery,TX,MONTGOMERY,2023-03-27,2023,3,27,Spring,11,30.4,-95.8,364.0,151.0,204.0,9.0,0.0,0.0,0.0,122.0,75.0,53.0,0.0,0.0,148.0,216.0,0.0
Montgomery,TX,MONTGOMERY,2023-03-30,2023,3,30,Spring,6,30.4,-95.8,364.0,151.0,204.0,9.0,0.0,0.0,0.0,122.0,75.0,53.0,0.0,0.0,148.0,216.0,0.0
Montgomery,TX,MONTGOMERY,2023-04-01,2023,4,1,Spring,16,30.4,-95.8,364.0,151.0,204.0,9.0,0.0,0.0,0.0,122.0,75.0,53.0,0.0,0.0,148.0,216.0,0.0
Montgomery,TX,MONTGOMERY,2023-04-04,2023,4,4,Spring,12,30.4,-95.8,364.0,151.0,204.0,9.0,0.0,0.0,0.0,122.0,75.0,53.0,0.0,0.0,148.0,216.0,0.0
Montgomery,TX,MONTGOMERY,2023-04-09,2023,4,9,Spring,6,30.4,-95.8,364.0,151.0,204.0,9.0,0.0,0.0,0.0,122.0,75.0,53.0,0.0,0.0,148.0,216.0,0.0
Montgomery,TX,MONTGOMERY,2023-04-10,2023,4,10,Spring,4,30.4,-95.8,364.0,151.0,204.0,9.0,0.0,0.0,0.0,122.0,75.0,53.0,0.0,0.0,148.0,216.0,0.0
Montgomery,TX,MONTGOMERY,2023-04-11,2023,4,11,Spring,6,30.4,-95.8,364.0,151.0,204.0,9.0,0.0,0.0,0.0,122.0,75.0,53.0,0.0,0.0,148.0,216.0,0.0
Montgomery,TX,MONTGOMERY,2023-04-13,2023,4,13,Spring,16,30.4,-95.8,364.0,151.0,204.0,9.0,0.0,0.0,0.0,122.0,75.0,53.0,0.0,0.0,148.0,216.0,0.0
Montgomery,TX,MONTGOMERY,2023-04-17,2023,4,17,Spring,10,30.4,-95.8,364.0,151.0,204.0,9.0,0.0,0.0,0.0,122.0,75.0,53.0,0.0,0.0,148.0,216.0,0.0
Montgomery,TX,MONTGOMERY,2023-04-18,2023,4,18,Spring,6,30.4,-95.8,364.0,151.0,204.0,9.0,0.0,0.0,0.0,122.0,75.0,53.0,0.0,0.0,148.0,216.0,0.0
Montgomery,TX,MONTGOMERY,2023-04-21,2023,4,21,Spring,6,30.4,-95.8,364.0,151.0,204.0,9.0,0.0,0.0,0.0,122.0,75.0,53.0,0.0,0.0,148.0,216.0,0.0
Montgomery,TX,MONTGOMERY,2023-04-24,2023,4,24,Spring,3,30.4,-95.8,364.0,151.0,204.0,9.0,0.0,0.0,0.0,122.0,75.0,53.0,0.0,0.0,148.0,216.0,0.0
Montgomery,TX,MONTGOMERY,2023-04-30,2023,4,30,Spring,6,30.4,-95.8,364.0,151.0,204.0,9.0,0.0,0.0,0.0,122.0,75.0,53.0,0.0,0.0,148.0,216.0,0.0
Montgomery,TX,MONTGOMERY,2023-05-01,2023,5,1,Spring,5,30.4,-95.8,364.0,151.0,204.0,9.0,0.0,0.0,0.0,122.0,75.0,53.0,0.0,0.0,148.0,216.0,0.0
Montgomery,TX,MONTGOMERY,2023-05-02,2023,5,2,Spring,5,30.4,-95.8,364.0,151.0,204.0,9.0,0.0,0.0,0.0,122.0,75.0,53.0,0.0,0.0,148.0,216.0,0.0
Montgomery,TX,MONTGOMERY,2023-05-03,2023,5,3,Spring,2,30.4,-95.8,364.0,151.0,204.0,9.0,0.0,0.0,0.0,122.0,75.0,53.0,0.0,0.0,148.0,216.0,0.0
Montgomery,TX,MONTGOMERY,2023-05-07,2023,5,7,Spring,1,30.4,-95.8,364.0,151.0,204.0,9.0,0.0,0.0,0.0,122.0,75.0,53.0,0.0,0.0,148.0,216.0,0.0
Montgomery,TX,MONTGOMERY,2023-05-29,2023,5,29,Spring,3,30.4,-95.8,364.0,151.0,204.0,9.0,0.0,0.0,0.0,122.0,75.0,53.0,0.0,0.0,148.0,216.0,0.0
Montgomery,TX,MONTGOMERY,2023-05-30,2023,5,30,Spring,1,30.4,-95.8,364.0,151.0,204.0,9.0,0.0,0.0,0.0,122.0,75.0,53.0,0.0,0.0,148.0,216.0,0.0
Montgomery,TX,MONTGOMERY,2023-08-24,2023,8,24,Summer,1,30.4,-95.7,364.0,151.0,204.0,9.0,0.0,0.0,0.0,122.0,75.0,53.0,0.0,0.0,148.0,216.0,0.0
Montgomery,TX,MONTGOMERY,2023-10-02,2023,10,2,Fall,1,30.4,-95.8,364.0,151.0,204.0,9.0,0.0,0.0,0.0,122.0,75.0,53.0,0.0,0.0,148.0,216.0,0.0
Montgomery,TX,MONTGOMERY,2023-10-26,2023,10,26,Fall,1,30.4,-95.8,364.0,151.0,204.0,9.0,0.0,0.0,0.0,122.0,75.0,53.0,0.0,0.0,148.0,216.0,0.0
Montgomery,TX,MONTGOMERY,2023-10-28,2023,10,28,Fall,3,30.4,-95.8,364.0,151.0,204.0,9.0,0.0,0.0,0.0,122.0,75.0,53.0,0.0,0.0,148.0,216.0,0.0
Montgomery,TX,MONTGOMERY,2023-10-29,2023,10,29,Fall,1,30.4,-95.8,364.0,151.0,204.0,9.0,0.0,0.0,0.0,122.0,75.0,53.0,0.0,0.0,148.0,216.0,0.0
Montgomery,TX,MONTGOMERY,2023-11-03,2023,11,3,Fall,2,30.4,-95.8,364.0,151.0,204.0,9.0,0.0,0.0,0.0,122.0,75.0,53.0,0.0,0.0,148.0,216.0,0.0
Montgomery,TX,MONTGOMERY,2023-11-06,2023,11,6,Fall,1,30.4,-95.8,364.0,151.0,204.0,9.0,0.0,0.0,0.0,122.0,75.0,53.0,0.0,0.0,148.0,216.0,0.0
Montgomery,TX,MONTGOMERY,2023-11-07,2023,11,7,Fall,3,30.4,-95.8,364.0,151.0,204.0,9.0,0.0,0.0,0.0,122.0,75.0,53.0,0.0,0.0,148.0,216.0,0.0
Montgomery,TX,MONTGOMERY,2023-11-08,2023,11,8,Fall,1,30.4,-95.8,364.0,151.0,204.0,9.0,0.0,0.0,0.0,122.0,75.0,53.0,0.0,0.0,148.0,216.0,0.0
Montgomery,TX,MONTGOMERY,2023-11-09,2023,11,9,Fall,1,30.4,-95.8,364.0,151.0,204.0,9.0,0.0,0.0,0.0,122.0,75.0,53.0,0.0,0.0,148.0,216.0,0.0
Montgomery,TX,MONTGOMERY,2023-11-24,2023,11,24,Fall,1,30.4,-95.8,364.0,151.0,204.0,9.0,0.0,0.0,0.0,122.0,75.0,53.0,0.0,0.0,148.0,216.0,0.0
Montgomery Village,MD,MONTGOMERY,2023-06-11,2023,6,11,Summer,3,39.2,-77.2,357.0,291.0,61.0,2.0,3.0,0.0,0.0,165.0,61.0,42.0,0.0,0.0,195.0,162.0,0.0
Monticello,KY,WAYNE,2023-10-10,2023,10,10,Fall,25,36.8,-84.8,,,,,,,,,,,,,,,
Monticello,KY,WAYNE,2023-10-16,2023,10,16,Fall,25,36.8,-84.9,,,,,,,,,,,,,,,
Monticello,KY,WAYNE,2023-10-27,2023,10,27,Fall,25,36.9,-84.8,,,,,,,,,,,,,,,
Monticello,MN,WRIGHT,2023-07-08,2023,7,8,Summer,2,45.3,-93.8,349.0,183.0,145.0,18.0,3.0,0.0,0.0,186.0,87.0,49.0,0.0,0.0,113.0,236.0,0.0
Montpelier,VT,WASHINGTON,2023-09-20,2023,9,20,Fall,13,44.3,-72.6,,,,,,,,,,,,,,,
Montpelier,VT,WASHINGTON,2023-09-22,2023,9,22,Fall,13,44.3,-72.6,,,,,,,,,,,,,,,
Montrose,IA,LEE,2023-08-15,2023,8,15,Summer,15,40.6,-91.4,60.0,36.0,24.0,0.0,0.0,0.0,0.0,97.0,64.0,47.0,0.0,0.0,0.0,60.0,0.0
Montverde,FL,LAKE,2023-02-15,2023,2,15,Winter,1,28.6,-81.7,364.0,337.0,27.0,0.0,0.0,0.0,0.0,97.0,49.0,37.0,0.0,0.0,364.0,0.0,0.0
Moody,AL,SAINT CLAIR,2023-10-26,2023,10,26,Fall,6,33.6,-86.5,,,,,,,,,,,,,,,
Mooresville,IN,MORGAN,2023-07-20,2023,7,20,Summer,2,39.6,-86.4,,,,,,,,,,,,,,,
Mooresville,IN,MORGAN,2023-07-22,2023,7,22,Summer,2,39.6,-86.4,,,,,,,,,,,,,,,
Mooresville,IN,MORGAN,2023-08-16,2023,8,16,Summer,3,39.6,-86.4,,,,,,,,,,,,,,,
Mooresville,IN,MORGAN,2023-08-20,2023,8,20,Summer,1,39.6,-86.4,,,,,,,,,,,,,,,
Mooresville,IN,MORGAN,2023-08-27,2023,8,27,Summer,2,39.6,-86.4,,,,,,,,,,,,,,,
Mooresville,IN,MORGAN,2023-08-31,2023,8,31,Summer,2,39.6,-86.4,,,,,,,,,,,,,,,
Mooresville,IN,MORGAN,2023-09-28,2023,9,28,Fall,3,39.6,-86.4,,,,,,,,,,,,,,,
Mooresville,IN,MORGAN,2023-10-01,2023,10,1,Fall,1,39.6,-86.4,,,,,,,,,,,,,,,
Mooresville,IN,MORGAN,2023-10-03,2023,10,3,Fall,1,39.6,-86.4,,,,,,,,,,,,,,,
Mooresville,IN,MORGAN,2023-10-09,2023,10,9,Fall,1,39.6,-86.4,,,,,,,,,,,,,,,
Mooresville,IN,MORGAN,2023-10-25,2023,10,25,Fall,1,39.6,-86.4,,,,,,,,,,,,,,,
Moorhead,MN,CLAY,2023-08-04,2023,8,4,Summer,44,46.8,-96.7,,,,,,,,,,,,,,,
Moorhead,MN,CLAY,2023-08-05,2023,8,5,Summer,24,46.8,-96.7,,,,,,,,,,,,,,,
Moorhead,MN,CLAY,2023-08-07,2023,8,7,Summer,4,46.9,-96.7,,,,,,,,,,,,,,,
Moorhead,MN,CLAY,2023-08-30,2023,8,30,Summer,4,46.8,-96.7,,,,,,,,,,,,,,,
Moorpark,CA,VENTURA,2023-08-31,2023,8,31,Summer,8,34.3,-118.9,365.0,220.0,133.0,12.0,0.0,0.0,0.0,136.0,80.0,46.0,0.0,0.0,239.0,121.0,5.0
Moose Lake,MN,CARLTON,2023-05-27,2023,5,27,Spring,1,46.4,-92.7,362.0,266.0,91.0,4.0,1.0,0.0,0.0,156.0,63.0,38.0,0.0,0.0,126.0,236.0,0.0
Moose Lake,MN,CARLTON,2023-06-01,2023,6,1,Summer,1,46.4,-92.7,362.0,266.0,91.0,4.0,1.0,0.0,0.0,156.0,63.0,38.0,0.0,0.0,126.0,236.0,0.0
Moose Lake,MN,CARLTON,2023-06-02,2023,6,2,Summer,3,46.4,-92.7,362.0,266.0,91.0,4.0,1.0,0.0,0.0,156.0,63.0,38.0,0.0,0.0,126.0,236.0,0.0
Moose Lake,MN,CARLTON,2023-06-03,2023,6,3,Summer,7,46.4,-92.7,362.0,266.0,91.0,4.0,1.0,0.0,0.0,156.0,63.0,38.0,0.0,0.0,126.0,236.0,0.0
Moose Lake,MN,CARLTON,2023-06-04,2023,6,4,Summer,4,46.5,-92.8,362.0,266.0,91.0,4.0,1.0,0.0,0.0,156.0,63.0,38.0,0.0,0.0,126.0,236.0,0.0
Moose Lake,MN,CARLTON,2023-06-27,2023,6,27,Summer,6,46.4,-92.7,362.0,266.0,91.0,4.0,1.0,0.0,0.0,156.0,63.0,38.0,0.0,0.0,126.0,236.0,0.0
Moose Lake,MN,CARLTON,2023-06-29,2023,6,29,Summer,5,46.4,-92.7,362.0,266.0,91.0,4.0,1.0,0.0,0.0,156.0,63.0,38.0,0.0,0.0,126.0,236.0,0.0
Moose Lake,MN,CARLTON,2023-07-01,2023,7,1,Summer,8,46.4,-92.7,362.0,266.0,91.0,4.0,1.0,0.0,0.0,156.0,63.0,38.0,0.0,0.0,126.0,236.0,0.0
Moose Lake,MN,CARLTON,2023-07-02,2023,7,2,Summer,7,46.4,-92.7,362.0,266.0,91.0,4.0,1.0,0.0,0.0,156.0,63.0,38.0,0.0,0.0,126.0,236.0,0.0
Moose Lake,MN,CARLTON,2023-07-03,2023,7,3,Summer,18,46.5,-92.8,362.0,266.0,91.0,4.0,1.0,0.0,0.0,156.0,63.0,38.0,0.0,0.0,126.0,236.0,0.0
Moose Lake,MN,CARLTON,2023-07-04,2023,7,4,Summer,16,46.4,-92.7,362.0,266.0,91.0,4.0,1.0,0.0,0.0,156.0,63.0,38.0,0.0,0.0,126.0,236.0,0.0
Moose Lake,MN,CARLTON,2023-07-05,2023,7,5,Summer,13,46.5,-92.8,362.0,266.0,91.0,4.0,1.0,0.0,0.0,156.0,63.0,38.0,0.0,0.0,126.0,236.0,0.0
Moose Lake,MN,CARLTON,2023-07-30,2023,7,30,Summer,2,46.4,-92.7,362.0,266.0,91.0,4.0,1.0,0.0,0.0,156.0,63.0,38.0,0.0,0.0,126.0,236.0,0.0
Moose Lake,MN,CARLTON,2023-08-04,2023,8,4,Summer,1,46.4,-92.7,362.0,266.0,91.0,4.0,1.0,0.0,0.0,156.0,63.0,38.0,0.0,0.0,126.0,236.0,0.0
Morganton,NC,BURKE,2023-04-15,2023,4,15,Spring,11,35.8,-81.7,,,,,,,,,,,,,,,
Morganton,NC,BURKE,2023-09-23,2023,9,23,Fall,11,35.8,-81.7,,,,,,,,,,,,,,,
Morganton,NC,BURKE,2023-09-24,2023,9,24,Fall,22,35.8,-81.7,,,,,,,,,,,,,,,
Morgantown,PA,BERKS,2023-08-18,2023,8,18,Summer,10,40.2,-75.9,364.0,205.0,147.0,7.0,3.0,2.0,0.0,287.0,72.0,48.0,0.0,0.0,171.0,193.0,0.0
Morgantown,WV,MONONGALIA,2023-09-16,2023,9,16,Fall,8,39.6,-79.9,277.0,227.0,49.0,0.0,1.0,0.0,0.0,169.0,59.0,42.0,0.0,0.0,214.0,63.0,0.0
Morgantown,WV,MONONGALIA,2023-10-19,2023,10,19,Fall,48,39.6,-79.9,277.0,227.0,49.0,0.0,1.0,0.0,0.0,169.0,59.0,42.0,0.0,0.0,214.0,63.0,0.0
Mormon Lake,AZ,COCONINO,2023-08-03,2023,8,3,Summer,4,34.9,-111.5,365.0,243.0,118.0,1.0,2.0,1.0,0.0,203.0,80.0,46.0,0.0,0.0,356.0,9.0,0.0
Morrisonville,NY,CLINTON,2023-08-01,2023,8,1,Summer,4,44.7,-73.6,,,,,,,,,,,,,,,
Morrisville,PA,BUCKS,2023-07-31,2023,7,31,Summer,3,40.2,-74.9,296.0,241.0,50.0,4.0,1.0,0.0,0.0,200.0,71.0,39.0,0.0,0.0,296.0,0.0,0.0
Morrisville,PA,BUCKS,2023-08-02,2023,8,2,Summer,9,40.2,-74.8,296.0,241.0,50.0,4.0,1.0,0.0,0.0,200.0,71.0,39.0,0.0,0.0,296.0,0.0,0.0
Morrisville,PA,BUCKS,2023-10-05,2023,10,5,Fall,3,40.2,-74.8,296.0,241.0,50.0,4.0,1.0,0.0,0.0,200.0,71.0,39.0,0.0,0.0,296.0,0.0,0.0
Morro Bay,CA,SAN LUIS OBISPO,2023-10-05,2023,10,5,Fall,3,35.4,-120.8,365.0,207.0,152.0,6.0,0.0,0.0,0.0,122.0,77.0,47.0,0.0,3.0,244.0,115.0,3.0
Morro Bay,CA,SAN LUIS OBISPO,2023-10-07,2023,10,7,Fall,3,35.4,-120.8,365.0,207.0,152.0,6.0,0.0,0.0,0.0,122.0,77.0,47.0,0.0,3.0,244.0,115.0,3.0
Morro Bay,CA,SAN LUIS OBISPO,2023-10-09,2023,10,9,Fall,1,35.4,-120.8,365.0,207.0,152.0,6.0,0.0,0.0,0.0,122.0,77.0,47.0,0.0,3.0,244.0,115.0,3.0
Morro Bay,CA,SAN LUIS OBISPO,2023-10-16,2023,10,16,Fall,4,35.4,-120.8,365.0,207.0,152.0,6.0,0.0,0.0,0.0,122.0,77.0,47.0,0.0,3.0,244.0,115.0,3.0
Morro Bay,CA,SAN LUIS OBISPO,2023-10-31,2023,10,31,Fall,4,35.4,-120.8,365.0,207.0,152.0,6.0,0.0,0.0,0.0,122.0,77.0,47.0,0.0,3.0,244.0,115.0,3.0
Morro Bay,CA,SAN LUIS OBISPO,2023-11-04,2023,11,4,Fall,2,35.4,-120.8,365.0,207.0,152.0,6.0,0.0,0.0,0.0,122.0,77.0,47.0,0.0,3.0,244.0,115.0,3.0
Morrow,OH,WARREN,2023-07-21,2023,7,21,Summer,1,39.3,-84.2,364.0,230.0,127.0,5.0,2.0,0.0,0.0,183.0,72.0,44.0,0.0,0.0,162.0,202.0,0.0
Morrow,OH,WARREN,2023-07-30,2023,7,30,Summer,1,39.4,-84.1,364.0,230.0,127.0,5.0,2.0,0.0,0.0,183.0,72.0,44.0,0.0,0.0,162.0,202.0,0.0
Morrow,OH,WARREN,2023-08-06,2023,8,6,Summer,1,39.3,-84.2,364.0,230.0,127.0,5.0,2.0,0.0,0.0,183.0,72.0,44.0,0.0,0.0,162.0,202.0,0.0
Morrow,OH,WARREN,2023-08-11,2023,8,11,Summer,1,39.3,-84.2,364.0,230.0,127.0,5.0,2.0,0.0,0.0,183.0,72.0,44.0,0.0,0.0,162.0,202.0,0.0
Morrow,OH,WARREN,2023-09-15,2023,9,15,Fall,1,39.3,-84.1,364.0,230.0,127.0,5.0,2.0,0.0,0.0,183.0,72.0,44.0,0.0,0.0,162.0,202.0,0.0
Morton Grove,IL,COOK,2023-05-28,2023,5,28,Spring,1,42.0,-87.8,365.0,104.0,227.0,27.0,5.0,2.0,0.0,223.0,93.0,57.0,0.0,8.0,97.0,252.0,8.0
Moscow Mills,MO,LINCOLN,2023-09-15,2023,9,15,Fall,4,38.9,-90.9,245.0,177.0,53.0,15.0,0.0,0.0,0.0,140.0,80.0,44.0,0.0,0.0,245.0,0.0,0.0
Mound,MN,HENNEPIN,2023-09-09,2023,9,9,Fall,4,45.0,-93.6,365.0,173.0,175.0,14.0,3.0,0.0,0.0,187.0,80.0,52.0,1.0,8.0,69.0,273.0,14.0
Mounds,OK,CREEK,2023-04-07,2023,4,7,Spring,3,35.9,-95.9,249.0,196.0,50.0,3.0,0.0,0.0,0.0,136.0,64.0,44.0,0.0,0.0,249.0,0.0,0.0
Mounds,OK,CREEK,2023-04-10,2023,4,10,Spring,3,35.9,-96.0,249.0,196.0,50.0,3.0,0.0,0.0,0.0,136.0,64.0,44.0,0.0,0.0,249.0,0.0,0.0
Mounds,OK,CREEK,2023-04-11,2023,4,11,Spring,3,35.9,-95.9,249.0,196.0,50.0,3.0,0.0,0.0,0.0,136.0,64.0,44.0,0.0,0.0,249.0,0.0,0.0
Mounds,OK,CREEK,2023-04-14,2023,4,14,Spring,1,35.9,-96.0,249.0,196.0,50.0,3.0,0.0,0.0,0.0,136.0,64.0,44.0,0.0,0.0,249.0,0.0,0.0
Mounds,OK,CREEK,2023-04-23,2023,4,23,Spring,3,35.9,-96.0,249.0,196.0,50.0,3.0,0.0,0.0,0.0,136.0,64.0,44.0,0.0,0.0,249.0,0.0,0.0
Mounds,OK,CREEK,2023-04-24,2023,4,24,Spring,4,35.9,-96.1,249.0,196.0,50.0,3.0,0.0,0.0,0.0,136.0,64.0,44.0,0.0,0.0,249.0,0.0,0.0
Mounds,OK,CREEK,2023-04-28,2023,4,28,Spring,3,35.9,-95.9,249.0,196.0,50.0,3.0,0.0,0.0,0.0,136.0,64.0,44.0,0.0,0.0,249.0,0.0,0.0
Mounds,OK,CREEK,2023-05-25,2023,5,25,Spring,2,35.9,-95.9,249.0,196.0,50.0,3.0,0.0,0.0,0.0,136.0,64.0,44.0,0.0,0.0,249.0,0.0,0.0
Mounds,OK,CREEK,2023-06-13,2023,6,13,Summer,3,35.9,-96.1,249.0,196.0,50.0,3.0,0.0,0.0,0.0,136.0,64.0,44.0,0.0,0.0,249.0,0.0,0.0
Mounds,OK,CREEK,2023-06-14,2023,6,14,Summer,3,35.9,-96.1,249.0,196.0,50.0,3.0,0.0,0.0,0.0,136.0,64.0,44.0,0.0,0.0,249.0,0.0,0.0
Mounds,OK,CREEK,2023-07-12,2023,7,12,Summer,2,35.9,-95.9,249.0,196.0,50.0,3.0,0.0,0.0,0.0,136.0,64.0,44.0,0.0,0.0,249.0,0.0,0.0
Mounds,OK,CREEK,2023-08-08,2023,8,8,Summer,1,35.9,-95.9,249.0,196.0,50.0,3.0,0.0,0.0,0.0,136.0,64.0,44.0,0.0,0.0,249.0,0.0,0.0
Mounds,OK,CREEK,2023-08-15,2023,8,15,Summer,2,35.9,-96.0,249.0,196.0,50.0,3.0,0.0,0.0,0.0,136.0,64.0,44.0,0.0,0.0,249.0,0.0,0.0
Mounds,OK,CREEK,2023-08-16,2023,8,16,Summer,4,35.9,-95.9,249.0,196.0,50.0,3.0,0.0,0.0,0.0,136.0,64.0,44.0,0.0,0.0,249.0,0.0,0.0
Mounds,OK,CREEK,2023-08-17,2023,8,17,Summer,1,35.9,-95.9,249.0,196.0,50.0,3.0,0.0,0.0,0.0,136.0,64.0,44.0,0.0,0.0,249.0,0.0,0.0
Mounds,OK,CREEK,2023-08-20,2023,8,20,Summer,1,35.8,-96.0,249.0,196.0,50.0,3.0,0.0,0.0,0.0,136.0,64.0,44.0,0.0,0.0,249.0,0.0,0.0
Mounds,OK,CREEK,2023-08-22,2023,8,22,Summer,3,35.9,-96.1,249.0,196.0,50.0,3.0,0.0,0.0,0.0,136.0,64.0,44.0,0.0,0.0,249.0,0.0,0.0
Mounds,OK,CREEK,2023-08-23,2023,8,23,Summer,3,35.9,-96.1,249.0,196.0,50.0,3.0,0.0,0.0,0.0,136.0,64.0,44.0,0.0,0.0,249.0,0.0,0.0
Mounds,OK,CREEK,2023-08-25,2023,8,25,Summer,6,35.9,-96.0,249.0,196.0,50.0,3.0,0.0,0.0,0.0,136.0,64.0,44.0,0.0,0.0,249.0,0.0,0.0
Mounds,OK,CREEK,2023-08-26,2023,8,26,Summer,2,35.9,-96.1,249.0,196.0,50.0,3.0,0.0,0.0,0.0,136.0,64.0,44.0,0.0,0.0,249.0,0.0,0.0
Mounds,OK,CREEK,2023-08-28,2023,8,28,Summer,5,35.9,-96.1,249.0,196.0,50.0,3.0,0.0,0.0,0.0,136.0,64.0,44.0,0.0,0.0,249.0,0.0,0.0
Mounds,OK,CREEK,2023-08-31,2023,8,31,Summer,4,35.9,-96.0,249.0,196.0,50.0,3.0,0.0,0.0,0.0,136.0,64.0,44.0,0.0,0.0,249.0,0.0,0.0
Mounds,OK,CREEK,2023-09-20,2023,9,20,Fall,5,35.9,-96.1,249.0,196.0,50.0,3.0,0.0,0.0,0.0,136.0,64.0,44.0,0.0,0.0,249.0,0.0,0.0
Mounds,OK,CREEK,2023-09-21,2023,9,21,Fall,1,35.9,-96.0,249.0,196.0,50.0,3.0,0.0,0.0,0.0,136.0,64.0,44.0,0.0,0.0,249.0,0.0,0.0
Mounds,OK,CREEK,2023-09-25,2023,9,25,Fall,1,35.9,-96.1,249.0,196.0,50.0,3.0,0.0,0.0,0.0,136.0,64.0,44.0,0.0,0.0,249.0,0.0,0.0
Mounds,OK,CREEK,2023-09-26,2023,9,26,Fall,2,35.9,-96.0,249.0,196.0,50.0,3.0,0.0,0.0,0.0,136.0,64.0,44.0,0.0,0.0,249.0,0.0,0.0
Mounds,OK,CREEK,2023-09-28,2023,9,28,Fall,4,35.9,-96.0,249.0,196.0,50.0,3.0,0.0,0.0,0.0,136.0,64.0,44.0,0.0,0.0,249.0,0.0,0.0
Mounds,OK,CREEK,2023-09-29,2023,9,29,Fall,4,35.9,-96.1,249.0,196.0,50.0,3.0,0.0,0.0,0.0,136.0,64.0,44.0,0.0,0.0,249.0,0.0,0.0
Mount Joy,PA,LANCASTER,2023-07-31,2023,7,31,Summer,6,40.1,-76.5,365.0,108.0,243.0,9.0,3.0,1.0,1.0,321.0,85.0,58.0,0.0,0.0,61.0,304.0,0.0
Mountain View,CA,SANTA CLARA,2023-02-12,2023,2,12,Winter,20,37.4,-122.1,365.0,238.0,123.0,4.0,0.0,0.0,0.0,134.0,63.0,43.0,0.0,2.0,181.0,182.0,0.0
Mountain View,CA,SANTA CLARA,2023-02-19,2023,2,19,Winter,100,37.4,-122.1,365.0,238.0,123.0,4.0,0.0,0.0,0.0,134.0,63.0,43.0,0.0,2.0,181.0,182.0,0.0
Mountain View,CA,SANTA CLARA,2023-04-15,2023,4,15,Spring,35,37.4,-122.1,365.0,238.0,123.0,4.0,0.0,0.0,0.0,134.0,63.0,43.0,0.0,2.0,181.0,182.0,0.0
Mountain View,CA,SANTA CLARA,2023-04-22,2023,4,22,Spring,75,37.4,-122.1,365.0,238.0,123.0,4.0,0.0,0.0,0.0,134.0,63.0,43.0,0.0,2.0,181.0,182.0,0.0
Mountain View,CA,SANTA CLARA,2023-05-07,2023,5,7,Spring,60,37.4,-122.1,365.0,238.0,123.0,4.0,0.0,0.0,0.0,134.0,63.0,43.0,0.0,2.0,181.0,182.0,0.0
Mountain View,CA,SANTA CLARA,2023-06-03,2023,6,3,Summer,100,37.4,-122.1,365.0,238.0,123.0,4.0,0.0,0.0,0.0,134.0,63.0,43.0,0.0,2.0,181.0,182.0,0.0
Mountain View,CA,SANTA CLARA,2023-06-10,2023,6,10,Summer,85,37.4,-122.1,365.0,238.0,123.0,4.0,0.0,0.0,0.0,134.0,63.0,43.0,0.0,2.0,181.0,182.0,0.0
Mountain View,CA,SANTA CLARA,2023-06-25,2023,6,25,Summer,5,37.4,-122.1,365.0,238.0,123.0,4.0,0.0,0.0,0.0,134.0,63.0,43.0,0.0,2.0,181.0,182.0,0.0
Mountain View,CA,SANTA CLARA,2023-08-05,2023,8,5,Summer,100,37.4,-122.1,365.0,238.0,123.0,4.0,0.0,0.0,0.0,134.0,63.0,43.0,0.0,2.0,181.0,182.0,0.0
Mountain View,CA,SANTA CLARA,2023-10-29,2023,10,29,Fall,60,37.4,-122.1,365.0,238.0,123.0,4.0,0.0,0.0,0.0,134.0,63.0,43.0,0.0,2.0,181.0,182.0,0.0
Mountain View,CA,SANTA CLARA,2023-11-02,2023,11,2,Fall,60,37.4,-122.1,365.0,238.0,123.0,4.0,0.0,0.0,0.0,134.0,63.0,43.0,0.0,2.0,181.0,182.0,0.0
Mulvane,KS,SEDGWICK,2023-09-30,2023,9,30,Fall,1,37.5,-97.2,365.0,207.0,153.0,4.0,1.0,0.0,0.0,157.0,67.0,48.0,0.0,6.0,219.0,138.0,2.0
Muncy,PA,LYCOMING,2023-07-28,2023,7,28,Summer,10,41.2,-76.8,283.0,242.0,38.0,3.0,0.0,0.0,0.0,119.0,58.0,38.0,0.0,0.0,214.0,69.0,0.0
Muncy,PA,LYCOMING,2023-08-23,2023,8,23,Summer,10,41.2,-76.8,283.0,242.0,38.0,3.0,0.0,0.0,0.0,119.0,58.0,38.0,0.0,0.0,214.0,69.0,0.0
Muncy,PA,LYCOMING,2023-08-25,2023,8,25,Summer,10,41.2,-76.8,283.0,242.0,38.0,3.0,0.0,0.0,0.0,119.0,58.0,38.0,0.0,0.0,214.0,69.0,0.0
Muncy,PA,LYCOMING,2023-09-07,2023,9,7,Fall,10,41.2,-76.8,283.0,242.0,38.0,3.0,0.0,0.0,0.0,119.0,58.0,38.0,0.0,0.0,214.0,69.0,0.0
Muncy,PA,LYCOMING,2023-09-10,2023,9,10,Fall,20,41.2,-76.8,283.0,242.0,38.0,3.0,0.0,0.0,0.0,119.0,58.0,38.0,0.0,0.0,214.0,69.0,0.0
Muncy,PA,LYCOMING,2023-09-16,2023,9,16,Fall,10,41.2,-76.8,283.0,242.0,38.0,3.0,0.0,0.0,0.0,119.0,58.0,38.0,0.0,0.0,214.0,69.0,0.0
Muncy,PA,LYCOMING,2023-09-18,2023,9,18,Fall,10,41.2,-76.8,283.0,242.0,38.0,3.0,0.0,0.0,0.0,119.0,58.0,38.0,0.0,0.0,214.0,69.0,0.0
Muncy,PA,LYCOMING,2023-10-05,2023,10,5,Fall,20,41.2,-76.8,283.0,242.0,38.0,3.0,0.0,0.0,0.0,119.0,58.0,38.0,0.0,0.0,214.0,69.0,0.0
Mundelein,IL,LAKE,2023-07-28,2023,7,28,Summer,4,42.3,-88.0,243.0,182.0,47.0,13.0,1.0,0.0,0.0,179.0,84.0,42.0,0.0,0.0,243.0,0.0,0.0
Mundelein,IL,LAKE,2023-08-03,2023,8,3,Summer,2,42.3,-88.0,243.0,182.0,47.0,13.0,1.0,0.0,0.0,179.0,84.0,42.0,0.0,0.0,243.0,0.0,0.0
Munster,IN,LAKE,2023-07-04,2023,7,4,Summer,2,41.6,-87.5,365.0,125.0,222.0,16.0,1.0,1.0,0.0,215.0,80.0,55.0,0.0,0.0,69.0,294.0,2.0
Munster,IN,LAKE,2023-07-06,2023,7,6,Summer,2,41.6,-87.5,365.0,125.0,222.0,16.0,1.0,1.0,0.0,215.0,80.0,55.0,0.0,0.0,69.0,294.0,2.0
Munster,IN,LAKE,2023-07-07,2023,7,7,Summer,2,41.6,-87.5,365.0,125.0,222.0,16.0,1.0,1.0,0.0,215.0,80.0,55.0,0.0,0.0,69.0,294.0,2.0
Munster,IN,LAKE,2023-07-09,2023,7,9,Summer,2,41.6,-87.5,365.0,125.0,222.0,16.0,1.0,1.0,0.0,215.0,80.0,55.0,0.0,0.0,69.0,294.0,2.0
Munster,IN,LAKE,2023-07-15,2023,7,15,Summer,4,41.6,-87.5,365.0,125.0,222.0,16.0,1.0,1.0,0.0,215.0,80.0,55.0,0.0,0.0,69.0,294.0,2.0
Munster,IN,LAKE,2023-07-16,2023,7,16,Summer,4,41.6,-87.5,365.0,125.0,222.0,16.0,1.0,1.0,0.0,215.0,80.0,55.0,0.0,0.0,69.0,294.0,2.0
Munster,IN,LAKE,2023-07-21,2023,7,21,Summer,6,41.6,-87.5,365.0,125.0,222.0,16.0,1.0,1.0,0.0,215.0,80.0,55.0,0.0,0.0,69.0,294.0,2.0
Munster,IN,LAKE,2023-07-23,2023,7,23,Summer,4,41.6,-87.5,365.0,125.0,222.0,16.0,1.0,1.0,0.0,215.0,80.0,55.0,0.0,0.0,69.0,294.0,2.0
Munster,IN,LAKE,2023-07-25,2023,7,25,Summer,2,41.6,-87.5,365.0,125.0,222.0,16.0,1.0,1.0,0.0,215.0,80.0,55.0,0.0,0.0,69.0,294.0,2.0
Munster,IN,LAKE,2023-07-26,2023,7,26,Summer,2,41.6,-87.5,365.0,125.0,222.0,16.0,1.0,1.0,0.0,215.0,80.0,55.0,0.0,0.0,69.0,294.0,2.0
Munster,IN,LAKE,2023-07-31,2023,7,31,Summer,4,41.6,-87.5,365.0,125.0,222.0,16.0,1.0,1.0,0.0,215.0,80.0,55.0,0.0,0.0,69.0,294.0,2.0
Munster,IN,LAKE,2023-08-01,2023,8,1,Summer,4,41.6,-87.5,365.0,125.0,222.0,16.0,1.0,1.0,0.0,215.0,80.0,55.0,0.0,0.0,69.0,294.0,2.0
Munster,IN,LAKE,2023-08-02,2023,8,2,Summer,6,41.6,-87.5,365.0,125.0,222.0,16.0,1.0,1.0,0.0,215.0,80.0,55.0,0.0,0.0,69.0,294.0,2.0
Munster,IN,LAKE,2023-08-03,2023,8,3,Summer,10,41.6,-87.5,365.0,125.0,222.0,16.0,1.0,1.0,0.0,215.0,80.0,55.0,0.0,0.0,69.0,294.0,2.0
Munster,IN,LAKE,2023-08-04,2023,8,4,Summer,8,41.6,-87.5,365.0,125.0,222.0,16.0,1.0,1.0,0.0,215.0,80.0,55.0,0.0,0.0,69.0,294.0,2.0
Munster,IN,LAKE,2023-08-06,2023,8,6,Summer,2,41.6,-87.5,365.0,125.0,222.0,16.0,1.0,1.0,0.0,215.0,80.0,55.0,0.0,0.0,69.0,294.0,2.0
Munster,IN,LAKE,2023-08-07,2023,8,7,Summer,4,41.6,-87.5,365.0,125.0,222.0,16.0,1.0,1.0,0.0,215.0,80.0,55.0,0.0,0.0,69.0,294.0,2.0
Munster,IN,LAKE,2023-08-08,2023,8,8,Summer,6,41.6,-87.5,365.0,125.0,222.0,16.0,1.0,1.0,0.0,215.0,80.0,55.0,0.0,0.0,69.0,294.0,2.0
Munster,IN,LAKE,2023-08-09,2023,8,9,Summer,6,41.6,-87.5,365.0,125.0,222.0,16.0,1.0,1.0,0.0,215.0,80.0,55.0,0.0,0.0,69.0,294.0,2.0
Munster,IN,LAKE,2023-08-14,2023,8,14,Summer,2,41.6,-87.5,365.0,125.0,222.0,16.0,1.0,1.0,0.0,215.0,80.0,55.0,0.0,0.0,69.0,294.0,2.0
Munster,IN,LAKE,2023-08-15,2023,8,15,Summer,4,41.6,-87.5,365.0,125.0,222.0,16.0,1.0,1.0,0.0,215.0,80.0,55.0,0.0,0.0,69.0,294.0,2.0
Munster,IN,LAKE,2023-08-25,2023,8,25,Summer,2,41.6,-87.5,365.0,125.0,222.0,16.0,1.0,1.0,0.0,215.0,80.0,55.0,0.0,0.0,69.0,294.0,2.0
Munster,IN,LAKE,2023-08-26,2023,8,26,Summer,6,41.6,-87.5,365.0,125.0,222.0,16.0,1.0,1.0,0.0,215.0,80.0,55.0,0.0,0.0,69.0,294.0,2.0
Munster,IN,LAKE,2023-08-31,2023,8,31,Summer,4,41.6,-87.5,365.0,125.0,222.0,16.0,1.0,1.0,0.0,215.0,80.0,55.0,0.0,0.0,69.0,294.0,2.0
Munster,IN,LAKE,2023-09-10,2023,9,10,Fall,10,41.6,-87.5,365.0,125.0,222.0,16.0,1.0,1.0,0.0,215.0,80.0,55.0,0.0,0.0,69.0,294.0,2.0
Munster,IN,LAKE,2023-10-10,2023,10,10,Fall,8,41.6,-87.5,365.0,125.0,222.0,16.0,1.0,1.0,0.0,215.0,80.0,55.0,0.0,0.0,69.0,294.0,2.0
Murrells Inlet,SC,HORRY,2023-05-24,2023,5,24,Spring,8,33.5,-79.0,332.0,238.0,94.0,0.0,0.0,0.0,0.0,100.0,62.0,43.0,0.0,0.0,143.0,189.0,0.0
Murrells Inlet,SC,HORRY,2023-05-25,2023,5,25,Spring,4,33.6,-79.1,332.0,238.0,94.0,0.0,0.0,0.0,0.0,100.0,62.0,43.0,0.0,0.0,143.0,189.0,0.0
Murrells Inlet,SC,HORRY,2023-05-31,2023,5,31,Spring,4,33.6,-79.1,332.0,238.0,94.0,0.0,0.0,0.0,0.0,100.0,62.0,43.0,0.0,0.0,143.0,189.0,0.0
Murrells Inlet,SC,HORRY,2023-06-02,2023,6,2,Summer,12,33.6,-79.1,332.0,238.0,94.0,0.0,0.0,0.0,0.0,100.0,62.0,43.0,0.0,0.0,143.0,189.0,0.0
Murrells Inlet,SC,HORRY,2023-06-03,2023,6,3,Summer,8,33.6,-79.1,332.0,238.0,94.0,0.0,0.0,0.0,0.0,100.0,62.0,43.0,0.0,0.0,143.0,189.0,0.0
Murrells Inlet,SC,HORRY,2023-06-04,2023,6,4,Summer,4,33.6,-79.1,332.0,238.0,94.0,0.0,0.0,0.0,0.0,100.0,62.0,43.0,0.0,0.0,143.0,189.0,0.0
Murrells Inlet,SC,HORRY,2023-06-05,2023,6,5,Summer,4,33.5,-79.0,332.0,238.0,94.0,0.0,0.0,0.0,0.0,100.0,62.0,43.0,0.0,0.0,143.0,189.0,0.0
Murrells Inlet,SC,HORRY,2023-06-09,2023,6,9,Summer,4,33.5,-79.0,332.0,238.0,94.0,0.0,0.0,0.0,0.0,100.0,62.0,43.0,0.0,0.0,143.0,189.0,0.0
Murrells Inlet,SC,HORRY,2023-06-11,2023,6,11,Summer,4,33.5,-79.0,332.0,238.0,94.0,0.0,0.0,0.0,0.0,100.0,62.0,43.0,0.0,0.0,143.0,189.0,0.0
Murrells Inlet,SC,HORRY,2023-06-13,2023,6,13,Summer,8,33.6,-79.1,332.0,238.0,94.0,0.0,0.0,0.0,0.0,100.0,62.0,43.0,0.0,0.0,143.0,189.0,0.0
Murrells Inlet,SC,HORRY,2023-06-16,2023,6,16,Summer,4,33.6,-79.1,332.0,238.0,94.0,0.0,0.0,0.0,0.0,100.0,62.0,43.0,0.0,0.0,143.0,189.0,0.0
Murrells Inlet,SC,HORRY,2023-06-25,2023,6,25,Summer,8,33.6,-79.1,332.0,238.0,94.0,0.0,0.0,0.0,0.0,100.0,62.0,43.0,0.0,0.0,143.0,189.0,0.0
Murrells Inlet,SC,HORRY,2023-06-28,2023,6,28,Summer,8,33.6,-79.1,332.0,238.0,94.0,0.0,0.0,0.0,0.0,100.0,62.0,43.0,0.0,0.0,143.0,189.0,0.0
Murrells Inlet,SC,HORRY,2023-06-29,2023,6,29,Summer,4,33.6,-79.1,332.0,238.0,94.0,0.0,0.0,0.0,0.0,100.0,62.0,43.0,0.0,0.0,143.0,189.0,0.0
Murrells Inlet,SC,HORRY,2023-07-01,2023,7,1,Summer,4,33.6,-79.1,332.0,238.0,94.0,0.0,0.0,0.0,0.0,100.0,62.0,43.0,0.0,0.0,143.0,189.0,0.0
Murrells Inlet,SC,HORRY,2023-07-03,2023,7,3,Summer,4,33.6,-79.1,332.0,238.0,94.0,0.0,0.0,0.0,0.0,100.0,62.0,43.0,0.0,0.0,143.0,189.0,0.0
Murrells Inlet,SC,HORRY,2023-07-04,2023,7,4,Summer,4,33.6,-79.1,332.0,238.0,94.0,0.0,0.0,0.0,0.0,100.0,62.0,43.0,0.0,0.0,143.0,189.0,0.0
Murrells Inlet,SC,HORRY,2023-07-16,2023,7,16,Summer,20,33.5,-79.0,332.0,238.0,94.0,0.0,0.0,0.0,0.0,100.0,62.0,43.0,0.0,0.0,143.0,189.0,0.0
Murrells Inlet,SC,HORRY,2023-07-17,2023,7,17,Summer,12,33.6,-79.1,332.0,238.0,94.0,0.0,0.0,0.0,0.0,100.0,62.0,43.0,0.0,0.0,143.0,189.0,0.0
Murrells Inlet,SC,HORRY,2023-07-18,2023,7,18,Summer,4,33.6,-79.1,332.0,238.0,94.0,0.0,0.0,0.0,0.0,100.0,62.0,43.0,0.0,0.0,143.0,189.0,0.0
Murrells Inlet,SC,HORRY,2023-07-19,2023,7,19,Summer,12,33.6,-79.1,332.0,238.0,94.0,0.0,0.0,0.0,0.0,100.0,62.0,43.0,0.0,0.0,143.0,189.0,0.0
Murrells Inlet,SC,HORRY,2023-07-22,2023,7,22,Summer,4,33.6,-79.1,332.0,238.0,94.0,0.0,0.0,0.0,0.0,100.0,62.0,43.0,0.0,0.0,143.0,189.0,0.0
Murrells Inlet,SC,HORRY,2023-07-28,2023,7,28,Summer,8,33.6,-79.1,332.0,238.0,94.0,0.0,0.0,0.0,0.0,100.0,62.0,43.0,0.0,0.0,143.0,189.0,0.0
Murrells Inlet,SC,HORRY,2023-08-03,2023,8,3,Summer,12,33.6,-79.1,332.0,238.0,94.0,0.0,0.0,0.0,0.0,100.0,62.0,43.0,0.0,0.0,143.0,189.0,0.0
Murrells Inlet,SC,HORRY,2023-08-12,2023,8,12,Summer,4,33.6,-79.1,332.0,238.0,94.0,0.0,0.0,0.0,0.0,100.0,62.0,43.0,0.0,0.0,143.0,189.0,0.0
Murrells Inlet,SC,HORRY,2023-08-16,2023,8,16,Summer,20,33.5,-79.0,332.0,238.0,94.0,0.0,0.0,0.0,0.0,100.0,62.0,43.0,0.0,0.0,143.0,189.0,0.0
Murrells Inlet,SC,HORRY,2023-08-17,2023,8,17,Summer,40,33.5,-79.0,332.0,238.0,94.0,0.0,0.0,0.0,0.0,100.0,62.0,43.0,0.0,0.0,143.0,189.0,0.0
Murrells Inlet,SC,HORRY,2023-08-18,2023,8,18,Summer,4,33.5,-79.0,332.0,238.0,94.0,0.0,0.0,0.0,0.0,100.0,62.0,43.0,0.0,0.0,143.0,189.0,0.0
Murrells Inlet,SC,HORRY,2023-08-20,2023,8,20,Summer,8,33.5,-79.0,332.0,238.0,94.0,0.0,0.0,0.0,0.0,100.0,62.0,43.0,0.0,0.0,143.0,189.0,0.0
Murrells Inlet,SC,HORRY,2023-08-23,2023,8,23,Summer,4,33.5,-79.0,332.0,238.0,94.0,0.0,0.0,0.0,0.0,100.0,62.0,43.0,0.0,0.0,143.0,189.0,0.0
Murrells Inlet,SC,HORRY,2023-08-24,2023,8,24,Summer,4,33.5,-79.0,332.0,238.0,94.0,0.0,0.0,0.0,0.0,100.0,62.0,43.0,0.0,0.0,143.0,189.0,0.0
Murrells Inlet,SC,HORRY,2023-08-25,2023,8,25,Summer,8,33.6,-79.1,332.0,238.0,94.0,0.0,0.0,0.0,0.0,100.0,62.0,43.0,0.0,0.0,143.0,189.0,0.0
Murrells Inlet,SC,HORRY,2023-08-26,2023,8,26,Summer,4,33.6,-79.1,332.0,238.0,94.0,0.0,0.0,0.0,0.0,100.0,62.0,43.0,0.0,0.0,143.0,189.0,0.0
Murrells Inlet,SC,HORRY,2023-08-28,2023,8,28,Summer,4,33.5,-79.0,332.0,238.0,94.0,0.0,0.0,0.0,0.0,100.0,62.0,43.0,0.0,0.0,143.0,189.0,0.0
Murrells Inlet,SC,HORRY,2023-08-29,2023,8,29,Summer,4,33.5,-79.0,332.0,238.0,94.0,0.0,0.0,0.0,0.0,100.0,62.0,43.0,0.0,0.0,143.0,189.0,0.0
Murrells Inlet,SC,HORRY,2023-08-31,2023,8,31,Summer,4,33.6,-79.1,332.0,238.0,94.0,0.0,0.0,0.0,0.0,100.0,62.0,43.0,0.0,0.0,143.0,189.0,0.0
Murrells Inlet,SC,HORRY,2023-09-01,2023,9,1,Fall,12,33.6,-79.1,332.0,238.0,94.0,0.0,0.0,0.0,0.0,100.0,62.0,43.0,0.0,0.0,143.0,189.0,0.0
Murrells Inlet,SC,HORRY,2023-09-04,2023,9,4,Fall,8,33.6,-79.1,332.0,238.0,94.0,0.0,0.0,0.0,0.0,100.0,62.0,43.0,0.0,0.0,143.0,189.0,0.0
Murrells Inlet,SC,HORRY,2023-09-11,2023,9,11,Fall,8,33.6,-79.1,332.0,238.0,94.0,0.0,0.0,0.0,0.0,100.0,62.0,43.0,0.0,0.0,143.0,189.0,0.0
Murrells Inlet,SC,HORRY,2023-09-12,2023,9,12,Fall,4,33.5,-79.0,332.0,238.0,94.0,0.0,0.0,0.0,0.0,100.0,62.0,43.0,0.0,0.0,143.0,189.0,0.0
Murrells Inlet,SC,HORRY,2023-09-13,2023,9,13,Fall,8,33.5,-79.0,332.0,238.0,94.0,0.0,0.0,0.0,0.0,100.0,62.0,43.0,0.0,0.0,143.0,189.0,0.0
Murrells Inlet,SC,HORRY,2023-09-18,2023,9,18,Fall,20,33.5,-79.0,332.0,238.0,94.0,0.0,0.0,0.0,0.0,100.0,62.0,43.0,0.0,0.0,143.0,189.0,0.0
Murrells Inlet,SC,HORRY,2023-09-23,2023,9,23,Fall,8,33.6,-79.1,332.0,238.0,94.0,0.0,0.0,0.0,0.0,100.0,62.0,43.0,0.0,0.0,143.0,189.0,0.0
Murrells Inlet,SC,HORRY,2023-09-24,2023,9,24,Fall,4,33.6,-79.1,332.0,238.0,94.0,0.0,0.0,0.0,0.0,100.0,62.0,43.0,0.0,0.0,143.0,189.0,0.0
Murrells Inlet,SC,HORRY,2023-10-04,2023,10,4,Fall,8,33.6,-79.1,332.0,238.0,94.0,0.0,0.0,0.0,0.0,100.0,62.0,43.0,0.0,0.0,143.0,189.0,0.0
Murrells Inlet,SC,HORRY,2023-10-18,2023,10,18,Fall,8,33.5,-79.0,332.0,238.0,94.0,0.0,0.0,0.0,0.0,100.0,62.0,43.0,0.0,0.0,143.0,189.0,0.0
Murrells Inlet,SC,HORRY,2023-10-30,2023,10,30,Fall,4,33.6,-79.0,332.0,238.0,94.0,0.0,0.0,0.0,0.0,100.0,62.0,43.0,0.0,0.0,143.0,189.0,0.0
Murrells Inlet,SC,HORRY,2023-11-09,2023,11,9,Fall,4,33.5,-79.0,332.0,238.0,94.0,0.0,0.0,0.0,0.0,100.0,62.0,43.0,0.0,0.0,143.0,189.0,0.0
Murrells Inlet,SC,HORRY,2023-11-18,2023,11,18,Fall,4,33.6,-79.1,332.0,238.0,94.0,0.0,0.0,0.0,0.0,100.0,62.0,43.0,0.0,0.0,143.0,189.0,0.0
Murrells Inlet,SC,HORRY,2023-11-20,2023,11,20,Fall,16,33.6,-79.1,332.0,238.0,94.0,0.0,0.0,0.0,0.0,100.0,62.0,43.0,0.0,0.0,143.0,189.0,0.0
Murrells Inlet,SC,HORRY,2023-11-27,2023,11,27,Fall,4,33.6,-79.1,332.0,238.0,94.0,0.0,0.0,0.0,0.0,100.0,62.0,43.0,0.0,0.0,143.0,189.0,0.0
Murrells Inlet,SC,HORRY,2023-12-05,2023,12,5,Winter,4,33.6,-79.1,332.0,238.0,94.0,0.0,0.0,0.0,0.0,100.0,62.0,43.0,0.0,0.0,143.0,189.0,0.0
Murrieta,CA,RIVERSIDE,2023-07-29,2023,7,29,Summer,2,33.6,-117.2,365.0,62.0,189.0,73.0,31.0,6.0,4.0,660.0,154.0,77.0,0.0,1.0,202.0,101.0,61.0
Murrysville,PA,WESTMORELAND,2023-09-13,2023,9,13,Fall,1,40.5,-79.6,298.0,227.0,70.0,1.0,0.0,0.0,0.0,133.0,60.0,42.0,0.0,0.0,179.0,119.0,0.0
Muskegon,MI,MUSKEGON,2023-09-15,2023,9,15,Fall,16,43.2,-86.3,242.0,187.0,44.0,11.0,0.0,0.0,0.0,147.0,87.0,41.0,0.0,0.0,242.0,0.0,0.0
Myrtle Beach,SC,HORRY,2023-06-14,2023,6,14,Summer,5,33.7,-78.9,332.0,238.0,94.0,0.0,0.0,0.0,0.0,100.0,62.0,43.0,0.0,0.0,143.0,189.0,0.0
Myrtle Beach,SC,HORRY,2023-08-25,2023,8,25,Summer,5,33.7,-78.9,332.0,238.0,94.0,0.0,0.0,0.0,0.0,100.0,62.0,43.0,0.0,0.0,143.0,189.0,0.0
Myrtle Beach,SC,HORRY,2023-08-26,2023,8,26,Summer,5,33.7,-78.9,332.0,238.0,94.0,0.0,0.0,0.0,0.0,100.0,62.0,43.0,0.0,0.0,143.0,189.0,0.0
Nahant,MA,ESSEX,2023-09-14,2023,9,14,Fall,2,42.4,-70.9,365.0,243.0,120.0,2.0,0.0,0.0,0.0,105.0,60.0,44.0,0.0,1.0,160.0,204.0,0.0
Naperville,IL,DUPAGE,2023-10-11,2023,10,11,Fall,1,41.8,-88.2,365.0,146.0,202.0,11.0,4.0,2.0,0.0,234.0,77.0,53.0,0.0,0.0,101.0,264.0,0.0
Naperville,IL,WILL,2023-10-11,2023,10,11,Fall,1,41.8,-88.2,365.0,155.0,191.0,14.0,3.0,2.0,0.0,246.0,78.0,53.0,0.0,0.0,85.0,280.0,0.0
Naples,FL,COLLIER,2023-01-22,2023,1,22,Winter,12,26.1,-81.8,360.0,259.0,100.0,1.0,0.0,0.0,0.0,144.0,57.0,43.0,0.0,0.0,101.0,259.0,0.0
Naples,FL,COLLIER,2023-04-02,2023,4,2,Spring,4,26.0,-81.7,360.0,259.0,100.0,1.0,0.0,0.0,0.0,144.0,57.0,43.0,0.0,0.0,101.0,259.0,0.0
Naples,FL,COLLIER,2023-04-14,2023,4,14,Spring,8,26.2,-81.8,360.0,259.0,100.0,1.0,0.0,0.0,0.0,144.0,57.0,43.0,0.0,0.0,101.0,259.0,0.0
Naples,FL,COLLIER,2023-05-05,2023,5,5,Spring,4,26.1,-81.8,360.0,259.0,100.0,1.0,0.0,0.0,0.0,144.0,57.0,43.0,0.0,0.0,101.0,259.0,0.0
Naples,FL,COLLIER,2023-09-30,2023,9,30,Fall,4,26.2,-81.7,360.0,259.0,100.0,1.0,0.0,0.0,0.0,144.0,57.0,43.0,0.0,0.0,101.0,259.0,0.0
Naples,FL,COLLIER,2023-11-07,2023,11,7,Fall,4,26.2,-81.7,360.0,259.0,100.0,1.0,0.0,0.0,0.0,144.0,57.0,43.0,0.0,0.0,101.0,259.0,0.0
Narragansett,RI,WASHINGTON,2023-07-12,2023,7,12,Summer,4,41.5,-71.4,355.0,287.0,58.0,10.0,0.0,0.0,0.0,140.0,58.0,40.0,0.0,0.0,166.0,189.0,0.0
Nashville,IN,BROWN,2023-09-19,2023,9,19,Fall,22,39.2,-86.2,347.0,313.0,32.0,2.0,0.0,0.0,0.0,126.0,50.0,37.0,0.0,0.0,347.0,0.0,0.0
Nashville,TN,DAVIDSON,2023-04-12,2023,4,12,Spring,44,36.1,-86.9,365.0,135.0,226.0,4.0,0.0,0.0,0.0,133.0,68.0,53.0,0.0,3.0,77.0,285.0,0.0
Nashville,TN,DAVIDSON,2023-04-18,2023,4,18,Spring,22,36.2,-86.8,365.0,135.0,226.0,4.0,0.0,0.0,0.0,133.0,68.0,53.0,0.0,3.0,77.0,285.0,0.0
Nashville,TN,DAVIDSON,2023-04-24,2023,4,24,Spring,22,36.1,-86.7,365.0,135.0,226.0,4.0,0.0,0.0,0.0,133.0,68.0,53.0,0.0,3.0,77.0,285.0,0.0
Nashville,TN,DAVIDSON,2023-07-15,2023,7,15,Summer,22,36.1,-86.8,365.0,135.0,226.0,4.0,0.0,0.0,0.0,133.0,68.0,53.0,0.0,3.0,77.0,285.0,0.0
Nashville,TN,DAVIDSON,2023-07-18,2023,7,18,Summer,22,36.1,-86.8,365.0,135.0,226.0,4.0,0.0,0.0,0.0,133.0,68.0,53.0,0.0,3.0,77.0,285.0,0.0
Nashville,TN,DAVIDSON,2023-08-02,2023,8,2,Summer,22,36.2,-86.8,365.0,135.0,226.0,4.0,0.0,0.0,0.0,133.0,68.0,53.0,0.0,3.0,77.0,285.0,0.0
Nashville,TN,DAVIDSON,2023-08-21,2023,8,21,Summer,22,36.1,-86.8,365.0,135.0,226.0,4.0,0.0,0.0,0.0,133.0,68.0,53.0,0.0,3.0,77.0,285.0,0.0
Nashville,TN,DAVIDSON,2023-08-26,2023,8,26,Summer,22,36.1,-86.9,365.0,135.0,226.0,4.0,0.0,0.0,0.0,133.0,68.0,53.0,0.0,3.0,77.0,285.0,0.0
Nashville,TN,DAVIDSON,2023-08-28,2023,8,28,Summer,22,36.2,-86.7,365.0,135.0,226.0,4.0,0.0,0.0,0.0,133.0,68.0,53.0,0.0,3.0,77.0,285.0,0.0
Nashville,TN,DAVIDSON,2023-09-01,2023,9,1,Fall,66,36.1,-86.9,365.0,135.0,226.0,4.0,0.0,0.0,0.0,133.0,68.0,53.0,0.0,3.0,77.0,285.0,0.0
Nashville,TN,DAVIDSON,2023-09-26,2023,9,26,Fall,22,36.2,-86.8,365.0,135.0,226.0,4.0,0.0,0.0,0.0,133.0,68.0,53.0,0.0,3.0,77.0,285.0,0.0
Navarre,FL,SANTA ROSA,2023-03-28,2023,3,28,Spring,4,30.4,-86.9,365.0,207.0,157.0,1.0,0.0,0.0,0.0,103.0,64.0,47.0,0.0,0.0,107.0,258.0,0.0
Navarre,FL,SANTA ROSA,2023-11-10,2023,11,10,Fall,6,30.4,-86.9,365.0,207.0,157.0,1.0,0.0,0.0,0.0,103.0,64.0,47.0,0.0,0.0,107.0,258.0,0.0
Neenah,WI,WINNEBAGO,2023-10-18,2023,10,18,Fall,1,44.2,-88.5,,,,,,,,,,,,,,,
New Albany,IN,FLOYD,2023-08-18,2023,8,18,Summer,2,38.3,-85.8,347.0,224.0,116.0,6.0,1.0,0.0,0.0,177.0,67.0,46.0,0.0,0.0,183.0,164.0,0.0
New Baltimore,MI,MACOMB,2023-08-29,2023,8,29,Summer,60,42.7,-82.8,364.0,182.0,170.0,8.0,4.0,0.0,0.0,195.0,75.0,51.0,0.0,0.0,120.0,244.0,0.0
New Baltimore,MI,MACOMB,2023-09-02,2023,9,2,Fall,6,42.7,-82.7,364.0,182.0,170.0,8.0,4.0,0.0,0.0,195.0,75.0,51.0,0.0,0.0,120.0,244.0,0.0
New Baltimore,MI,MACOMB,2023-09-03,2023,9,3,Fall,3,42.7,-82.7,364.0,182.0,170.0,8.0,4.0,0.0,0.0,195.0,75.0,51.0,0.0,0.0,120.0,244.0,0.0
New Baltimore,MI,MACOMB,2023-10-06,2023,10,6,Fall,3,42.7,-82.7,364.0,182.0,170.0,8.0,4.0,0.0,0.0,195.0,75.0,51.0,0.0,0.0,120.0,244.0,0.0
New Bedford,MA,BRISTOL,2023-06-26,2023,6,26,Summer,2,41.6,-70.9,365.0,269.0,87.0,9.0,0.0,0.0,0.0,137.0,61.0,42.0,0.0,0.0,244.0,121.0,0.0
New Bedford,MA,BRISTOL,2023-08-05,2023,8,5,Summer,4,41.6,-70.9,365.0,269.0,87.0,9.0,0.0,0.0,0.0,137.0,61.0,42.0,0.0,0.0,244.0,121.0,0.0
New Bedford,MA,BRISTOL,2023-10-04,2023,10,4,Fall,2,41.6,-70.9,365.0,269.0,87.0,9.0,0.0,0.0,0.0,137.0,61.0,42.0,0.0,0.0,244.0,121.0,0.0
New Bedford,MA,BRISTOL,2023-10-05,2023,10,5,Fall,2,41.6,-70.9,365.0,269.0,87.0,9.0,0.0,0.0,0.0,137.0,61.0,42.0,0.0,0.0,244.0,121.0,0.0
New Bedford,PA,LAWRENCE,2023-07-28,2023,7,28,Summer,1,41.1,-80.5,267.0,254.0,12.0,1.0,0.0,0.0,0.0,119.0,48.0,34.0,0.0,0.0,267.0,0.0,0.0
New Berlin,IL,SANGAMON,2023-05-25,2023,5,25,Spring,10,39.7,-89.9,365.0,182.0,163.0,17.0,2.0,1.0,0.0,247.0,74.0,51.0,0.0,0.0,112.0,253.0,0.0
New Berlin,WI,WAUKESHA,2023-07-17,2023,7,17,Summer,3,43.0,-88.1,360.0,171.0,167.0,19.0,1.0,2.0,0.0,270.0,80.0,52.0,0.0,0.0,110.0,250.0,0.0
New Berlin,WI,WAUKESHA,2023-07-22,2023,7,22,Summer,1,43.0,-88.1,360.0,171.0,167.0,19.0,1.0,2.0,0.0,270.0,80.0,52.0,0.0,0.0,110.0,250.0,0.0
New Berlin,WI,WAUKESHA,2023-08-15,2023,8,15,Summer,1,43.0,-88.1,360.0,171.0,167.0,19.0,1.0,2.0,0.0,270.0,80.0,52.0,0.0,0.0,110.0,250.0,0.0
New Berlin,WI,WAUKESHA,2023-09-01,2023,9,1,Fall,2,43.0,-88.1,360.0,171.0,167.0,19.0,1.0,2.0,0.0,270.0,80.0,52.0,0.0,0.0,110.0,250.0,0.0
New Berlin,WI,WAUKESHA,2023-09-03,2023,9,3,Fall,1,43.0,-88.1,360.0,171.0,167.0,19.0,1.0,2.0,0.0,270.0,80.0,52.0,0.0,0.0,110.0,250.0,0.0
New Berlin,WI,WAUKESHA,2023-09-15,2023,9,15,Fall,2,43.0,-88.1,360.0,171.0,167.0,19.0,1.0,2.0,0.0,270.0,80.0,52.0,0.0,0.0,110.0,250.0,0.0
New Berlin,WI,WAUKESHA,2023-09-18,2023,9,18,Fall,1,43.0,-88.1,360.0,171.0,167.0,19.0,1.0,2.0,0.0,270.0,80.0,52.0,0.0,0.0,110.0,250.0,0.0
New Berlin,WI,WAUKESHA,2023-09-30,2023,9,30,Fall,2,43.0,-88.1,360.0,171.0,167.0,19.0,1.0,2.0,0.0,270.0,80.0,52.0,0.0,0.0,110.0,250.0,0.0
New Berlin,WI,WAUKESHA,2023-10-01,2023,10,1,Fall,3,43.0,-88.1,360.0,171.0,167.0,19.0,1.0,2.0,0.0,270.0,80.0,52.0,0.0,0.0,110.0,250.0,0.0
New Boston,TX,BOWIE,2023-09-16,2023,9,16,Fall,55,33.4,-94.5,321.0,130.0,190.0,1.0,0.0,0.0,0.0,107.0,65.0,53.0,0.0,0.0,0.0,321.0,0.0
New Caney,TX,MONTGOMERY,2023-09-09,2023,9,9,Fall,3,30.2,-95.2,364.0,151.0,204.0,9.0,0.0,0.0,0.0,122.0,75.0,53.0,0.0,0.0,148.0,216.0,0.0
New Caney,TX,MONTGOMERY,2023-10-15,2023,10,15,Fall,21,30.2,-95.2,364.0,151.0,204.0,9.0,0.0,0.0,0.0,122.0,75.0,53.0,0.0,0.0,148.0,216.0,0.0
New Caney,TX,MONTGOMERY,2023-10-22,2023,10,22,Fall,6,30.2,-95.2,364.0,151.0,204.0,9.0,0.0,0.0,0.0,122.0,75.0,53.0,0.0,0.0,148.0,216.0,0.0
New Caney,TX,MONTGOMERY,2023-11-07,2023,11,7,Fall,3,30.2,-95.2,364.0,151.0,204.0,9.0,0.0,0.0,0.0,122.0,75.0,53.0,0.0,0.0,148.0,216.0,0.0
New Carlisle,OH,CLARK,2023-07-31,2023,7,31,Summer,1,39.9,-84.0,365.0,187.0,170.0,5.0,3.0,0.0,0.0,196.0,71.0,50.0,0.0,0.0,103.0,262.0,0.0
New Cumberland,PA,CUMBERLAND,2023-07-21,2023,7,21,Summer,17,40.2,-76.9,365.0,212.0,146.0,3.0,2.0,2.0,0.0,224.0,68.0,44.0,0.0,0.0,0.0,365.0,0.0
New Cumberland,PA,CUMBERLAND,2023-08-01,2023,8,1,Summer,34,40.2,-76.9,365.0,212.0,146.0,3.0,2.0,2.0,0.0,224.0,68.0,44.0,0.0,0.0,0.0,365.0,0.0
New Cumberland,PA,CUMBERLAND,2023-08-02,2023,8,2,Summer,17,40.2,-76.9,365.0,212.0,146.0,3.0,2.0,2.0,0.0,224.0,68.0,44.0,0.0,0.0,0.0,365.0,0.0
New Cumberland,PA,CUMBERLAND,2023-08-03,2023,8,3,Summer,17,40.2,-76.9,365.0,212.0,146.0,3.0,2.0,2.0,0.0,224.0,68.0,44.0,0.0,0.0,0.0,365.0,0.0
New Cumberland,PA,CUMBERLAND,2023-08-11,2023,8,11,Summer,51,40.2,-76.9,365.0,212.0,146.0,3.0,2.0,2.0,0.0,224.0,68.0,44.0,0.0,0.0,0.0,365.0,0.0
New Cumberland,PA,CUMBERLAND,2023-08-14,2023,8,14,Summer,17,40.2,-76.9,365.0,212.0,146.0,3.0,2.0,2.0,0.0,224.0,68.0,44.0,0.0,0.0,0.0,365.0,0.0
New Cumberland,PA,CUMBERLAND,2023-08-26,2023,8,26,Summer,34,40.2,-76.9,365.0,212.0,146.0,3.0,2.0,2.0,0.0,224.0,68.0,44.0,0.0,0.0,0.0,365.0,0.0
New Cumberland,PA,CUMBERLAND,2023-08-31,2023,8,31,Summer,17,40.2,-76.9,365.0,212.0,146.0,3.0,2.0,2.0,0.0,224.0,68.0,44.0,0.0,0.0,0.0,365.0,0.0
New Cumberland,PA,CUMBERLAND,2023-09-18,2023,9,18,Fall,17,40.2,-76.9,365.0,212.0,146.0,3.0,2.0,2.0,0.0,224.0,68.0,44.0,0.0,0.0,0.0,365.0,0.0
New Cumberland,PA,CUMBERLAND,2023-09-25,2023,9,25,Fall,17,40.2,-76.9,365.0,212.0,146.0,3.0,2.0,2.0,0.0,224.0,68.0,44.0,0.0,0.0,0.0,365.0,0.0
New Cumberland,PA,CUMBERLAND,2023-09-30,2023,9,30,Fall,17,40.2,-76.9,365.0,212.0,146.0,3.0,2.0,2.0,0.0,224.0,68.0,44.0,0.0,0.0,0.0,365.0,0.0
New Cumberland,PA,CUMBERLAND,2023-10-25,2023,10,25,Fall,17,40.2,-76.9,365.0,212.0,146.0,3.0,2.0,2.0,0.0,224.0,68.0,44.0,0.0,0.0,0.0,365.0,0.0
New Hampton,NH,BELKNAP,2023-09-06,2023,9,6,Fall,1,43.7,-71.6,365.0,310.0,54.0,1.0,0.0,0.0,0.0,105.0,54.0,35.0,0.0,0.0,147.0,218.0,0.0
New Hampton,NH,BELKNAP,2023-09-08,2023,9,8,Fall,1,43.7,-71.6,365.0,310.0,54.0,1.0,0.0,0.0,0.0,105.0,54.0,35.0,0.0,0.0,147.0,218.0,0.0
New Hartford,CT,LITCHFIELD,2023-08-02,2023,8,2,Summer,3,41.8,-73.1,364.0,285.0,72.0,3.0,4.0,0.0,0.0,183.0,59.0,38.0,6.0,0.0,263.0,95.0,0.0
New Haven,CT,NEW HAVEN,2023-08-31,2023,8,31,Summer,9,41.3,-72.9,365.0,205.0,148.0,9.0,2.0,1.0,0.0,208.0,74.0,47.0,0.0,9.0,158.0,198.0,0.0
New Haven,CT,NEW HAVEN,2023-09-01,2023,9,1,Fall,45,41.3,-72.9,365.0,205.0,148.0,9.0,2.0,1.0,0.0,208.0,74.0,47.0,0.0,9.0,158.0,198.0,0.0
New Haven,MO,FRANKLIN,2023-09-23,2023,9,23,Fall,24,38.5,-91.2,,,,,,,,,,,,,,,
New Lebanon,OH,MONTGOMERY,2023-07-30,2023,7,30,Summer,1,39.7,-84.4,363.0,181.0,171.0,8.0,3.0,0.0,0.0,196.0,71.0,51.0,0.0,0.0,116.0,246.0,1.0
New Lebanon,OH,MONTGOMERY,2023-10-07,2023,10,7,Fall,2,39.7,-84.4,363.0,181.0,171.0,8.0,3.0,0.0,0.0,196.0,71.0,51.0,0.0,0.0,116.0,246.0,1.0
New Lenox,IL,WILL,2023-07-10,2023,7,10,Summer,1,41.5,-87.9,365.0,155.0,191.0,14.0,3.0,2.0,0.0,246.0,78.0,53.0,0.0,0.0,85.0,280.0,0.0
New London,NH,MERRIMACK,2023-10-15,2023,10,15,Fall,2,43.4,-72.0,213.0,197.0,16.0,0.0,0.0,0.0,0.0,100.0,48.0,39.0,0.0,0.0,213.0,0.0,0.0
New Market,TN,JEFFERSON,2023-04-05,2023,4,5,Spring,1,36.1,-83.6,241.0,210.0,29.0,2.0,0.0,0.0,0.0,112.0,54.0,42.0,0.0,0.0,241.0,0.0,0.0
New Market,TN,JEFFERSON,2023-09-25,2023,9,25,Fall,3,36.0,-83.5,241.0,210.0,29.0,2.0,0.0,0.0,0.0,112.0,54.0,42.0,0.0,0.0,241.0,0.0,0.0
New Market,TN,JEFFERSON,2023-09-26,2023,9,26,Fall,2,36.0,-83.5,241.0,210.0,29.0,2.0,0.0,0.0,0.0,112.0,54.0,42.0,0.0,0.0,241.0,0.0,0.0
New Market,TN,JEFFERSON,2023-10-06,2023,10,6,Fall,8,36.1,-83.6,241.0,210.0,29.0,2.0,0.0,0.0,0.0,112.0,54.0,42.0,0.0,0.0,241.0,0.0,0.0
New Melle,MO,SAINT CHARLES,2023-09-14,2023,9,14,Fall,1,38.7,-90.9,245.0,156.0,74.0,15.0,0.0,0.0,0.0,147.0,87.0,45.0,0.0,0.0,245.0,0.0,0.0
New Melle,MO,SAINT CHARLES,2023-09-24,2023,9,24,Fall,1,38.7,-90.9,245.0,156.0,74.0,15.0,0.0,0.0,0.0,147.0,87.0,45.0,0.0,0.0,245.0,0.0,0.0
New Orleans,LA,JEFFERSON,2023-03-03,2023,3,3,Spring,6,29.9,-90.1,364.0,181.0,179.0,4.0,0.0,0.0,0.0,126.0,69.0,51.0,0.0,2.0,147.0,215.0,0.0
New Orleans,LA,JEFFERSON,2023-03-12,2023,3,12,Spring,6,30.0,-90.1,364.0,181.0,179.0,4.0,0.0,0.0,0.0,126.0,69.0,51.0,0.0,2.0,147.0,215.0,0.0
New Orleans,LA,JEFFERSON,2023-04-04,2023,4,4,Spring,6,29.9,-90.1,364.0,181.0,179.0,4.0,0.0,0.0,0.0,126.0,69.0,51.0,0.0,2.0,147.0,215.0,0.0
New Orleans,LA,JEFFERSON,2023-04-08,2023,4,8,Spring,6,29.9,-90.1,364.0,181.0,179.0,4.0,0.0,0.0,0.0,126.0,69.0,51.0,0.0,2.0,147.0,215.0,0.0
New Orleans,LA,JEFFERSON,2023-06-01,2023,6,1,Summer,6,29.9,-90.1,364.0,181.0,179.0,4.0,0.0,0.0,0.0,126.0,69.0,51.0,0.0,2.0,147.0,215.0,0.0
New Orleans,LA,JEFFERSON,2023-06-08,2023,6,8,Summer,6,29.9,-90.1,364.0,181.0,179.0,4.0,0.0,0.0,0.0,126.0,69.0,51.0,0.0,2.0,147.0,215.0,0.0
New Orleans,LA,JEFFERSON,2023-10-17,2023,10,17,Fall,120,30.3,-90.1,364.0,181.0,179.0,4.0,0.0,0.0,0.0,126.0,69.0,51.0,0.0,2.0,147.0,215.0,0.0
New Orleans,LA,JEFFERSON,2023-10-30,2023,10,30,Fall,24,30.2,-89.8,364.0,181.0,179.0,4.0,0.0,0.0,0.0,126.0,69.0,51.0,0.0,2.0,147.0,215.0,0.0
New Orleans,LA,JEFFERSON,2023-11-20,2023,11,20,Fall,6,29.9,-90.1,364.0,181.0,179.0,4.0,0.0,0.0,0.0,126.0,69.0,51.0,0.0,2.0,147.0,215.0,0.0
New Orleans,LA,JEFFERSON,2023-11-22,2023,11,22,Fall,6,30.0,-90.1,364.0,181.0,179.0,4.0,0.0,0.0,0.0,126.0,69.0,51.0,0.0,2.0,147.0,215.0,0.0
New Orleans,LA,ORLEANS,2023-03-03,2023,3,3,Spring,24,29.9,-90.1,365.0,248.0,117.0,0.0,0.0,0.0,0.0,90.0,59.0,41.0,1.0,35.0,0.0,312.0,17.0
New Orleans,LA,ORLEANS,2023-03-12,2023,3,12,Spring,24,30.0,-90.1,365.0,248.0,117.0,0.0,0.0,0.0,0.0,90.0,59.0,41.0,1.0,35.0,0.0,312.0,17.0
New Orleans,LA,ORLEANS,2023-04-04,2023,4,4,Spring,24,29.9,-90.1,365.0,248.0,117.0,0.0,0.0,0.0,0.0,90.0,59.0,41.0,1.0,35.0,0.0,312.0,17.0
New Orleans,LA,ORLEANS,2023-04-08,2023,4,8,Spring,24,29.9,-90.1,365.0,248.0,117.0,0.0,0.0,0.0,0.0,90.0,59.0,41.0,1.0,35.0,0.0,312.0,17.0
New Orleans,LA,ORLEANS,2023-06-01,2023,6,1,Summer,24,29.9,-90.1,365.0,248.0,117.0,0.0,0.0,0.0,0.0,90.0,59.0,41.0,1.0,35.0,0.0,312.0,17.0
New Orleans,LA,ORLEANS,2023-06-08,2023,6,8,Summer,24,29.9,-90.1,365.0,248.0,117.0,0.0,0.0,0.0,0.0,90.0,59.0,41.0,1.0,35.0,0.0,312.0,17.0
New Orleans,LA,ORLEANS,2023-10-17,2023,10,17,Fall,480,30.3,-90.1,365.0,248.0,117.0,0.0,0.0,0.0,0.0,90.0,59.0,41.0,1.0,35.0,0.0,312.0,17.0
New Orleans,LA,ORLEANS,2023-10-30,2023,10,30,Fall,96,30.2,-89.8,365.0,248.0,117.0,0.0,0.0,0.0,0.0,90.0,59.0,41.0,1.0,35.0,0.0,312.0,17.0
New Orleans,LA,ORLEANS,2023-11-20,2023,11,20,Fall,24,29.9,-90.1,365.0,248.0,117.0,0.0,0.0,0.0,0.0,90.0,59.0,41.0,1.0,35.0,0.0,312.0,17.0
New Orleans,LA,ORLEANS,2023-11-22,2023,11,22,Fall,24,30.0,-90.1,365.0,248.0,117.0,0.0,0.0,0.0,0.0,90.0,59.0,41.0,1.0,35.0,0.0,312.0,17.0
New Port Richey,FL,PASCO,2023-03-22,2023,3,22,Spring,6,28.2,-82.7,365.0,323.0,42.0,0.0,0.0,0.0,0.0,97.0,51.0,39.0,0.0,0.0,365.0,0.0,0.0
New Port Richey,FL,PASCO,2023-03-29,2023,3,29,Spring,6,28.2,-82.7,365.0,323.0,42.0,0.0,0.0,0.0,0.0,97.0,51.0,39.0,0.0,0.0,365.0,0.0,0.0
New Port Richey,FL,PASCO,2023-08-02,2023,8,2,Summer,6,28.2,-82.7,365.0,323.0,42.0,0.0,0.0,0.0,0.0,97.0,51.0,39.0,0.0,0.0,365.0,0.0,0.0
New Port Richey,FL,PASCO,2023-08-05,2023,8,5,Summer,6,28.2,-82.7,365.0,323.0,42.0,0.0,0.0,0.0,0.0,97.0,51.0,39.0,0.0,0.0,365.0,0.0,0.0
New Port Richey,FL,PASCO,2023-08-06,2023,8,6,Summer,12,28.2,-82.7,365.0,323.0,42.0,0.0,0.0,0.0,0.0,97.0,51.0,39.0,0.0,0.0,365.0,0.0,0.0
New River,AZ,MARICOPA,2023-10-31,2023,10,31,Fall,4,33.9,-112.1,365.0,41.0,255.0,62.0,7.0,0.0,0.0,183.0,119.0,72.0,0.0,0.0,193.0,91.0,81.0
New Salem,MA,FRANKLIN,2023-08-02,2023,8,2,Summer,2,42.4,-72.3,365.0,246.0,113.0,5.0,1.0,0.0,0.0,154.0,61.0,43.0,0.0,0.0,139.0,226.0,0.0
New Springfield,OH,MAHONING,2023-07-29,2023,7,29,Summer,4,40.9,-80.6,365.0,187.0,172.0,3.0,2.0,1.0,0.0,226.0,73.0,49.0,0.0,0.0,115.0,250.0,0.0
New Ulm,MN,BROWN,2023-09-02,2023,9,2,Fall,12,44.3,-94.5,,,,,,,,,,,,,,,
New York,NY,NEW YORK,2023-08-01,2023,8,1,Summer,62,40.8,-73.8,365.0,194.0,162.0,5.0,3.0,1.0,0.0,208.0,67.0,48.0,0.0,0.0,135.0,230.0,0.0
New York,NY,NEW YORK,2023-08-02,2023,8,2,Summer,124,40.8,-73.8,365.0,194.0,162.0,5.0,3.0,1.0,0.0,208.0,67.0,48.0,0.0,0.0,135.0,230.0,0.0
New York,NY,NEW YORK,2023-08-05,2023,8,5,Summer,62,40.8,-74.0,365.0,194.0,162.0,5.0,3.0,1.0,0.0,208.0,67.0,48.0,0.0,0.0,135.0,230.0,0.0
New York,NY,NEW YORK,2023-08-06,2023,8,6,Summer,62,40.8,-74.0,365.0,194.0,162.0,5.0,3.0,1.0,0.0,208.0,67.0,48.0,0.0,0.0,135.0,230.0,0.0
New York,NY,NEW YORK,2023-08-12,2023,8,12,Summer,186,40.8,-73.8,365.0,194.0,162.0,5.0,3.0,1.0,0.0,208.0,67.0,48.0,0.0,0.0,135.0,230.0,0.0
New York,NY,NEW YORK,2023-08-15,2023,8,15,Summer,62,40.7,-73.9,365.0,194.0,162.0,5.0,3.0,1.0,0.0,208.0,67.0,48.0,0.0,0.0,135.0,230.0,0.0
New York,NY,NEW YORK,2023-08-21,2023,8,21,Summer,124,40.8,-73.8,365.0,194.0,162.0,5.0,3.0,1.0,0.0,208.0,67.0,48.0,0.0,0.0,135.0,230.0,0.0
New York,NY,NEW YORK,2023-08-22,2023,8,22,Summer,62,40.8,-73.8,365.0,194.0,162.0,5.0,3.0,1.0,0.0,208.0,67.0,48.0,0.0,0.0,135.0,230.0,0.0
New York,NY,NEW YORK,2023-08-27,2023,8,27,Summer,62,40.7,-74.0,365.0,194.0,162.0,5.0,3.0,1.0,0.0,208.0,67.0,48.0,0.0,0.0,135.0,230.0,0.0
New York,NY,NEW YORK,2023-08-29,2023,8,29,Summer,62,40.8,-73.8,365.0,194.0,162.0,5.0,3.0,1.0,0.0,208.0,67.0,48.0,0.0,0.0,135.0,230.0,0.0
New York,NY,NEW YORK,2023-09-03,2023,9,3,Fall,62,40.8,-73.8,365.0,194.0,162.0,5.0,3.0,1.0,0.0,208.0,67.0,48.0,0.0,0.0,135.0,230.0,0.0
New York,NY,NEW YORK,2023-09-10,2023,9,10,Fall,62,40.7,-73.9,365.0,194.0,162.0,5.0,3.0,1.0,0.0,208.0,67.0,48.0,0.0,0.0,135.0,230.0,0.0
New York,NY,NEW YORK,2023-09-11,2023,9,11,Fall,62,40.7,-73.8,365.0,194.0,162.0,5.0,3.0,1.0,0.0,208.0,67.0,48.0,0.0,0.0,135.0,230.0,0.0
New York,NY,NEW YORK,2023-09-13,2023,9,13,Fall,62,40.6,-73.9,365.0,194.0,162.0,5.0,3.0,1.0,0.0,208.0,67.0,48.0,0.0,0.0,135.0,230.0,0.0
New York,NY,NEW YORK,2023-09-21,2023,9,21,Fall,310,40.8,-73.8,365.0,194.0,162.0,5.0,3.0,1.0,0.0,208.0,67.0,48.0,0.0,0.0,135.0,230.0,0.0
New York,NY,NEW YORK,2023-10-01,2023,10,1,Fall,62,40.8,-73.8,365.0,194.0,162.0,5.0,3.0,1.0,0.0,208.0,67.0,48.0,0.0,0.0,135.0,230.0,0.0
New York,NY,NEW YORK,2023-10-04,2023,10,4,Fall,558,40.8,-73.8,365.0,194.0,162.0,5.0,3.0,1.0,0.0,208.0,67.0,48.0,0.0,0.0,135.0,230.0,0.0
New York,NY,NEW YORK,2023-10-05,2023,10,5,Fall,62,40.7,-74.0,365.0,194.0,162.0,5.0,3.0,1.0,0.0,208.0,67.0,48.0,0.0,0.0,135.0,230.0,0.0
Newark,DE,NEW CASTLE,2023-08-23,2023,8,23,Summer,5,39.7,-75.7,365.0,162.0,193.0,6.0,2.0,2.0,0.0,282.0,74.0,52.0,0.0,2.0,113.0,250.0,0.0
Newark,DE,NEW CASTLE,2023-08-25,2023,8,25,Summer,10,39.7,-75.7,365.0,162.0,193.0,6.0,2.0,2.0,0.0,282.0,74.0,52.0,0.0,2.0,113.0,250.0,0.0
Newark,DE,NEW CASTLE,2023-10-03,2023,10,3,Fall,5,39.8,-75.7,365.0,162.0,193.0,6.0,2.0,2.0,0.0,282.0,74.0,52.0,0.0,2.0,113.0,250.0,0.0
Newborn,GA,NEWTON,2023-08-19,2023,8,19,Summer,1,33.5,-83.6,,,,,,,,,,,,,,,
Newburgh,IN,WARRICK,2023-06-06,2023,6,6,Summer,4,37.9,-87.4,365.0,311.0,47.0,7.0,0.0,0.0,0.0,133.0,58.0,38.0,0.0,0.0,365.0,0.0,0.0
Newburgh,IN,WARRICK,2023-06-22,2023,6,22,Summer,4,37.9,-87.4,365.0,311.0,47.0,7.0,0.0,0.0,0.0,133.0,58.0,38.0,0.0,0.0,365.0,0.0,0.0
Newburgh,IN,WARRICK,2023-07-17,2023,7,17,Summer,8,37.9,-87.4,365.0,311.0,47.0,7.0,0.0,0.0,0.0,133.0,58.0,38.0,0.0,0.0,365.0,0.0,0.0
Newburgh,IN,WARRICK,2023-07-19,2023,7,19,Summer,4,37.9,-87.4,365.0,311.0,47.0,7.0,0.0,0.0,0.0,133.0,58.0,38.0,0.0,0.0,365.0,0.0,0.0
Newburgh,IN,WARRICK,2023-09-13,2023,9,13,Fall,4,38.0,-87.4,365.0,311.0,47.0,7.0,0.0,0.0,0.0,133.0,58.0,38.0,0.0,0.0,365.0,0.0,0.0
Newburgh,IN,WARRICK,2023-10-03,2023,10,3,Fall,4,37.9,-87.4,365.0,311.0,47.0,7.0,0.0,0.0,0.0,133.0,58.0,38.0,0.0,0.0,365.0,0.0,0.0
Newburgh,IN,WARRICK,2023-10-04,2023,10,4,Fall,12,37.9,-87.4,365.0,311.0,47.0,7.0,0.0,0.0,0.0,133.0,58.0,38.0,0.0,0.0,365.0,0.0,0.0
Newburgh,IN,WARRICK,2023-10-06,2023,10,6,Fall,12,37.9,-87.4,365.0,311.0,47.0,7.0,0.0,0.0,0.0,133.0,58.0,38.0,0.0,0.0,365.0,0.0,0.0
Newburgh,IN,WARRICK,2023-10-10,2023,10,10,Fall,8,37.9,-87.4,365.0,311.0,47.0,7.0,0.0,0.0,0.0,133.0,58.0,38.0,0.0,0.0,365.0,0.0,0.0
Newburgh,IN,WARRICK,2023-10-11,2023,10,11,Fall,8,37.9,-87.4,365.0,311.0,47.0,7.0,0.0,0.0,0.0,133.0,58.0,38.0,0.0,0.0,365.0,0.0,0.0
Newburgh,IN,WARRICK,2023-10-12,2023,10,12,Fall,8,37.9,-87.4,365.0,311.0,47.0,7.0,0.0,0.0,0.0,133.0,58.0,38.0,0.0,0.0,365.0,0.0,0.0
Newburgh,IN,WARRICK,2023-10-13,2023,10,13,Fall,36,37.9,-87.4,365.0,311.0,47.0,7.0,0.0,0.0,0.0,133.0,58.0,38.0,0.0,0.0,365.0,0.0,0.0
Newburgh,IN,WARRICK,2023-10-19,2023,10,19,Fall,4,37.9,-87.4,365.0,311.0,47.0,7.0,0.0,0.0,0.0,133.0,58.0,38.0,0.0,0.0,365.0,0.0,0.0
Newburgh,IN,WARRICK,2023-10-23,2023,10,23,Fall,4,37.9,-87.4,365.0,311.0,47.0,7.0,0.0,0.0,0.0,133.0,58.0,38.0,0.0,0.0,365.0,0.0,0.0
Newburgh,IN,WARRICK,2023-10-24,2023,10,24,Fall,4,37.9,-87.4,365.0,311.0,47.0,7.0,0.0,0.0,0.0,133.0,58.0,38.0,0.0,0.0,365.0,0.0,0.0
Newburgh,IN,WARRICK,2023-10-25,2023,10,25,Fall,8,37.9,-87.4,365.0,311.0,47.0,7.0,0.0,0.0,0.0,133.0,58.0,38.0,0.0,0.0,365.0,0.0,0.0
Newburgh,IN,WARRICK,2023-10-26,2023,10,26,Fall,4,37.9,-87.4,365.0,311.0,47.0,7.0,0.0,0.0,0.0,133.0,58.0,38.0,0.0,0.0,365.0,0.0,0.0
Newburgh,IN,WARRICK,2023-10-27,2023,10,27,Fall,8,37.9,-87.4,365.0,311.0,47.0,7.0,0.0,0.0,0.0,133.0,58.0,38.0,0.0,0.0,365.0,0.0,0.0
Newburgh,IN,WARRICK,2023-11-06,2023,11,6,Fall,4,37.9,-87.4,365.0,311.0,47.0,7.0,0.0,0.0,0.0,133.0,58.0,38.0,0.0,0.0,365.0,0.0,0.0
Newburgh,IN,WARRICK,2023-11-08,2023,11,8,Fall,4,37.9,-87.4,365.0,311.0,47.0,7.0,0.0,0.0,0.0,133.0,58.0,38.0,0.0,0.0,365.0,0.0,0.0
Newburgh,NY,ORANGE,2023-07-29,2023,7,29,Summer,4,41.5,-74.0,357.0,270.0,81.0,3.0,3.0,0.0,0.0,185.0,58.0,34.0,0.0,0.0,0.0,357.0,0.0
Newbury,VT,ORANGE,2023-09-02,2023,9,2,Fall,2,44.1,-72.1,,,,,,,,,,,,,,,
Newbury,VT,ORANGE,2023-10-09,2023,10,9,Fall,2,44.1,-72.1,,,,,,,,,,,,,,,
Newport Beach,CA,ORANGE,2023-06-30,2023,6,30,Summer,3,33.6,-117.9,365.0,160.0,195.0,9.0,1.0,0.0,0.0,166.0,77.0,52.0,0.0,14.0,142.0,204.0,5.0
Newport Beach,CA,ORANGE,2023-07-28,2023,7,28,Summer,9,33.6,-117.9,365.0,160.0,195.0,9.0,1.0,0.0,0.0,166.0,77.0,52.0,0.0,14.0,142.0,204.0,5.0
Newport Beach,CA,ORANGE,2023-08-03,2023,8,3,Summer,12,33.6,-117.9,365.0,160.0,195.0,9.0,1.0,0.0,0.0,166.0,77.0,52.0,0.0,14.0,142.0,204.0,5.0
Newton,NJ,SUSSEX,2023-08-04,2023,8,4,Summer,4,41.1,-74.8,,,,,,,,,,,,,,,
Newton,NJ,SUSSEX,2023-08-31,2023,8,31,Summer,12,41.1,-74.8,,,,,,,,,,,,,,,
Newton,NJ,SUSSEX,2023-10-26,2023,10,26,Fall,4,41.1,-74.8,,,,,,,,,,,,,,,
Newtown,CT,FAIRFIELD,2023-08-27,2023,8,27,Summer,11,41.4,-73.3,365.0,210.0,135.0,12.0,7.0,1.0,0.0,242.0,79.0,46.0,0.0,12.0,146.0,206.0,1.0
Newtown,CT,FAIRFIELD,2023-11-05,2023,11,5,Fall,1,41.4,-73.3,365.0,210.0,135.0,12.0,7.0,1.0,0.0,242.0,79.0,46.0,0.0,12.0,146.0,206.0,1.0
Newville,PA,CUMBERLAND,2023-10-01,2023,10,1,Fall,15,40.2,-77.4,365.0,212.0,146.0,3.0,2.0,2.0,0.0,224.0,68.0,44.0,0.0,0.0,0.0,365.0,0.0
Niceville,FL,OKALOOSA,2023-03-16,2023,3,16,Spring,2,30.5,-86.4,241.0,218.0,23.0,0.0,0.0,0.0,0.0,84.0,50.0,37.0,0.0,0.0,234.0,0.0,7.0
Niceville,FL,OKALOOSA,2023-05-02,2023,5,2,Spring,2,30.5,-86.4,241.0,218.0,23.0,0.0,0.0,0.0,0.0,84.0,50.0,37.0,0.0,0.0,234.0,0.0,7.0
Nichols,NY,TIOGA,2023-10-01,2023,10,1,Fall,4,42.1,-76.3,,,,,,,,,,,,,,,
Nichols,WI,OUTAGAMIE,2023-10-04,2023,10,4,Fall,1,44.5,-88.4,360.0,195.0,152.0,8.0,5.0,0.0,0.0,186.0,78.0,48.0,0.0,0.0,85.0,275.0,0.0
Niles,MI,BERRIEN,2023-10-06,2023,10,6,Fall,1,41.8,-86.2,244.0,181.0,52.0,11.0,0.0,0.0,0.0,143.0,80.0,42.0,0.0,0.0,244.0,0.0,0.0
Nixa,MO,CHRISTIAN,2023-09-20,2023,9,20,Fall,5,37.0,-93.3,,,,,,,,,,,,,,,
Nixa,MO,CHRISTIAN,2023-09-26,2023,9,26,Fall,2,37.0,-93.3,,,,,,,,,,,,,,,
Noble,OK,CLEVELAND,2023-09-26,2023,9,26,Fall,20,35.1,-97.4,355.0,163.0,188.0,4.0,0.0,0.0,0.0,143.0,74.0,52.0,0.0,0.0,152.0,203.0,0.0
Noblesville,IN,HAMILTON,2023-09-16,2023,9,16,Fall,3,40.0,-85.9,364.0,220.0,134.0,8.0,2.0,0.0,0.0,190.0,69.0,46.0,0.0,0.0,168.0,196.0,0.0
Nokomis,FL,SARASOTA,2023-03-22,2023,3,22,Spring,4,27.1,-82.4,365.0,232.0,132.0,1.0,0.0,0.0,0.0,143.0,61.0,47.0,0.0,0.0,141.0,224.0,0.0
Nolensville,TN,WILLIAMSON,2023-09-29,2023,9,29,Fall,1,36.0,-86.7,244.0,197.0,45.0,2.0,0.0,0.0,0.0,122.0,61.0,43.0,0.0,0.0,244.0,0.0,0.0
Norcross,GA,GWINNETT,2023-08-29,2023,8,29,Summer,5,34.0,-84.2,365.0,186.0,172.0,7.0,0.0,0.0,0.0,140.0,74.0,50.0,0.0,0.0,115.0,250.0,0.0
Norfolk,VA,NORFOLK CITY,2023-07-25,2023,7,25,Summer,48,36.9,-76.3,364.0,334.0,30.0,0.0,0.0,0.0,0.0,96.0,47.0,18.0,7.0,264.0,0.0,92.0,1.0
Norfolk,VA,NORFOLK CITY,2023-09-02,2023,9,2,Fall,24,36.9,-76.3,364.0,334.0,30.0,0.0,0.0,0.0,0.0,96.0,47.0,18.0,7.0,264.0,0.0,92.0,1.0
Norman,OK,CLEVELAND,2023-04-06,2023,4,6,Spring,2,35.2,-97.5,355.0,163.0,188.0,4.0,0.0,0.0,0.0,143.0,74.0,52.0,0.0,0.0,152.0,203.0,0.0
Norman,OK,CLEVELAND,2023-04-07,2023,4,7,Spring,2,35.2,-97.4,355.0,163.0,188.0,4.0,0.0,0.0,0.0,143.0,74.0,52.0,0.0,0.0,152.0,203.0,0.0
Norman,OK,CLEVELAND,2023-04-30,2023,4,30,Spring,2,35.2,-97.4,355.0,163.0,188.0,4.0,0.0,0.0,0.0,143.0,74.0,52.0,0.0,0.0,152.0,203.0,0.0
Norman,OK,CLEVELAND,2023-06-07,2023,6,7,Summer,2,35.3,-97.4,355.0,163.0,188.0,4.0,0.0,0.0,0.0,143.0,74.0,52.0,0.0,0.0,152.0,203.0,0.0
Norman,OK,CLEVELAND,2023-08-09,2023,8,9,Summer,2,35.2,-97.4,355.0,163.0,188.0,4.0,0.0,0.0,0.0,143.0,74.0,52.0,0.0,0.0,152.0,203.0,0.0
Norman,OK,CLEVELAND,2023-08-10,2023,8,10,Summer,2,35.2,-97.5,355.0,163.0,188.0,4.0,0.0,0.0,0.0,143.0,74.0,52.0,0.0,0.0,152.0,203.0,0.0
Norman,OK,CLEVELAND,2023-08-11,2023,8,11,Summer,2,35.2,-97.4,355.0,163.0,188.0,4.0,0.0,0.0,0.0,143.0,74.0,52.0,0.0,0.0,152.0,203.0,0.0
Norman,OK,CLEVELAND,2023-08-14,2023,8,14,Summer,2,35.2,-97.4,355.0,163.0,188.0,4.0,0.0,0.0,0.0,143.0,74.0,52.0,0.0,0.0,152.0,203.0,0.0
Norman,OK,CLEVELAND,2023-08-15,2023,8,15,Summer,2,35.2,-97.4,355.0,163.0,188.0,4.0,0.0,0.0,0.0,143.0,74.0,52.0,0.0,0.0,152.0,203.0,0.0
Norman,OK,CLEVELAND,2023-08-18,2023,8,18,Summer,2,35.2,-97.4,355.0,163.0,188.0,4.0,0.0,0.0,0.0,143.0,74.0,52.0,0.0,0.0,152.0,203.0,0.0
Norman,OK,CLEVELAND,2023-08-20,2023,8,20,Summer,4,35.3,-97.5,355.0,163.0,188.0,4.0,0.0,0.0,0.0,143.0,74.0,52.0,0.0,0.0,152.0,203.0,0.0
Norman,OK,CLEVELAND,2023-08-21,2023,8,21,Summer,6,35.3,-97.5,355.0,163.0,188.0,4.0,0.0,0.0,0.0,143.0,74.0,52.0,0.0,0.0,152.0,203.0,0.0
Norman,OK,CLEVELAND,2023-08-22,2023,8,22,Summer,8,35.3,-97.5,355.0,163.0,188.0,4.0,0.0,0.0,0.0,143.0,74.0,52.0,0.0,0.0,152.0,203.0,0.0
Norman,OK,CLEVELAND,2023-08-23,2023,8,23,Summer,2,35.2,-97.4,355.0,163.0,188.0,4.0,0.0,0.0,0.0,143.0,74.0,52.0,0.0,0.0,152.0,203.0,0.0
Norman,OK,CLEVELAND,2023-08-24,2023,8,24,Summer,12,35.3,-97.5,355.0,163.0,188.0,4.0,0.0,0.0,0.0,143.0,74.0,52.0,0.0,0.0,152.0,203.0,0.0
Norman,OK,CLEVELAND,2023-08-26,2023,8,26,Summer,6,35.3,-97.5,355.0,163.0,188.0,4.0,0.0,0.0,0.0,143.0,74.0,52.0,0.0,0.0,152.0,203.0,0.0
Norman,OK,CLEVELAND,2023-08-27,2023,8,27,Summer,6,35.2,-97.4,355.0,163.0,188.0,4.0,0.0,0.0,0.0,143.0,74.0,52.0,0.0,0.0,152.0,203.0,0.0
Norman,OK,CLEVELAND,2023-08-28,2023,8,28,Summer,16,35.3,-97.5,355.0,163.0,188.0,4.0,0.0,0.0,0.0,143.0,74.0,52.0,0.0,0.0,152.0,203.0,0.0
Norman,OK,CLEVELAND,2023-08-29,2023,8,29,Summer,10,35.3,-97.5,355.0,163.0,188.0,4.0,0.0,0.0,0.0,143.0,74.0,52.0,0.0,0.0,152.0,203.0,0.0
Norman,OK,CLEVELAND,2023-08-30,2023,8,30,Summer,12,35.2,-97.4,355.0,163.0,188.0,4.0,0.0,0.0,0.0,143.0,74.0,52.0,0.0,0.0,152.0,203.0,0.0
Norman,OK,CLEVELAND,2023-08-31,2023,8,31,Summer,10,35.2,-97.5,355.0,163.0,188.0,4.0,0.0,0.0,0.0,143.0,74.0,52.0,0.0,0.0,152.0,203.0,0.0
Norman,OK,CLEVELAND,2023-09-01,2023,9,1,Fall,8,35.3,-97.5,355.0,163.0,188.0,4.0,0.0,0.0,0.0,143.0,74.0,52.0,0.0,0.0,152.0,203.0,0.0
Norman,OK,CLEVELAND,2023-09-02,2023,9,2,Fall,10,35.3,-97.5,355.0,163.0,188.0,4.0,0.0,0.0,0.0,143.0,74.0,52.0,0.0,0.0,152.0,203.0,0.0
Norman,OK,CLEVELAND,2023-09-03,2023,9,3,Fall,12,35.3,-97.5,355.0,163.0,188.0,4.0,0.0,0.0,0.0,143.0,74.0,52.0,0.0,0.0,152.0,203.0,0.0
Norman,OK,CLEVELAND,2023-09-04,2023,9,4,Fall,10,35.3,-97.5,355.0,163.0,188.0,4.0,0.0,0.0,0.0,143.0,74.0,52.0,0.0,0.0,152.0,203.0,0.0
Norman,OK,CLEVELAND,2023-09-05,2023,9,5,Fall,10,35.2,-97.4,355.0,163.0,188.0,4.0,0.0,0.0,0.0,143.0,74.0,52.0,0.0,0.0,152.0,203.0,0.0
Norman,OK,CLEVELAND,2023-09-06,2023,9,6,Fall,10,35.2,-97.4,355.0,163.0,188.0,4.0,0.0,0.0,0.0,143.0,74.0,52.0,0.0,0.0,152.0,203.0,0.0
Norman,OK,CLEVELAND,2023-09-07,2023,9,7,Fall,22,35.3,-97.5,355.0,163.0,188.0,4.0,0.0,0.0,0.0,143.0,74.0,52.0,0.0,0.0,152.0,203.0,0.0
Norman,OK,CLEVELAND,2023-09-09,2023,9,9,Fall,4,35.2,-97.5,355.0,163.0,188.0,4.0,0.0,0.0,0.0,143.0,74.0,52.0,0.0,0.0,152.0,203.0,0.0
Norman,OK,CLEVELAND,2023-09-10,2023,9,10,Fall,20,35.3,-97.4,355.0,163.0,188.0,4.0,0.0,0.0,0.0,143.0,74.0,52.0,0.0,0.0,152.0,203.0,0.0
Norman,OK,CLEVELAND,2023-09-11,2023,9,11,Fall,18,35.3,-97.5,355.0,163.0,188.0,4.0,0.0,0.0,0.0,143.0,74.0,52.0,0.0,0.0,152.0,203.0,0.0
Norman,OK,CLEVELAND,2023-09-13,2023,9,13,Fall,10,35.3,-97.5,355.0,163.0,188.0,4.0,0.0,0.0,0.0,143.0,74.0,52.0,0.0,0.0,152.0,203.0,0.0
Norman,OK,CLEVELAND,2023-09-16,2023,9,16,Fall,8,35.3,-97.5,355.0,163.0,188.0,4.0,0.0,0.0,0.0,143.0,74.0,52.0,0.0,0.0,152.0,203.0,0.0
Norman,OK,CLEVELAND,2023-09-17,2023,9,17,Fall,14,35.3,-97.5,355.0,163.0,188.0,4.0,0.0,0.0,0.0,143.0,74.0,52.0,0.0,0.0,152.0,203.0,0.0
Norman,OK,CLEVELAND,2023-09-18,2023,9,18,Fall,6,35.2,-97.4,355.0,163.0,188.0,4.0,0.0,0.0,0.0,143.0,74.0,52.0,0.0,0.0,152.0,203.0,0.0
Norman,OK,CLEVELAND,2023-09-19,2023,9,19,Fall,14,35.3,-97.5,355.0,163.0,188.0,4.0,0.0,0.0,0.0,143.0,74.0,52.0,0.0,0.0,152.0,203.0,0.0
Norman,OK,CLEVELAND,2023-09-20,2023,9,20,Fall,10,35.3,-97.5,355.0,163.0,188.0,4.0,0.0,0.0,0.0,143.0,74.0,52.0,0.0,0.0,152.0,203.0,0.0
Norman,OK,CLEVELAND,2023-09-22,2023,9,22,Fall,28,35.3,-97.5,355.0,163.0,188.0,4.0,0.0,0.0,0.0,143.0,74.0,52.0,0.0,0.0,152.0,203.0,0.0
Norman,OK,CLEVELAND,2023-09-23,2023,9,23,Fall,4,35.2,-97.4,355.0,163.0,188.0,4.0,0.0,0.0,0.0,143.0,74.0,52.0,0.0,0.0,152.0,203.0,0.0
Norman,OK,CLEVELAND,2023-09-24,2023,9,24,Fall,18,35.3,-97.5,355.0,163.0,188.0,4.0,0.0,0.0,0.0,143.0,74.0,52.0,0.0,0.0,152.0,203.0,0.0
Norman,OK,CLEVELAND,2023-09-25,2023,9,25,Fall,10,35.3,-97.5,355.0,163.0,188.0,4.0,0.0,0.0,0.0,143.0,74.0,52.0,0.0,0.0,152.0,203.0,0.0
Norman,OK,CLEVELAND,2023-09-26,2023,9,26,Fall,10,35.3,-97.5,355.0,163.0,188.0,4.0,0.0,0.0,0.0,143.0,74.0,52.0,0.0,0.0,152.0,203.0,0.0
Norman,OK,CLEVELAND,2023-09-27,2023,9,27,Fall,2,35.2,-97.5,355.0,163.0,188.0,4.0,0.0,0.0,0.0,143.0,74.0,52.0,0.0,0.0,152.0,203.0,0.0
Norman,OK,CLEVELAND,2023-09-28,2023,9,28,Fall,14,35.3,-97.5,355.0,163.0,188.0,4.0,0.0,0.0,0.0,143.0,74.0,52.0,0.0,0.0,152.0,203.0,0.0
Norman,OK,CLEVELAND,2023-09-29,2023,9,29,Fall,12,35.3,-97.5,355.0,163.0,188.0,4.0,0.0,0.0,0.0,143.0,74.0,52.0,0.0,0.0,152.0,203.0,0.0
Norman,OK,CLEVELAND,2023-09-30,2023,9,30,Fall,20,35.3,-97.5,355.0,163.0,188.0,4.0,0.0,0.0,0.0,143.0,74.0,52.0,0.0,0.0,152.0,203.0,0.0
Norman,OK,CLEVELAND,2023-10-01,2023,10,1,Fall,40,35.3,-97.5,355.0,163.0,188.0,4.0,0.0,0.0,0.0,143.0,74.0,52.0,0.0,0.0,152.0,203.0,0.0
Norman,OK,CLEVELAND,2023-10-02,2023,10,2,Fall,26,35.3,-97.5,355.0,163.0,188.0,4.0,0.0,0.0,0.0,143.0,74.0,52.0,0.0,0.0,152.0,203.0,0.0
Norman,OK,CLEVELAND,2023-10-03,2023,10,3,Fall,12,35.3,-97.5,355.0,163.0,188.0,4.0,0.0,0.0,0.0,143.0,74.0,52.0,0.0,0.0,152.0,203.0,0.0
Norman,OK,CLEVELAND,2023-10-06,2023,10,6,Fall,4,35.3,-97.4,355.0,163.0,188.0,4.0,0.0,0.0,0.0,143.0,74.0,52.0,0.0,0.0,152.0,203.0,0.0
Norman,OK,CLEVELAND,2023-10-08,2023,10,8,Fall,8,35.2,-97.5,355.0,163.0,188.0,4.0,0.0,0.0,0.0,143.0,74.0,52.0,0.0,0.0,152.0,203.0,0.0
Norman,OK,CLEVELAND,2023-10-09,2023,10,9,Fall,12,35.2,-97.4,355.0,163.0,188.0,4.0,0.0,0.0,0.0,143.0,74.0,52.0,0.0,0.0,152.0,203.0,0.0
Norman,OK,CLEVELAND,2023-10-10,2023,10,10,Fall,10,35.2,-97.5,355.0,163.0,188.0,4.0,0.0,0.0,0.0,143.0,74.0,52.0,0.0,0.0,152.0,203.0,0.0
Norman,OK,CLEVELAND,2023-10-20,2023,10,20,Fall,2,35.3,-97.5,355.0,163.0,188.0,4.0,0.0,0.0,0.0,143.0,74.0,52.0,0.0,0.0,152.0,203.0,0.0
Norman,OK,CLEVELAND,2023-10-21,2023,10,21,Fall,2,35.3,-97.5,355.0,163.0,188.0,4.0,0.0,0.0,0.0,143.0,74.0,52.0,0.0,0.0,152.0,203.0,0.0
Norman,OK,CLEVELAND,2023-10-22,2023,10,22,Fall,6,35.3,-97.5,355.0,163.0,188.0,4.0,0.0,0.0,0.0,143.0,74.0,52.0,0.0,0.0,152.0,203.0,0.0
Norman,OK,CLEVELAND,2023-10-23,2023,10,23,Fall,4,35.3,-97.5,355.0,163.0,188.0,4.0,0.0,0.0,0.0,143.0,74.0,52.0,0.0,0.0,152.0,203.0,0.0
North Arlington,NJ,BERGEN,2023-07-20,2023,7,20,Summer,2,40.8,-74.1,365.0,204.0,152.0,5.0,4.0,0.0,0.0,197.0,69.0,48.0,0.0,29.0,91.0,245.0,0.0
North Augusta,SC,AIKEN,2023-09-28,2023,9,28,Fall,4,33.5,-82.0,275.0,252.0,23.0,0.0,0.0,0.0,0.0,80.0,49.0,39.0,0.0,0.0,275.0,0.0,0.0
North Augusta,SC,AIKEN,2023-11-26,2023,11,26,Fall,4,33.5,-82.0,275.0,252.0,23.0,0.0,0.0,0.0,0.0,80.0,49.0,39.0,0.0,0.0,275.0,0.0,0.0
North Augusta,SC,AIKEN,2023-11-29,2023,11,29,Fall,4,33.7,-82.0,275.0,252.0,23.0,0.0,0.0,0.0,0.0,80.0,49.0,39.0,0.0,0.0,275.0,0.0,0.0
North Canton,OH,STARK,2023-07-30,2023,7,30,Summer,5,40.9,-81.4,365.0,161.0,194.0,7.0,1.0,2.0,0.0,283.0,78.0,52.0,0.0,0.0,99.0,266.0,0.0
North Canton,OH,STARK,2023-08-03,2023,8,3,Summer,5,40.9,-81.4,365.0,161.0,194.0,7.0,1.0,2.0,0.0,283.0,78.0,52.0,0.0,0.0,99.0,266.0,0.0
North Canton,OH,STARK,2023-08-04,2023,8,4,Summer,5,40.9,-81.4,365.0,161.0,194.0,7.0,1.0,2.0,0.0,283.0,78.0,52.0,0.0,0.0,99.0,266.0,0.0
North Canton,OH,STARK,2023-08-05,2023,8,5,Summer,5,40.9,-81.3,365.0,161.0,194.0,7.0,1.0,2.0,0.0,283.0,78.0,52.0,0.0,0.0,99.0,266.0,0.0
North Canton,OH,STARK,2023-08-27,2023,8,27,Summer,25,40.9,-81.4,365.0,161.0,194.0,7.0,1.0,2.0,0.0,283.0,78.0,52.0,0.0,0.0,99.0,266.0,0.0
North Canton,OH,STARK,2023-09-16,2023,9,16,Fall,5,40.9,-81.4,365.0,161.0,194.0,7.0,1.0,2.0,0.0,283.0,78.0,52.0,0.0,0.0,99.0,266.0,0.0
North Canton,OH,STARK,2023-09-17,2023,9,17,Fall,10,40.9,-81.4,365.0,161.0,194.0,7.0,1.0,2.0,0.0,283.0,78.0,52.0,0.0,0.0,99.0,266.0,0.0
North Canton,OH,STARK,2023-09-18,2023,9,18,Fall,5,40.9,-81.4,365.0,161.0,194.0,7.0,1.0,2.0,0.0,283.0,78.0,52.0,0.0,0.0,99.0,266.0,0.0
North Canton,OH,STARK,2023-09-19,2023,9,19,Fall,10,40.9,-81.4,365.0,161.0,194.0,7.0,1.0,2.0,0.0,283.0,78.0,52.0,0.0,0.0,99.0,266.0,0.0
North Canton,OH,STARK,2023-09-20,2023,9,20,Fall,5,40.9,-81.4,365.0,161.0,194.0,7.0,1.0,2.0,0.0,283.0,78.0,52.0,0.0,0.0,99.0,266.0,0.0
North Canton,OH,STARK,2023-09-24,2023,9,24,Fall,5,40.9,-81.4,365.0,161.0,194.0,7.0,1.0,2.0,0.0,283.0,78.0,52.0,0.0,0.0,99.0,266.0,0.0
North Canton,OH,STARK,2023-09-25,2023,9,25,Fall,25,40.9,-81.4,365.0,161.0,194.0,7.0,1.0,2.0,0.0,283.0,78.0,52.0,0.0,0.0,99.0,266.0,0.0
North Canton,OH,STARK,2023-09-26,2023,9,26,Fall,10,40.9,-81.4,365.0,161.0,194.0,7.0,1.0,2.0,0.0,283.0,78.0,52.0,0.0,0.0,99.0,266.0,0.0
North Canton,OH,STARK,2023-09-27,2023,9,27,Fall,10,40.9,-81.4,365.0,161.0,194.0,7.0,1.0,2.0,0.0,283.0,78.0,52.0,0.0,0.0,99.0,266.0,0.0
North Canton,OH,STARK,2023-09-29,2023,9,29,Fall,10,40.9,-81.4,365.0,161.0,194.0,7.0,1.0,2.0,0.0,283.0,78.0,52.0,0.0,0.0,99.0,266.0,0.0
North Canton,OH,STARK,2023-10-02,2023,10,2,Fall,10,40.9,-81.4,365.0,161.0,194.0,7.0,1.0,2.0,0.0,283.0,78.0,52.0,0.0,0.0,99.0,266.0,0.0
North Canton,OH,STARK,2023-10-03,2023,10,3,Fall,10,40.9,-81.4,365.0,161.0,194.0,7.0,1.0,2.0,0.0,283.0,78.0,52.0,0.0,0.0,99.0,266.0,0.0
North Canton,OH,STARK,2023-10-04,2023,10,4,Fall,10,40.9,-81.4,365.0,161.0,194.0,7.0,1.0,2.0,0.0,283.0,78.0,52.0,0.0,0.0,99.0,266.0,0.0
North Canton,OH,STARK,2023-10-05,2023,10,5,Fall,10,40.9,-81.4,365.0,161.0,194.0,7.0,1.0,2.0,0.0,283.0,78.0,52.0,0.0,0.0,99.0,266.0,0.0
North Canton,OH,STARK,2023-10-06,2023,10,6,Fall,10,40.9,-81.4,365.0,161.0,194.0,7.0,1.0,2.0,0.0,283.0,78.0,52.0,0.0,0.0,99.0,266.0,0.0
North Canton,OH,STARK,2023-10-18,2023,10,18,Fall,5,40.9,-81.4,365.0,161.0,194.0,7.0,1.0,2.0,0.0,283.0,78.0,52.0,0.0,0.0,99.0,266.0,0.0
North East,MD,CECIL,2023-10-08,2023,10,8,Fall,10,39.6,-75.9,360.0,266.0,88.0,2.0,4.0,0.0,0.0,190.0,64.0,42.0,0.0,0.0,197.0,163.0,0.0
North Fort Myers,FL,LEE,2023-11-28,2023,11,28,Fall,8,26.7,-81.9,364.0,343.0,20.0,1.0,0.0,0.0,0.0,101.0,46.0,35.0,0.0,0.0,364.0,0.0,0.0
North Hampton,NH,ROCKINGHAM,2023-09-14,2023,9,14,Fall,3,43.0,-70.8,365.0,276.0,89.0,0.0,0.0,0.0,0.0,100.0,59.0,40.0,0.0,0.0,239.0,126.0,0.0
North Haven,CT,NEW HAVEN,2023-08-05,2023,8,5,Summer,2,41.4,-72.9,365.0,205.0,148.0,9.0,2.0,1.0,0.0,208.0,74.0,47.0,0.0,9.0,158.0,198.0,0.0
North Haven,CT,NEW HAVEN,2023-09-16,2023,9,16,Fall,2,41.4,-72.9,365.0,205.0,148.0,9.0,2.0,1.0,0.0,208.0,74.0,47.0,0.0,9.0,158.0,198.0,0.0
North Jackson,OH,MAHONING,2023-07-31,2023,7,31,Summer,1,41.1,-80.9,365.0,187.0,172.0,3.0,2.0,1.0,0.0,226.0,73.0,49.0,0.0,0.0,115.0,250.0,0.0
North Kingstown,RI,WASHINGTON,2023-07-31,2023,7,31,Summer,4,41.6,-71.5,355.0,287.0,58.0,10.0,0.0,0.0,0.0,140.0,58.0,40.0,0.0,0.0,166.0,189.0,0.0
North Myrtle Beach,SC,HORRY,2023-10-22,2023,10,22,Fall,44,33.8,-78.7,332.0,238.0,94.0,0.0,0.0,0.0,0.0,100.0,62.0,43.0,0.0,0.0,143.0,189.0,0.0
North Myrtle Beach,SC,HORRY,2023-10-23,2023,10,23,Fall,11,33.8,-78.7,332.0,238.0,94.0,0.0,0.0,0.0,0.0,100.0,62.0,43.0,0.0,0.0,143.0,189.0,0.0
North Platte,NE,LINCOLN,2023-06-25,2023,6,25,Summer,1,41.1,-100.8,,,,,,,,,,,,,,,
North Platte,NE,LINCOLN,2023-09-11,2023,9,11,Fall,2,41.1,-100.8,,,,,,,,,,,,,,,
North Port,FL,SARASOTA,2023-03-01,2023,3,1,Spring,5,27.0,-82.4,365.0,232.0,132.0,1.0,0.0,0.0,0.0,143.0,61.0,47.0,0.0,0.0,141.0,224.0,0.0
North Ridgeville,OH,LORAIN,2023-10-04,2023,10,4,Fall,3,41.4,-82.1,243.0,221.0,22.0,0.0,0.0,0.0,0.0,90.0,50.0,37.0,0.0,0.0,243.0,0.0,0.0
North Rim,AZ,COCONINO,2023-08-16,2023,8,16,Summer,2,36.3,-112.4,365.0,243.0,118.0,1.0,2.0,1.0,0.0,203.0,80.0,46.0,0.0,0.0,356.0,9.0,0.0
North San Juan,CA,NEVADA,2023-09-23,2023,9,23,Fall,4,39.4,-121.1,365.0,243.0,119.0,3.0,0.0,0.0,0.0,140.0,71.0,44.0,0.0,0.0,223.0,142.0,0.0
North Stonington,CT,NEW LONDON,2023-08-08,2023,8,8,Summer,4,41.5,-71.9,363.0,258.0,95.0,7.0,3.0,0.0,0.0,166.0,61.0,41.0,0.0,0.0,137.0,226.0,0.0
North Stonington,CT,NEW LONDON,2023-09-16,2023,9,16,Fall,2,41.4,-71.9,363.0,258.0,95.0,7.0,3.0,0.0,0.0,166.0,61.0,41.0,0.0,0.0,137.0,226.0,0.0
North Tonawanda,NY,NIAGARA,2023-07-28,2023,7,28,Summer,20,43.1,-78.8,356.0,335.0,21.0,0.0,0.0,0.0,0.0,97.0,46.0,33.0,0.0,0.0,356.0,0.0,0.0
North Versailles,PA,ALLEGHENY,2023-08-17,2023,8,17,Summer,8,40.4,-79.8,365.0,121.0,227.0,15.0,1.0,1.0,0.0,237.0,84.0,56.0,0.0,0.0,71.0,294.0,0.0
Northampton,PA,NORTHAMPTON,2023-08-01,2023,8,1,Summer,2,40.7,-75.4,362.0,209.0,146.0,2.0,4.0,0.0,1.0,368.0,68.0,46.0,0.0,0.0,135.0,227.0,0.0
Northbrook,IL,COOK,2023-05-26,2023,5,26,Spring,1,42.1,-87.8,365.0,104.0,227.0,27.0,5.0,2.0,0.0,223.0,93.0,57.0,0.0,8.0,97.0,252.0,8.0
Northbrook,IL,COOK,2023-08-27,2023,8,27,Summer,1,42.1,-87.8,365.0,104.0,227.0,27.0,5.0,2.0,0.0,223.0,93.0,57.0,0.0,8.0,97.0,252.0,8.0
Northfield,OH,SUMMIT,2023-08-17,2023,8,17,Summer,12,41.3,-81.6,348.0,209.0,131.0,5.0,2.0,1.0,0.0,230.0,74.0,46.0,0.0,0.0,150.0,198.0,0.0
Northfield,OH,SUMMIT,2023-08-20,2023,8,20,Summer,18,41.3,-81.6,348.0,209.0,131.0,5.0,2.0,1.0,0.0,230.0,74.0,46.0,0.0,0.0,150.0,198.0,0.0
Norwalk,CT,FAIRFIELD,2023-06-20,2023,6,20,Summer,8,41.1,-73.4,365.0,210.0,135.0,12.0,7.0,1.0,0.0,242.0,79.0,46.0,0.0,12.0,146.0,206.0,1.0
Norwalk,CT,FAIRFIELD,2023-07-11,2023,7,11,Summer,8,41.1,-73.4,365.0,210.0,135.0,12.0,7.0,1.0,0.0,242.0,79.0,46.0,0.0,12.0,146.0,206.0,1.0
Norwalk,CT,FAIRFIELD,2023-07-31,2023,7,31,Summer,8,41.1,-73.4,365.0,210.0,135.0,12.0,7.0,1.0,0.0,242.0,79.0,46.0,0.0,12.0,146.0,206.0,1.0
Norwalk,CT,FAIRFIELD,2023-08-05,2023,8,5,Summer,16,41.1,-73.4,365.0,210.0,135.0,12.0,7.0,1.0,0.0,242.0,79.0,46.0,0.0,12.0,146.0,206.0,1.0
Norwalk,CT,FAIRFIELD,2023-08-06,2023,8,6,Summer,8,41.1,-73.4,365.0,210.0,135.0,12.0,7.0,1.0,0.0,242.0,79.0,46.0,0.0,12.0,146.0,206.0,1.0
Norwalk,CT,FAIRFIELD,2023-08-09,2023,8,9,Summer,8,41.1,-73.5,365.0,210.0,135.0,12.0,7.0,1.0,0.0,242.0,79.0,46.0,0.0,12.0,146.0,206.0,1.0
Norwalk,CT,FAIRFIELD,2023-08-11,2023,8,11,Summer,8,41.1,-73.4,365.0,210.0,135.0,12.0,7.0,1.0,0.0,242.0,79.0,46.0,0.0,12.0,146.0,206.0,1.0
Norwalk,OH,HURON,2023-08-17,2023,8,17,Summer,4,41.2,-82.6,,,,,,,,,,,,,,,
Norwood,MA,NORFOLK,2023-08-04,2023,8,4,Summer,2,42.2,-71.2,365.0,276.0,85.0,4.0,0.0,0.0,0.0,136.0,58.0,41.0,0.0,1.0,229.0,135.0,0.0
Norwood,MA,NORFOLK,2023-08-05,2023,8,5,Summer,1,42.2,-71.2,365.0,276.0,85.0,4.0,0.0,0.0,0.0,136.0,58.0,41.0,0.0,1.0,229.0,135.0,0.0
Nottingham,MD,BALTIMORE,2023-08-26,2023,8,26,Summer,2,39.4,-76.5,365.0,228.0,124.0,9.0,3.0,1.0,0.0,205.0,71.0,45.0,0.0,7.0,231.0,127.0,0.0
Novato,CA,MARIN,2023-08-02,2023,8,2,Summer,6,38.1,-122.5,363.0,314.0,49.0,0.0,0.0,0.0,0.0,99.0,53.0,34.0,0.0,3.0,211.0,148.0,1.0
Novato,CA,MARIN,2023-08-28,2023,8,28,Summer,150,38.1,-122.6,363.0,314.0,49.0,0.0,0.0,0.0,0.0,99.0,53.0,34.0,0.0,3.0,211.0,148.0,1.0
Novelty,OH,GEAUGA,2023-09-09,2023,9,9,Fall,10,41.5,-81.3,245.0,212.0,32.0,1.0,0.0,0.0,0.0,129.0,58.0,41.0,0.0,0.0,245.0,0.0,0.0
Novi,MI,OAKLAND,2023-10-07,2023,10,7,Fall,2,42.5,-83.5,261.0,193.0,58.0,9.0,1.0,0.0,0.0,169.0,74.0,41.0,0.0,0.0,208.0,53.0,0.0
Oak Creek,WI,MILWAUKEE,2023-09-01,2023,9,1,Fall,1,42.9,-87.9,365.0,166.0,180.0,15.0,2.0,2.0,0.0,250.0,82.0,52.0,0.0,5.0,102.0,258.0,0.0
Oak Lawn,IL,COOK,2023-07-03,2023,7,3,Summer,1,41.7,-87.8,365.0,104.0,227.0,27.0,5.0,2.0,0.0,223.0,93.0,57.0,0.0,8.0,97.0,252.0,8.0
Oak Lawn,IL,COOK,2023-07-22,2023,7,22,Summer,1,41.7,-87.8,365.0,104.0,227.0,27.0,5.0,2.0,0.0,223.0,93.0,57.0,0.0,8.0,97.0,252.0,8.0
Oak Park,IL,COOK,2023-05-20,2023,5,20,Spring,1,41.9,-87.8,365.0,104.0,227.0,27.0,5.0,2.0,0.0,223.0,93.0,57.0,0.0,8.0,97.0,252.0,8.0
Oak Park,IL,COOK,2023-07-27,2023,7,27,Summer,1,41.9,-87.8,365.0,104.0,227.0,27.0,5.0,2.0,0.0,223.0,93.0,57.0,0.0,8.0,97.0,252.0,8.0
Oak Park,IL,COOK,2023-07-31,2023,7,31,Summer,2,41.9,-87.8,365.0,104.0,227.0,27.0,5.0,2.0,0.0,223.0,93.0,57.0,0.0,8.0,97.0,252.0,8.0
Oak Park,IL,COOK,2023-08-01,2023,8,1,Summer,1,41.9,-87.8,365.0,104.0,227.0,27.0,5.0,2.0,0.0,223.0,93.0,57.0,0.0,8.0,97.0,252.0,8.0
Oak Park,MI,OAKLAND,2023-08-04,2023,8,4,Summer,4,42.5,-83.2,261.0,193.0,58.0,9.0,1.0,0.0,0.0,169.0,74.0,41.0,0.0,0.0,208.0,53.0,0.0
Oak Ridge,TN,ANDERSON,2023-07-13,2023,7,13,Summer,1,36.0,-84.2,237.0,212.0,24.0,1.0,0.0,0.0,0.0,105.0,51.0,41.0,0.0,0.0,237.0,0.0,0.0
Oak Ridge,TN,ANDERSON,2023-07-16,2023,7,16,Summer,1,36.0,-84.2,237.0,212.0,24.0,1.0,0.0,0.0,0.0,105.0,51.0,41.0,0.0,0.0,237.0,0.0,0.0
Oak Ridge,TN,ANDERSON,2023-07-27,2023,7,27,Summer,1,36.0,-84.2,237.0,212.0,24.0,1.0,0.0,0.0,0.0,105.0,51.0,41.0,0.0,0.0,237.0,0.0,0.0
Oak Ridge,TN,ANDERSON,2023-08-06,2023,8,6,Summer,1,36.0,-84.2,237.0,212.0,24.0,1.0,0.0,0.0,0.0,105.0,51.0,41.0,0.0,0.0,237.0,0.0,0.0
Oak Ridge,TN,ANDERSON,2023-08-11,2023,8,11,Summer,1,36.0,-84.2,237.0,212.0,24.0,1.0,0.0,0.0,0.0,105.0,51.0,41.0,0.0,0.0,237.0,0.0,0.0
Oak Ridge,TN,ANDERSON,2023-09-01,2023,9,1,Fall,2,36.0,-84.2,237.0,212.0,24.0,1.0,0.0,0.0,0.0,105.0,51.0,41.0,0.0,0.0,237.0,0.0,0.0
Oak Ridge,TN,ANDERSON,2023-09-06,2023,9,6,Fall,1,36.0,-84.2,237.0,212.0,24.0,1.0,0.0,0.0,0.0,105.0,51.0,41.0,0.0,0.0,237.0,0.0,0.0
Oak Ridge,TN,ANDERSON,2023-09-09,2023,9,9,Fall,2,36.0,-84.2,237.0,212.0,24.0,1.0,0.0,0.0,0.0,105.0,51.0,41.0,0.0,0.0,237.0,0.0,0.0
Oak Ridge,TN,ANDERSON,2023-10-18,2023,10,18,Fall,1,36.0,-84.2,237.0,212.0,24.0,1.0,0.0,0.0,0.0,105.0,51.0,41.0,0.0,0.0,237.0,0.0,0.0
Oak Ridge,TN,ANDERSON,2023-10-19,2023,10,19,Fall,1,36.0,-84.2,237.0,212.0,24.0,1.0,0.0,0.0,0.0,105.0,51.0,41.0,0.0,0.0,237.0,0.0,0.0
Oak Ridge,TN,ANDERSON,2023-10-21,2023,10,21,Fall,1,36.0,-84.2,237.0,212.0,24.0,1.0,0.0,0.0,0.0,105.0,51.0,41.0,0.0,0.0,237.0,0.0,0.0
Oakland,CA,ALAMEDA,2023-02-13,2023,2,13,Winter,9,37.8,-122.3,365.0,198.0,154.0,13.0,0.0,0.0,0.0,130.0,70.0,48.0,1.0,16.0,131.0,217.0,0.0
Oakland,CA,ALAMEDA,2023-08-16,2023,8,16,Summer,18,37.8,-122.2,365.0,198.0,154.0,13.0,0.0,0.0,0.0,130.0,70.0,48.0,1.0,16.0,131.0,217.0,0.0
Oakland,CA,ALAMEDA,2023-08-30,2023,8,30,Summer,18,37.8,-122.2,365.0,198.0,154.0,13.0,0.0,0.0,0.0,130.0,70.0,48.0,1.0,16.0,131.0,217.0,0.0
Oakland,CA,ALAMEDA,2023-08-31,2023,8,31,Summer,27,37.8,-122.2,365.0,198.0,154.0,13.0,0.0,0.0,0.0,130.0,70.0,48.0,1.0,16.0,131.0,217.0,0.0
Oakland,CA,ALAMEDA,2023-09-04,2023,9,4,Fall,9,37.8,-122.2,365.0,198.0,154.0,13.0,0.0,0.0,0.0,130.0,70.0,48.0,1.0,16.0,131.0,217.0,0.0
Oakland,CA,ALAMEDA,2023-09-17,2023,9,17,Fall,9,37.8,-122.2,365.0,198.0,154.0,13.0,0.0,0.0,0.0,130.0,70.0,48.0,1.0,16.0,131.0,217.0,0.0
Oakland,CA,ALAMEDA,2023-10-29,2023,10,29,Fall,18,37.8,-122.3,365.0,198.0,154.0,13.0,0.0,0.0,0.0,130.0,70.0,48.0,1.0,16.0,131.0,217.0,0.0
Oakland,CA,ALAMEDA,2023-11-03,2023,11,3,Fall,9,37.8,-122.3,365.0,198.0,154.0,13.0,0.0,0.0,0.0,130.0,70.0,48.0,1.0,16.0,131.0,217.0,0.0
Oakland,CA,ALAMEDA,2023-11-08,2023,11,8,Fall,9,37.8,-122.1,365.0,198.0,154.0,13.0,0.0,0.0,0.0,130.0,70.0,48.0,1.0,16.0,131.0,217.0,0.0
Oakland,CA,ALAMEDA,2023-12-24,2023,12,24,Winter,9,37.8,-122.2,365.0,198.0,154.0,13.0,0.0,0.0,0.0,130.0,70.0,48.0,1.0,16.0,131.0,217.0,0.0
Oakland,IA,POTTAWATTAMIE,2023-07-21,2023,7,21,Summer,2,41.3,-95.4,122.0,64.0,57.0,0.0,1.0,0.0,0.0,151.0,65.0,49.0,0.0,0.0,0.0,121.0,1.0
Oakton,VA,FAIRFAX,2023-07-11,2023,7,11,Summer,2,38.9,-77.3,365.0,217.0,138.0,7.0,2.0,1.0,0.0,222.0,69.0,46.0,0.0,19.0,130.0,216.0,0.0
Ocala,FL,MARION,2023-05-05,2023,5,5,Spring,6,29.2,-82.1,365.0,241.0,124.0,0.0,0.0,0.0,0.0,99.0,57.0,45.0,0.0,0.0,117.0,248.0,0.0
Ocean Springs,MS,JACKSON,2023-03-17,2023,3,17,Spring,10,30.4,-88.8,364.0,176.0,186.0,2.0,0.0,0.0,0.0,108.0,67.0,51.0,0.0,0.0,77.0,287.0,0.0
Ocean Springs,MS,JACKSON,2023-09-12,2023,9,12,Fall,10,30.4,-88.8,364.0,176.0,186.0,2.0,0.0,0.0,0.0,108.0,67.0,51.0,0.0,0.0,77.0,287.0,0.0
Oceanside,CA,SAN DIEGO,2023-05-08,2023,5,8,Spring,3,33.2,-117.3,365.0,61.0,260.0,44.0,0.0,0.0,0.0,150.0,101.0,67.0,0.0,1.0,185.0,151.0,28.0
Oceanside,CA,SAN DIEGO,2023-05-11,2023,5,11,Spring,3,33.2,-117.3,365.0,61.0,260.0,44.0,0.0,0.0,0.0,150.0,101.0,67.0,0.0,1.0,185.0,151.0,28.0
Oceanside,CA,SAN DIEGO,2023-05-25,2023,5,25,Spring,6,33.2,-117.3,365.0,61.0,260.0,44.0,0.0,0.0,0.0,150.0,101.0,67.0,0.0,1.0,185.0,151.0,28.0
Oceanside,CA,SAN DIEGO,2023-05-29,2023,5,29,Spring,3,33.2,-117.3,365.0,61.0,260.0,44.0,0.0,0.0,0.0,150.0,101.0,67.0,0.0,1.0,185.0,151.0,28.0
Oceanside,CA,SAN DIEGO,2023-06-06,2023,6,6,Summer,3,33.2,-117.3,365.0,61.0,260.0,44.0,0.0,0.0,0.0,150.0,101.0,67.0,0.0,1.0,185.0,151.0,28.0
Oceanside,CA,SAN DIEGO,2023-08-23,2023,8,23,Summer,3,33.2,-117.3,365.0,61.0,260.0,44.0,0.0,0.0,0.0,150.0,101.0,67.0,0.0,1.0,185.0,151.0,28.0
Ocoee,FL,ORANGE,2023-01-19,2023,1,19,Winter,10,28.6,-81.5,365.0,267.0,96.0,2.0,0.0,0.0,0.0,115.0,62.0,43.0,0.0,2.0,196.0,167.0,0.0
Oconomowoc,WI,WAUKESHA,2023-08-02,2023,8,2,Summer,4,43.1,-88.5,360.0,171.0,167.0,19.0,1.0,2.0,0.0,270.0,80.0,52.0,0.0,0.0,110.0,250.0,0.0
Odenton,MD,ANNE ARUNDEL,2023-09-06,2023,9,6,Fall,1,39.0,-76.7,263.0,225.0,36.0,2.0,0.0,0.0,0.0,150.0,58.0,40.0,0.0,0.0,244.0,0.0,19.0
Odenton,MD,ANNE ARUNDEL,2023-09-21,2023,9,21,Fall,8,39.0,-76.7,263.0,225.0,36.0,2.0,0.0,0.0,0.0,150.0,58.0,40.0,0.0,0.0,244.0,0.0,19.0
Odenton,MD,ANNE ARUNDEL,2023-10-31,2023,10,31,Fall,2,39.1,-76.7,263.0,225.0,36.0,2.0,0.0,0.0,0.0,150.0,58.0,40.0,0.0,0.0,244.0,0.0,19.0
Odenton,MD,ANNE ARUNDEL,2023-11-28,2023,11,28,Fall,2,39.1,-76.7,263.0,225.0,36.0,2.0,0.0,0.0,0.0,150.0,58.0,40.0,0.0,0.0,244.0,0.0,19.0
Odessa,TX,ECTOR,2023-08-26,2023,8,26,Summer,3,31.9,-102.3,355.0,285.0,70.0,0.0,0.0,0.0,0.0,84.0,56.0,33.0,0.0,0.0,0.0,355.0,0.0
Odessa,TX,ECTOR,2023-08-27,2023,8,27,Summer,3,31.9,-102.3,355.0,285.0,70.0,0.0,0.0,0.0,0.0,84.0,56.0,33.0,0.0,0.0,0.0,355.0,0.0
Odessa,TX,ECTOR,2023-08-29,2023,8,29,Summer,4,31.9,-102.3,355.0,285.0,70.0,0.0,0.0,0.0,0.0,84.0,56.0,33.0,0.0,0.0,0.0,355.0,0.0
Odessa,TX,ECTOR,2023-08-31,2023,8,31,Summer,3,31.9,-102.3,355.0,285.0,70.0,0.0,0.0,0.0,0.0,84.0,56.0,33.0,0.0,0.0,0.0,355.0,0.0
Odessa,TX,ECTOR,2023-09-01,2023,9,1,Fall,2,31.9,-102.3,355.0,285.0,70.0,0.0,0.0,0.0,0.0,84.0,56.0,33.0,0.0,0.0,0.0,355.0,0.0
Odessa,TX,ECTOR,2023-09-03,2023,9,3,Fall,2,31.9,-102.3,355.0,285.0,70.0,0.0,0.0,0.0,0.0,84.0,56.0,33.0,0.0,0.0,0.0,355.0,0.0
Odessa,TX,ECTOR,2023-09-10,2023,9,10,Fall,2,31.9,-102.3,355.0,285.0,70.0,0.0,0.0,0.0,0.0,84.0,56.0,33.0,0.0,0.0,0.0,355.0,0.0
Odessa,TX,ECTOR,2023-09-17,2023,9,17,Fall,2,31.9,-102.3,355.0,285.0,70.0,0.0,0.0,0.0,0.0,84.0,56.0,33.0,0.0,0.0,0.0,355.0,0.0
Odessa,TX,ECTOR,2023-10-26,2023,10,26,Fall,9,31.9,-102.3,355.0,285.0,70.0,0.0,0.0,0.0,0.0,84.0,56.0,33.0,0.0,0.0,0.0,355.0,0.0
Odessa,TX,ECTOR,2023-11-07,2023,11,7,Fall,1,31.9,-102.3,355.0,285.0,70.0,0.0,0.0,0.0,0.0,84.0,56.0,33.0,0.0,0.0,0.0,355.0,0.0
Ogden,UT,WEBER,2023-06-07,2023,6,7,Summer,87,41.2,-112.0,365.0,218.0,141.0,6.0,0.0,0.0,0.0,141.0,74.0,47.0,0.0,10.0,279.0,76.0,0.0
Ogden,UT,WEBER,2023-06-10,2023,6,10,Summer,29,41.2,-112.0,365.0,218.0,141.0,6.0,0.0,0.0,0.0,141.0,74.0,47.0,0.0,10.0,279.0,76.0,0.0
Ogden,UT,WEBER,2023-06-13,2023,6,13,Summer,29,41.2,-112.0,365.0,218.0,141.0,6.0,0.0,0.0,0.0,141.0,74.0,47.0,0.0,10.0,279.0,76.0,0.0
Ogden,UT,WEBER,2023-07-04,2023,7,4,Summer,29,41.3,-112.1,365.0,218.0,141.0,6.0,0.0,0.0,0.0,141.0,74.0,47.0,0.0,10.0,279.0,76.0,0.0
Ogden,UT,WEBER,2023-07-24,2023,7,24,Summer,58,41.3,-112.1,365.0,218.0,141.0,6.0,0.0,0.0,0.0,141.0,74.0,47.0,0.0,10.0,279.0,76.0,0.0
Ogden,UT,WEBER,2023-07-30,2023,7,30,Summer,58,41.3,-112.1,365.0,218.0,141.0,6.0,0.0,0.0,0.0,141.0,74.0,47.0,0.0,10.0,279.0,76.0,0.0
Ogden,UT,WEBER,2023-08-12,2023,8,12,Summer,116,41.3,-112.1,365.0,218.0,141.0,6.0,0.0,0.0,0.0,141.0,74.0,47.0,0.0,10.0,279.0,76.0,0.0
Ogden,UT,WEBER,2023-09-12,2023,9,12,Fall,58,41.3,-112.1,365.0,218.0,141.0,6.0,0.0,0.0,0.0,141.0,74.0,47.0,0.0,10.0,279.0,76.0,0.0
Ogden,UT,WEBER,2023-09-27,2023,9,27,Fall,58,41.3,-112.1,365.0,218.0,141.0,6.0,0.0,0.0,0.0,141.0,74.0,47.0,0.0,10.0,279.0,76.0,0.0
Ogden,UT,WEBER,2023-10-07,2023,10,7,Fall,29,41.3,-112.1,365.0,218.0,141.0,6.0,0.0,0.0,0.0,141.0,74.0,47.0,0.0,10.0,279.0,76.0,0.0
Ogden,UT,WEBER,2023-10-18,2023,10,18,Fall,29,41.3,-112.1,365.0,218.0,141.0,6.0,0.0,0.0,0.0,141.0,74.0,47.0,0.0,10.0,279.0,76.0,0.0
Ogunquit,ME,YORK,2023-09-14,2023,9,14,Fall,1,43.2,-70.6,327.0,303.0,24.0,0.0,0.0,0.0,0.0,84.0,49.0,35.0,0.0,0.0,327.0,0.0,0.0
Ohkay Owingeh,NM,RIO ARRIBA,2023-06-23,2023,6,23,Summer,8,36.1,-106.1,346.0,318.0,28.0,0.0,0.0,0.0,0.0,71.0,49.0,43.0,0.0,0.0,336.0,10.0,0.0
Okeene,OK,BLAINE,2023-10-05,2023,10,5,Fall,6,36.0,-98.3,,,,,,,,,,,,,,,
Oklahoma City,OK,CLEVELAND,2023-04-03,2023,4,3,Spring,3,35.5,-97.6,355.0,163.0,188.0,4.0,0.0,0.0,0.0,143.0,74.0,52.0,0.0,0.0,152.0,203.0,0.0
Oklahoma City,OK,CLEVELAND,2023-04-07,2023,4,7,Spring,3,35.5,-97.5,355.0,163.0,188.0,4.0,0.0,0.0,0.0,143.0,74.0,52.0,0.0,0.0,152.0,203.0,0.0
Oklahoma City,OK,CLEVELAND,2023-04-08,2023,4,8,Spring,6,35.5,-97.5,355.0,163.0,188.0,4.0,0.0,0.0,0.0,143.0,74.0,52.0,0.0,0.0,152.0,203.0,0.0
Oklahoma City,OK,CLEVELAND,2023-04-17,2023,4,17,Spring,3,35.5,-97.5,355.0,163.0,188.0,4.0,0.0,0.0,0.0,143.0,74.0,52.0,0.0,0.0,152.0,203.0,0.0
Oklahoma City,OK,CLEVELAND,2023-04-18,2023,4,18,Spring,9,35.5,-97.5,355.0,163.0,188.0,4.0,0.0,0.0,0.0,143.0,74.0,52.0,0.0,0.0,152.0,203.0,0.0
Oklahoma City,OK,CLEVELAND,2023-04-20,2023,4,20,Spring,9,35.5,-97.5,355.0,163.0,188.0,4.0,0.0,0.0,0.0,143.0,74.0,52.0,0.0,0.0,152.0,203.0,0.0
Oklahoma City,OK,CLEVELAND,2023-05-03,2023,5,3,Spring,3,35.5,-97.5,355.0,163.0,188.0,4.0,0.0,0.0,0.0,143.0,74.0,52.0,0.0,0.0,152.0,203.0,0.0
Oklahoma City,OK,CLEVELAND,2023-05-05,2023,5,5,Spring,6,35.5,-97.5,355.0,163.0,188.0,4.0,0.0,0.0,0.0,143.0,74.0,52.0,0.0,0.0,152.0,203.0,0.0
Oklahoma City,OK,CLEVELAND,2023-05-07,2023,5,7,Spring,3,35.5,-97.6,355.0,163.0,188.0,4.0,0.0,0.0,0.0,143.0,74.0,52.0,0.0,0.0,152.0,203.0,0.0
Oklahoma City,OK,CLEVELAND,2023-05-08,2023,5,8,Spring,3,35.5,-97.5,355.0,163.0,188.0,4.0,0.0,0.0,0.0,143.0,74.0,52.0,0.0,0.0,152.0,203.0,0.0
Oklahoma City,OK,CLEVELAND,2023-05-17,2023,5,17,Spring,3,35.5,-97.5,355.0,163.0,188.0,4.0,0.0,0.0,0.0,143.0,74.0,52.0,0.0,0.0,152.0,203.0,0.0
Oklahoma City,OK,CLEVELAND,2023-05-22,2023,5,22,Spring,6,35.5,-97.6,355.0,163.0,188.0,4.0,0.0,0.0,0.0,143.0,74.0,52.0,0.0,0.0,152.0,203.0,0.0
Oklahoma City,OK,CLEVELAND,2023-05-28,2023,5,28,Spring,6,35.5,-97.6,355.0,163.0,188.0,4.0,0.0,0.0,0.0,143.0,74.0,52.0,0.0,0.0,152.0,203.0,0.0
Oklahoma City,OK,CLEVELAND,2023-07-06,2023,7,6,Summer,3,35.5,-97.5,355.0,163.0,188.0,4.0,0.0,0.0,0.0,143.0,74.0,52.0,0.0,0.0,152.0,203.0,0.0
Oklahoma City,OK,CLEVELAND,2023-07-22,2023,7,22,Summer,3,35.6,-97.5,355.0,163.0,188.0,4.0,0.0,0.0,0.0,143.0,74.0,52.0,0.0,0.0,152.0,203.0,0.0
Oklahoma City,OK,CLEVELAND,2023-08-04,2023,8,4,Summer,3,35.6,-97.5,355.0,163.0,188.0,4.0,0.0,0.0,0.0,143.0,74.0,52.0,0.0,0.0,152.0,203.0,0.0
Oklahoma City,OK,CLEVELAND,2023-08-11,2023,8,11,Summer,3,35.5,-97.6,355.0,163.0,188.0,4.0,0.0,0.0,0.0,143.0,74.0,52.0,0.0,0.0,152.0,203.0,0.0
Oklahoma City,OK,CLEVELAND,2023-08-15,2023,8,15,Summer,12,35.5,-97.6,355.0,163.0,188.0,4.0,0.0,0.0,0.0,143.0,74.0,52.0,0.0,0.0,152.0,203.0,0.0
Oklahoma City,OK,CLEVELAND,2023-08-17,2023,8,17,Summer,6,35.6,-97.5,355.0,163.0,188.0,4.0,0.0,0.0,0.0,143.0,74.0,52.0,0.0,0.0,152.0,203.0,0.0
Oklahoma City,OK,CLEVELAND,2023-08-20,2023,8,20,Summer,6,35.6,-97.5,355.0,163.0,188.0,4.0,0.0,0.0,0.0,143.0,74.0,52.0,0.0,0.0,152.0,203.0,0.0
Oklahoma City,OK,CLEVELAND,2023-08-23,2023,8,23,Summer,6,35.6,-97.5,355.0,163.0,188.0,4.0,0.0,0.0,0.0,143.0,74.0,52.0,0.0,0.0,152.0,203.0,0.0
Oklahoma City,OK,CLEVELAND,2023-08-28,2023,8,28,Summer,3,35.5,-97.6,355.0,163.0,188.0,4.0,0.0,0.0,0.0,143.0,74.0,52.0,0.0,0.0,152.0,203.0,0.0
Oklahoma City,OK,CLEVELAND,2023-08-29,2023,8,29,Summer,6,35.4,-97.6,355.0,163.0,188.0,4.0,0.0,0.0,0.0,143.0,74.0,52.0,0.0,0.0,152.0,203.0,0.0
Oklahoma City,OK,CLEVELAND,2023-08-30,2023,8,30,Summer,6,35.5,-97.6,355.0,163.0,188.0,4.0,0.0,0.0,0.0,143.0,74.0,52.0,0.0,0.0,152.0,203.0,0.0
Oklahoma City,OK,CLEVELAND,2023-08-31,2023,8,31,Summer,9,35.5,-97.6,355.0,163.0,188.0,4.0,0.0,0.0,0.0,143.0,74.0,52.0,0.0,0.0,152.0,203.0,0.0
Oklahoma City,OK,CLEVELAND,2023-09-01,2023,9,1,Fall,6,35.5,-97.6,355.0,163.0,188.0,4.0,0.0,0.0,0.0,143.0,74.0,52.0,0.0,0.0,152.0,203.0,0.0
Oklahoma City,OK,CLEVELAND,2023-09-03,2023,9,3,Fall,12,35.6,-97.5,355.0,163.0,188.0,4.0,0.0,0.0,0.0,143.0,74.0,52.0,0.0,0.0,152.0,203.0,0.0
Oklahoma City,OK,CLEVELAND,2023-09-04,2023,9,4,Fall,6442450941,35.5,-97.5,355.0,163.0,188.0,4.0,0.0,0.0,0.0,143.0,74.0,52.0,0.0,0.0,152.0,203.0,0.0
Oklahoma City,OK,CLEVELAND,2023-09-05,2023,9,5,Fall,3,35.5,-97.5,355.0,163.0,188.0,4.0,0.0,0.0,0.0,143.0,74.0,52.0,0.0,0.0,152.0,203.0,0.0
Oklahoma City,OK,CLEVELAND,2023-09-07,2023,9,7,Fall,3,35.4,-97.4,355.0,163.0,188.0,4.0,0.0,0.0,0.0,143.0,74.0,52.0,0.0,0.0,152.0,203.0,0.0
Oklahoma City,OK,CLEVELAND,2023-09-08,2023,9,8,Fall,3,35.5,-97.6,355.0,163.0,188.0,4.0,0.0,0.0,0.0,143.0,74.0,52.0,0.0,0.0,152.0,203.0,0.0
Oklahoma City,OK,CLEVELAND,2023-09-10,2023,9,10,Fall,3,35.5,-97.5,355.0,163.0,188.0,4.0,0.0,0.0,0.0,143.0,74.0,52.0,0.0,0.0,152.0,203.0,0.0
Oklahoma City,OK,CLEVELAND,2023-09-15,2023,9,15,Fall,3,35.4,-97.5,355.0,163.0,188.0,4.0,0.0,0.0,0.0,143.0,74.0,52.0,0.0,0.0,152.0,203.0,0.0
Oklahoma City,OK,CLEVELAND,2023-09-16,2023,9,16,Fall,9,35.5,-97.5,355.0,163.0,188.0,4.0,0.0,0.0,0.0,143.0,74.0,52.0,0.0,0.0,152.0,203.0,0.0
Oklahoma City,OK,CLEVELAND,2023-09-17,2023,9,17,Fall,24,35.4,-97.6,355.0,163.0,188.0,4.0,0.0,0.0,0.0,143.0,74.0,52.0,0.0,0.0,152.0,203.0,0.0
Oklahoma City,OK,CLEVELAND,2023-09-21,2023,9,21,Fall,3,35.4,-97.5,355.0,163.0,188.0,4.0,0.0,0.0,0.0,143.0,74.0,52.0,0.0,0.0,152.0,203.0,0.0
Oklahoma City,OK,CLEVELAND,2023-09-22,2023,9,22,Fall,36,35.5,-97.5,355.0,163.0,188.0,4.0,0.0,0.0,0.0,143.0,74.0,52.0,0.0,0.0,152.0,203.0,0.0
Oklahoma City,OK,CLEVELAND,2023-09-23,2023,9,23,Fall,3,35.5,-97.6,355.0,163.0,188.0,4.0,0.0,0.0,0.0,143.0,74.0,52.0,0.0,0.0,152.0,203.0,0.0
Oklahoma City,OK,CLEVELAND,2023-09-25,2023,9,25,Fall,111,35.6,-97.6,355.0,163.0,188.0,4.0,0.0,0.0,0.0,143.0,74.0,52.0,0.0,0.0,152.0,203.0,0.0
Oklahoma City,OK,CLEVELAND,2023-09-26,2023,9,26,Fall,57,35.5,-97.5,355.0,163.0,188.0,4.0,0.0,0.0,0.0,143.0,74.0,52.0,0.0,0.0,152.0,203.0,0.0
Oklahoma City,OK,CLEVELAND,2023-09-27,2023,9,27,Fall,36,35.4,-97.5,355.0,163.0,188.0,4.0,0.0,0.0,0.0,143.0,74.0,52.0,0.0,0.0,152.0,203.0,0.0
Oklahoma City,OK,CLEVELAND,2023-09-28,2023,9,28,Fall,3,35.5,-97.5,355.0,163.0,188.0,4.0,0.0,0.0,0.0,143.0,74.0,52.0,0.0,0.0,152.0,203.0,0.0
Oklahoma City,OK,CLEVELAND,2023-09-29,2023,9,29,Fall,3,35.6,-97.5,355.0,163.0,188.0,4.0,0.0,0.0,0.0,143.0,74.0,52.0,0.0,0.0,152.0,203.0,0.0
Oklahoma City,OK,CLEVELAND,2023-09-30,2023,9,30,Fall,30,35.6,-97.6,355.0,163.0,188.0,4.0,0.0,0.0,0.0,143.0,74.0,52.0,0.0,0.0,152.0,203.0,0.0
Oklahoma City,OK,CLEVELAND,2023-10-01,2023,10,1,Fall,96,35.5,-97.6,355.0,163.0,188.0,4.0,0.0,0.0,0.0,143.0,74.0,52.0,0.0,0.0,152.0,203.0,0.0
Oklahoma City,OK,CLEVELAND,2023-10-03,2023,10,3,Fall,3,35.6,-97.7,355.0,163.0,188.0,4.0,0.0,0.0,0.0,143.0,74.0,52.0,0.0,0.0,152.0,203.0,0.0
Oklahoma City,OK,CLEVELAND,2023-10-04,2023,10,4,Fall,6,35.4,-97.5,355.0,163.0,188.0,4.0,0.0,0.0,0.0,143.0,74.0,52.0,0.0,0.0,152.0,203.0,0.0
Oklahoma City,OK,CLEVELAND,2023-10-05,2023,10,5,Fall,51,35.5,-97.6,355.0,163.0,188.0,4.0,0.0,0.0,0.0,143.0,74.0,52.0,0.0,0.0,152.0,203.0,0.0
Oklahoma City,OK,CLEVELAND,2023-10-07,2023,10,7,Fall,6,35.5,-97.6,355.0,163.0,188.0,4.0,0.0,0.0,0.0,143.0,74.0,52.0,0.0,0.0,152.0,203.0,0.0
Oklahoma City,OK,CLEVELAND,2023-10-12,2023,10,12,Fall,3,35.6,-97.6,355.0,163.0,188.0,4.0,0.0,0.0,0.0,143.0,74.0,52.0,0.0,0.0,152.0,203.0,0.0
Oklahoma City,OK,CLEVELAND,2023-11-12,2023,11,12,Fall,3,35.5,-97.5,355.0,163.0,188.0,4.0,0.0,0.0,0.0,143.0,74.0,52.0,0.0,0.0,152.0,203.0,0.0
Oklahoma City,OK,OKLAHOMA,2023-04-03,2023,4,3,Spring,17,35.5,-97.6,365.0,150.0,210.0,5.0,0.0,0.0,0.0,136.0,74.0,53.0,0.0,12.0,140.0,208.0,5.0
Oklahoma City,OK,OKLAHOMA,2023-04-07,2023,4,7,Spring,17,35.5,-97.5,365.0,150.0,210.0,5.0,0.0,0.0,0.0,136.0,74.0,53.0,0.0,12.0,140.0,208.0,5.0
Oklahoma City,OK,OKLAHOMA,2023-04-08,2023,4,8,Spring,34,35.5,-97.6,365.0,150.0,210.0,5.0,0.0,0.0,0.0,136.0,74.0,53.0,0.0,12.0,140.0,208.0,5.0
Oklahoma City,OK,OKLAHOMA,2023-04-17,2023,4,17,Spring,17,35.5,-97.5,365.0,150.0,210.0,5.0,0.0,0.0,0.0,136.0,74.0,53.0,0.0,12.0,140.0,208.0,5.0
Oklahoma City,OK,OKLAHOMA,2023-04-18,2023,4,18,Spring,51,35.5,-97.5,365.0,150.0,210.0,5.0,0.0,0.0,0.0,136.0,74.0,53.0,0.0,12.0,140.0,208.0,5.0
Oklahoma City,OK,OKLAHOMA,2023-04-20,2023,4,20,Spring,51,35.5,-97.6,365.0,150.0,210.0,5.0,0.0,0.0,0.0,136.0,74.0,53.0,0.0,12.0,140.0,208.0,5.0
Oklahoma City,OK,OKLAHOMA,2023-05-03,2023,5,3,Spring,17,35.5,-97.5,365.0,150.0,210.0,5.0,0.0,0.0,0.0,136.0,74.0,53.0,0.0,12.0,140.0,208.0,5.0
Oklahoma City,OK,OKLAHOMA,2023-05-05,2023,5,5,Spring,34,35.5,-97.5,365.0,150.0,210.0,5.0,0.0,0.0,0.0,136.0,74.0,53.0,0.0,12.0,140.0,208.0,5.0
Oklahoma City,OK,OKLAHOMA,2023-05-07,2023,5,7,Spring,17,35.5,-97.6,365.0,150.0,210.0,5.0,0.0,0.0,0.0,136.0,74.0,53.0,0.0,12.0,140.0,208.0,5.0
Oklahoma City,OK,OKLAHOMA,2023-05-08,2023,5,8,Spring,17,35.5,-97.5,365.0,150.0,210.0,5.0,0.0,0.0,0.0,136.0,74.0,53.0,0.0,12.0,140.0,208.0,5.0
Oklahoma City,OK,OKLAHOMA,2023-05-17,2023,5,17,Spring,17,35.5,-97.5,365.0,150.0,210.0,5.0,0.0,0.0,0.0,136.0,74.0,53.0,0.0,12.0,140.0,208.0,5.0
Oklahoma City,OK,OKLAHOMA,2023-05-22,2023,5,22,Spring,34,35.5,-97.6,365.0,150.0,210.0,5.0,0.0,0.0,0.0,136.0,74.0,53.0,0.0,12.0,140.0,208.0,5.0
Oklahoma City,OK,OKLAHOMA,2023-05-28,2023,5,28,Spring,34,35.5,-97.6,365.0,150.0,210.0,5.0,0.0,0.0,0.0,136.0,74.0,53.0,0.0,12.0,140.0,208.0,5.0
Oklahoma City,OK,OKLAHOMA,2023-07-06,2023,7,6,Summer,17,35.5,-97.5,365.0,150.0,210.0,5.0,0.0,0.0,0.0,136.0,74.0,53.0,0.0,12.0,140.0,208.0,5.0
Oklahoma City,OK,OKLAHOMA,2023-07-22,2023,7,22,Summer,17,35.6,-97.5,365.0,150.0,210.0,5.0,0.0,0.0,0.0,136.0,74.0,53.0,0.0,12.0,140.0,208.0,5.0
Oklahoma City,OK,OKLAHOMA,2023-08-04,2023,8,4,Summer,17,35.6,-97.5,365.0,150.0,210.0,5.0,0.0,0.0,0.0,136.0,74.0,53.0,0.0,12.0,140.0,208.0,5.0
Oklahoma City,OK,OKLAHOMA,2023-08-11,2023,8,11,Summer,17,35.5,-97.6,365.0,150.0,210.0,5.0,0.0,0.0,0.0,136.0,74.0,53.0,0.0,12.0,140.0,208.0,5.0
Oklahoma City,OK,OKLAHOMA,2023-08-15,2023,8,15,Summer,68,35.5,-97.6,365.0,150.0,210.0,5.0,0.0,0.0,0.0,136.0,74.0,53.0,0.0,12.0,140.0,208.0,5.0
Oklahoma City,OK,OKLAHOMA,2023-08-17,2023,8,17,Summer,34,35.5,-97.5,365.0,150.0,210.0,5.0,0.0,0.0,0.0,136.0,74.0,53.0,0.0,12.0,140.0,208.0,5.0
Oklahoma City,OK,OKLAHOMA,2023-08-20,2023,8,20,Summer,34,35.6,-97.5,365.0,150.0,210.0,5.0,0.0,0.0,0.0,136.0,74.0,53.0,0.0,12.0,140.0,208.0,5.0
Oklahoma City,OK,OKLAHOMA,2023-08-23,2023,8,23,Summer,34,35.6,-97.5,365.0,150.0,210.0,5.0,0.0,0.0,0.0,136.0,74.0,53.0,0.0,12.0,140.0,208.0,5.0
Oklahoma City,OK,OKLAHOMA,2023-08-28,2023,8,28,Summer,17,35.5,-97.6,365.0,150.0,210.0,5.0,0.0,0.0,0.0,136.0,74.0,53.0,0.0,12.0,140.0,208.0,5.0
Oklahoma City,OK,OKLAHOMA,2023-08-29,2023,8,29,Summer,34,35.5,-97.6,365.0,150.0,210.0,5.0,0.0,0.0,0.0,136.0,74.0,53.0,0.0,12.0,140.0,208.0,5.0
Oklahoma City,OK,OKLAHOMA,2023-08-30,2023,8,30,Summer,34,35.5,-97.5,365.0,150.0,210.0,5.0,0.0,0.0,0.0,136.0,74.0,53.0,0.0,12.0,140.0,208.0,5.0
Oklahoma City,OK,OKLAHOMA,2023-08-31,2023,8,31,Summer,51,35.5,-97.6,365.0,150.0,210.0,5.0,0.0,0.0,0.0,136.0,74.0,53.0,0.0,12.0,140.0,208.0,5.0
Oklahoma City,OK,OKLAHOMA,2023-09-01,2023,9,1,Fall,34,35.5,-97.6,365.0,150.0,210.0,5.0,0.0,0.0,0.0,136.0,74.0,53.0,0.0,12.0,140.0,208.0,5.0
Oklahoma City,OK,OKLAHOMA,2023-09-03,2023,9,3,Fall,68,35.5,-97.5,365.0,150.0,210.0,5.0,0.0,0.0,0.0,136.0,74.0,53.0,0.0,12.0,140.0,208.0,5.0
Oklahoma City,OK,OKLAHOMA,2023-09-04,2023,9,4,Fall,36507221999,35.5,-97.5,365.0,150.0,210.0,5.0,0.0,0.0,0.0,136.0,74.0,53.0,0.0,12.0,140.0,208.0,5.0
Oklahoma City,OK,OKLAHOMA,2023-09-05,2023,9,5,Fall,17,35.5,-97.5,365.0,150.0,210.0,5.0,0.0,0.0,0.0,136.0,74.0,53.0,0.0,12.0,140.0,208.0,5.0
Oklahoma City,OK,OKLAHOMA,2023-09-07,2023,9,7,Fall,17,35.4,-97.4,365.0,150.0,210.0,5.0,0.0,0.0,0.0,136.0,74.0,53.0,0.0,12.0,140.0,208.0,5.0
Oklahoma City,OK,OKLAHOMA,2023-09-08,2023,9,8,Fall,17,35.5,-97.6,365.0,150.0,210.0,5.0,0.0,0.0,0.0,136.0,74.0,53.0,0.0,12.0,140.0,208.0,5.0
Oklahoma City,OK,OKLAHOMA,2023-09-10,2023,9,10,Fall,17,35.5,-97.5,365.0,150.0,210.0,5.0,0.0,0.0,0.0,136.0,74.0,53.0,0.0,12.0,140.0,208.0,5.0
Oklahoma City,OK,OKLAHOMA,2023-09-15,2023,9,15,Fall,17,35.4,-97.5,365.0,150.0,210.0,5.0,0.0,0.0,0.0,136.0,74.0,53.0,0.0,12.0,140.0,208.0,5.0
Oklahoma City,OK,OKLAHOMA,2023-09-16,2023,9,16,Fall,51,35.5,-97.5,365.0,150.0,210.0,5.0,0.0,0.0,0.0,136.0,74.0,53.0,0.0,12.0,140.0,208.0,5.0
Oklahoma City,OK,OKLAHOMA,2023-09-17,2023,9,17,Fall,136,35.4,-97.6,365.0,150.0,210.0,5.0,0.0,0.0,0.0,136.0,74.0,53.0,0.0,12.0,140.0,208.0,5.0
Oklahoma City,OK,OKLAHOMA,2023-09-21,2023,9,21,Fall,17,35.4,-97.5,365.0,150.0,210.0,5.0,0.0,0.0,0.0,136.0,74.0,53.0,0.0,12.0,140.0,208.0,5.0
Oklahoma City,OK,OKLAHOMA,2023-09-22,2023,9,22,Fall,204,35.5,-97.5,365.0,150.0,210.0,5.0,0.0,0.0,0.0,136.0,74.0,53.0,0.0,12.0,140.0,208.0,5.0
Oklahoma City,OK,OKLAHOMA,2023-09-23,2023,9,23,Fall,17,35.5,-97.6,365.0,150.0,210.0,5.0,0.0,0.0,0.0,136.0,74.0,53.0,0.0,12.0,140.0,208.0,5.0
Oklahoma City,OK,OKLAHOMA,2023-09-25,2023,9,25,Fall,629,35.5,-97.6,365.0,150.0,210.0,5.0,0.0,0.0,0.0,136.0,74.0,53.0,0.0,12.0,140.0,208.0,5.0
Oklahoma City,OK,OKLAHOMA,2023-09-26,2023,9,26,Fall,323,35.5,-97.5,365.0,150.0,210.0,5.0,0.0,0.0,0.0,136.0,74.0,53.0,0.0,12.0,140.0,208.0,5.0
Oklahoma City,OK,OKLAHOMA,2023-09-27,2023,9,27,Fall,204,35.4,-97.5,365.0,150.0,210.0,5.0,0.0,0.0,0.0,136.0,74.0,53.0,0.0,12.0,140.0,208.0,5.0
Oklahoma City,OK,OKLAHOMA,2023-09-28,2023,9,28,Fall,17,35.5,-97.5,365.0,150.0,210.0,5.0,0.0,0.0,0.0,136.0,74.0,53.0,0.0,12.0,140.0,208.0,5.0
Oklahoma City,OK,OKLAHOMA,2023-09-29,2023,9,29,Fall,17,35.6,-97.5,365.0,150.0,210.0,5.0,0.0,0.0,0.0,136.0,74.0,53.0,0.0,12.0,140.0,208.0,5.0
Oklahoma City,OK,OKLAHOMA,2023-09-30,2023,9,30,Fall,170,35.6,-97.6,365.0,150.0,210.0,5.0,0.0,0.0,0.0,136.0,74.0,53.0,0.0,12.0,140.0,208.0,5.0
Oklahoma City,OK,OKLAHOMA,2023-10-01,2023,10,1,Fall,544,35.5,-97.6,365.0,150.0,210.0,5.0,0.0,0.0,0.0,136.0,74.0,53.0,0.0,12.0,140.0,208.0,5.0
Oklahoma City,OK,OKLAHOMA,2023-10-03,2023,10,3,Fall,17,35.6,-97.7,365.0,150.0,210.0,5.0,0.0,0.0,0.0,136.0,74.0,53.0,0.0,12.0,140.0,208.0,5.0
Oklahoma City,OK,OKLAHOMA,2023-10-04,2023,10,4,Fall,34,35.5,-97.5,365.0,150.0,210.0,5.0,0.0,0.0,0.0,136.0,74.0,53.0,0.0,12.0,140.0,208.0,5.0
Oklahoma City,OK,OKLAHOMA,2023-10-05,2023,10,5,Fall,289,35.5,-97.6,365.0,150.0,210.0,5.0,0.0,0.0,0.0,136.0,74.0,53.0,0.0,12.0,140.0,208.0,5.0
Oklahoma City,OK,OKLAHOMA,2023-10-07,2023,10,7,Fall,34,35.5,-97.6,365.0,150.0,210.0,5.0,0.0,0.0,0.0,136.0,74.0,53.0,0.0,12.0,140.0,208.0,5.0
Oklahoma City,OK,OKLAHOMA,2023-10-12,2023,10,12,Fall,17,35.6,-97.6,365.0,150.0,210.0,5.0,0.0,0.0,0.0,136.0,74.0,53.0,0.0,12.0,140.0,208.0,5.0
Oklahoma City,OK,OKLAHOMA,2023-11-12,2023,11,12,Fall,17,35.5,-97.5,365.0,150.0,210.0,5.0,0.0,0.0,0.0,136.0,74.0,53.0,0.0,12.0,140.0,208.0,5.0
Olathe,KS,JOHNSON,2023-08-02,2023,8,2,Summer,3,38.8,-94.8,365.0,189.0,166.0,7.0,3.0,0.0,0.0,165.0,70.0,49.0,0.0,0.0,148.0,210.0,7.0
Olathe,KS,JOHNSON,2023-08-05,2023,8,5,Summer,3,38.9,-94.9,365.0,189.0,166.0,7.0,3.0,0.0,0.0,165.0,70.0,49.0,0.0,0.0,148.0,210.0,7.0
Olathe,KS,JOHNSON,2023-08-12,2023,8,12,Summer,3,38.9,-94.8,365.0,189.0,166.0,7.0,3.0,0.0,0.0,165.0,70.0,49.0,0.0,0.0,148.0,210.0,7.0
Olathe,KS,JOHNSON,2023-08-16,2023,8,16,Summer,3,38.9,-94.7,365.0,189.0,166.0,7.0,3.0,0.0,0.0,165.0,70.0,49.0,0.0,0.0,148.0,210.0,7.0
Olathe,KS,JOHNSON,2023-08-21,2023,8,21,Summer,3,38.9,-94.8,365.0,189.0,166.0,7.0,3.0,0.0,0.0,165.0,70.0,49.0,0.0,0.0,148.0,210.0,7.0
Olathe,KS,JOHNSON,2023-08-29,2023,8,29,Summer,6,38.8,-94.8,365.0,189.0,166.0,7.0,3.0,0.0,0.0,165.0,70.0,49.0,0.0,0.0,148.0,210.0,7.0
Olathe,KS,JOHNSON,2023-09-10,2023,9,10,Fall,3,38.9,-94.8,365.0,189.0,166.0,7.0,3.0,0.0,0.0,165.0,70.0,49.0,0.0,0.0,148.0,210.0,7.0
Olathe,KS,JOHNSON,2023-10-12,2023,10,12,Fall,9,38.9,-94.9,365.0,189.0,166.0,7.0,3.0,0.0,0.0,165.0,70.0,49.0,0.0,0.0,148.0,210.0,7.0
Old Lyme,CT,NEW LONDON,2023-10-27,2023,10,27,Fall,3,41.3,-72.3,363.0,258.0,95.0,7.0,3.0,0.0,0.0,166.0,61.0,41.0,0.0,0.0,137.0,226.0,0.0
Oldsmar,FL,PINELLAS,2023-11-13,2023,11,13,Fall,1,28.0,-82.7,365.0,217.0,145.0,3.0,0.0,0.0,0.0,113.0,62.0,47.0,0.0,0.0,125.0,237.0,3.0
Olive Branch,MS,DESOTO,2023-08-31,2023,8,31,Summer,2,35.0,-89.8,360.0,122.0,231.0,7.0,0.0,0.0,0.0,139.0,76.0,54.0,0.0,0.0,74.0,286.0,0.0
Olive Branch,MS,DESOTO,2023-10-27,2023,10,27,Fall,10,34.9,-89.8,360.0,122.0,231.0,7.0,0.0,0.0,0.0,139.0,76.0,54.0,0.0,0.0,74.0,286.0,0.0
Olmsted Falls,OH,CUYAHOGA,2023-08-03,2023,8,3,Summer,3,41.4,-81.9,365.0,117.0,235.0,9.0,3.0,1.0,0.0,234.0,83.0,57.0,2.0,0.0,83.0,276.0,4.0
Omaha,NE,DOUGLAS,2023-04-27,2023,4,27,Spring,57,41.3,-95.9,365.0,211.0,130.0,22.0,2.0,0.0,0.0,169.0,91.0,45.0,0.0,0.0,221.0,143.0,1.0
Omaha,NE,DOUGLAS,2023-05-08,2023,5,8,Spring,38,41.2,-96.1,365.0,211.0,130.0,22.0,2.0,0.0,0.0,169.0,91.0,45.0,0.0,0.0,221.0,143.0,1.0
Omaha,NE,DOUGLAS,2023-05-11,2023,5,11,Spring,19,41.2,-96.0,365.0,211.0,130.0,22.0,2.0,0.0,0.0,169.0,91.0,45.0,0.0,0.0,221.0,143.0,1.0
Omaha,NE,DOUGLAS,2023-05-15,2023,5,15,Spring,19,41.2,-96.2,365.0,211.0,130.0,22.0,2.0,0.0,0.0,169.0,91.0,45.0,0.0,0.0,221.0,143.0,1.0
Omaha,NE,DOUGLAS,2023-06-14,2023,6,14,Summer,57,41.2,-96.2,365.0,211.0,130.0,22.0,2.0,0.0,0.0,169.0,91.0,45.0,0.0,0.0,221.0,143.0,1.0
Omaha,NE,DOUGLAS,2023-06-24,2023,6,24,Summer,19,41.2,-96.2,365.0,211.0,130.0,22.0,2.0,0.0,0.0,169.0,91.0,45.0,0.0,0.0,221.0,143.0,1.0
Omaha,NE,DOUGLAS,2023-06-26,2023,6,26,Summer,19,41.2,-96.2,365.0,211.0,130.0,22.0,2.0,0.0,0.0,169.0,91.0,45.0,0.0,0.0,221.0,143.0,1.0
Omaha,NE,DOUGLAS,2023-07-08,2023,7,8,Summer,57,41.2,-96.2,365.0,211.0,130.0,22.0,2.0,0.0,0.0,169.0,91.0,45.0,0.0,0.0,221.0,143.0,1.0
Omaha,NE,DOUGLAS,2023-07-31,2023,7,31,Summer,19,41.2,-96.2,365.0,211.0,130.0,22.0,2.0,0.0,0.0,169.0,91.0,45.0,0.0,0.0,221.0,143.0,1.0
Omaha,NE,DOUGLAS,2023-08-02,2023,8,2,Summer,19,41.2,-96.2,365.0,211.0,130.0,22.0,2.0,0.0,0.0,169.0,91.0,45.0,0.0,0.0,221.0,143.0,1.0
Omaha,NE,DOUGLAS,2023-08-03,2023,8,3,Summer,19,41.2,-96.2,365.0,211.0,130.0,22.0,2.0,0.0,0.0,169.0,91.0,45.0,0.0,0.0,221.0,143.0,1.0
Omaha,NE,DOUGLAS,2023-08-05,2023,8,5,Summer,38,41.2,-96.2,365.0,211.0,130.0,22.0,2.0,0.0,0.0,169.0,91.0,45.0,0.0,0.0,221.0,143.0,1.0
Omaha,NE,DOUGLAS,2023-08-10,2023,8,10,Summer,57,41.2,-96.2,365.0,211.0,130.0,22.0,2.0,0.0,0.0,169.0,91.0,45.0,0.0,0.0,221.0,143.0,1.0
Omaha,NE,DOUGLAS,2023-08-11,2023,8,11,Summer,19,41.3,-96.0,365.0,211.0,130.0,22.0,2.0,0.0,0.0,169.0,91.0,45.0,0.0,0.0,221.0,143.0,1.0
Omaha,NE,DOUGLAS,2023-08-14,2023,8,14,Summer,57,41.2,-96.2,365.0,211.0,130.0,22.0,2.0,0.0,0.0,169.0,91.0,45.0,0.0,0.0,221.0,143.0,1.0
Omaha,NE,DOUGLAS,2023-08-16,2023,8,16,Summer,38,41.3,-95.9,365.0,211.0,130.0,22.0,2.0,0.0,0.0,169.0,91.0,45.0,0.0,0.0,221.0,143.0,1.0
Omaha,NE,DOUGLAS,2023-08-17,2023,8,17,Summer,38,41.2,-96.2,365.0,211.0,130.0,22.0,2.0,0.0,0.0,169.0,91.0,45.0,0.0,0.0,221.0,143.0,1.0
Omaha,NE,DOUGLAS,2023-08-22,2023,8,22,Summer,19,41.2,-95.9,365.0,211.0,130.0,22.0,2.0,0.0,0.0,169.0,91.0,45.0,0.0,0.0,221.0,143.0,1.0
Omaha,NE,DOUGLAS,2023-09-02,2023,9,2,Fall,95,41.2,-96.1,365.0,211.0,130.0,22.0,2.0,0.0,0.0,169.0,91.0,45.0,0.0,0.0,221.0,143.0,1.0
Omaha,NE,DOUGLAS,2023-09-03,2023,9,3,Fall,57,41.2,-96.0,365.0,211.0,130.0,22.0,2.0,0.0,0.0,169.0,91.0,45.0,0.0,0.0,221.0,143.0,1.0
Omaha,NE,DOUGLAS,2023-09-06,2023,9,6,Fall,19,41.3,-96.2,365.0,211.0,130.0,22.0,2.0,0.0,0.0,169.0,91.0,45.0,0.0,0.0,221.0,143.0,1.0
Omaha,NE,DOUGLAS,2023-09-07,2023,9,7,Fall,38,41.2,-96.1,365.0,211.0,130.0,22.0,2.0,0.0,0.0,169.0,91.0,45.0,0.0,0.0,221.0,143.0,1.0
Omaha,NE,DOUGLAS,2023-09-08,2023,9,8,Fall,76,41.3,-96.2,365.0,211.0,130.0,22.0,2.0,0.0,0.0,169.0,91.0,45.0,0.0,0.0,221.0,143.0,1.0
Omaha,NE,DOUGLAS,2023-09-09,2023,9,9,Fall,95,41.2,-96.2,365.0,211.0,130.0,22.0,2.0,0.0,0.0,169.0,91.0,45.0,0.0,0.0,221.0,143.0,1.0
Omaha,NE,DOUGLAS,2023-09-10,2023,9,10,Fall,247,41.3,-96.0,365.0,211.0,130.0,22.0,2.0,0.0,0.0,169.0,91.0,45.0,0.0,0.0,221.0,143.0,1.0
Omaha,NE,DOUGLAS,2023-09-11,2023,9,11,Fall,76,41.3,-96.0,365.0,211.0,130.0,22.0,2.0,0.0,0.0,169.0,91.0,45.0,0.0,0.0,221.0,143.0,1.0
Omaha,NE,DOUGLAS,2023-09-12,2023,9,12,Fall,475,41.2,-96.0,365.0,211.0,130.0,22.0,2.0,0.0,0.0,169.0,91.0,45.0,0.0,0.0,221.0,143.0,1.0
Omaha,NE,DOUGLAS,2023-09-15,2023,9,15,Fall,76,41.2,-96.2,365.0,211.0,130.0,22.0,2.0,0.0,0.0,169.0,91.0,45.0,0.0,0.0,221.0,143.0,1.0
Omaha,NE,DOUGLAS,2023-09-21,2023,9,21,Fall,152,41.2,-96.2,365.0,211.0,130.0,22.0,2.0,0.0,0.0,169.0,91.0,45.0,0.0,0.0,221.0,143.0,1.0
Omaha,NE,DOUGLAS,2023-09-25,2023,9,25,Fall,228,41.2,-96.2,365.0,211.0,130.0,22.0,2.0,0.0,0.0,169.0,91.0,45.0,0.0,0.0,221.0,143.0,1.0
Omaha,NE,DOUGLAS,2023-09-27,2023,9,27,Fall,19,41.2,-96.1,365.0,211.0,130.0,22.0,2.0,0.0,0.0,169.0,91.0,45.0,0.0,0.0,221.0,143.0,1.0
Omaha,NE,DOUGLAS,2023-09-29,2023,9,29,Fall,38,41.2,-96.2,365.0,211.0,130.0,22.0,2.0,0.0,0.0,169.0,91.0,45.0,0.0,0.0,221.0,143.0,1.0
Omaha,NE,DOUGLAS,2023-10-10,2023,10,10,Fall,19,41.3,-95.9,365.0,211.0,130.0,22.0,2.0,0.0,0.0,169.0,91.0,45.0,0.0,0.0,221.0,143.0,1.0
Omaha,NE,DOUGLAS,2023-10-11,2023,10,11,Fall,19,41.2,-96.2,365.0,211.0,130.0,22.0,2.0,0.0,0.0,169.0,91.0,45.0,0.0,0.0,221.0,143.0,1.0
Omaha,NE,DOUGLAS,2023-10-17,2023,10,17,Fall,19,41.2,-96.2,365.0,211.0,130.0,22.0,2.0,0.0,0.0,169.0,91.0,45.0,0.0,0.0,221.0,143.0,1.0
Omaha,NE,SARPY,2023-04-27,2023,4,27,Spring,12,41.3,-95.9,330.0,230.0,98.0,1.0,1.0,0.0,0.0,152.0,59.0,37.0,0.0,0.0,0.0,330.0,0.0
Omaha,NE,SARPY,2023-05-08,2023,5,8,Spring,8,41.2,-96.1,330.0,230.0,98.0,1.0,1.0,0.0,0.0,152.0,59.0,37.0,0.0,0.0,0.0,330.0,0.0
Omaha,NE,SARPY,2023-05-11,2023,5,11,Spring,4,41.2,-96.0,330.0,230.0,98.0,1.0,1.0,0.0,0.0,152.0,59.0,37.0,0.0,0.0,0.0,330.0,0.0
Omaha,NE,SARPY,2023-05-15,2023,5,15,Spring,4,41.2,-96.2,330.0,230.0,98.0,1.0,1.0,0.0,0.0,152.0,59.0,37.0,0.0,0.0,0.0,330.0,0.0
Omaha,NE,SARPY,2023-06-14,2023,6,14,Summer,12,41.2,-96.2,330.0,230.0,98.0,1.0,1.0,0.0,0.0,152.0,59.0,37.0,0.0,0.0,0.0,330.0,0.0
Omaha,NE,SARPY,2023-06-24,2023,6,24,Summer,4,41.2,-96.2,330.0,230.0,98.0,1.0,1.0,0.0,0.0,152.0,59.0,37.0,0.0,0.0,0.0,330.0,0.0
Omaha,NE,SARPY,2023-06-26,2023,6,26,Summer,4,41.2,-96.2,330.0,230.0,98.0,1.0,1.0,0.0,0.0,152.0,59.0,37.0,0.0,0.0,0.0,330.0,0.0
Omaha,NE,SARPY,2023-07-08,2023,7,8,Summer,12,41.2,-96.2,330.0,230.0,98.0,1.0,1.0,0.0,0.0,152.0,59.0,37.0,0.0,0.0,0.0,330.0,0.0
Omaha,NE,SARPY,2023-07-31,2023,7,31,Summer,4,41.2,-96.2,330.0,230.0,98.0,1.0,1.0,0.0,0.0,152.0,59.0,37.0,0.0,0.0,0.0,330.0,0.0
Omaha,NE,SARPY,2023-08-02,2023,8,2,Summer,4,41.2,-96.2,330.0,230.0,98.0,1.0,1.0,0.0,0.0,152.0,59.0,37.0,0.0,0.0,0.0,330.0,0.0
Omaha,NE,SARPY,2023-08-03,2023,8,3,Summer,4,41.2,-96.2,330.0,230.0,98.0,1.0,1.0,0.0,0.0,152.0,59.0,37.0,0.0,0.0,0.0,330.0,0.0
Omaha,NE,SARPY,2023-08-05,2023,8,5,Summer,8,41.2,-96.2,330.0,230.0,98.0,1.0,1.0,0.0,0.0,152.0,59.0,37.0,0.0,0.0,0.0,330.0,0.0
Omaha,NE,SARPY,2023-08-10,2023,8,10,Summer,12,41.2,-96.2,330.0,230.0,98.0,1.0,1.0,0.0,0.0,152.0,59.0,37.0,0.0,0.0,0.0,330.0,0.0
Omaha,NE,SARPY,2023-08-11,2023,8,11,Summer,4,41.3,-96.0,330.0,230.0,98.0,1.0,1.0,0.0,0.0,152.0,59.0,37.0,0.0,0.0,0.0,330.0,0.0
Omaha,NE,SARPY,2023-08-14,2023,8,14,Summer,12,41.2,-96.2,330.0,230.0,98.0,1.0,1.0,0.0,0.0,152.0,59.0,37.0,0.0,0.0,0.0,330.0,0.0
Omaha,NE,SARPY,2023-08-16,2023,8,16,Summer,8,41.3,-95.9,330.0,230.0,98.0,1.0,1.0,0.0,0.0,152.0,59.0,37.0,0.0,0.0,0.0,330.0,0.0
Omaha,NE,SARPY,2023-08-17,2023,8,17,Summer,8,41.2,-96.2,330.0,230.0,98.0,1.0,1.0,0.0,0.0,152.0,59.0,37.0,0.0,0.0,0.0,330.0,0.0
Omaha,NE,SARPY,2023-08-22,2023,8,22,Summer,4,41.2,-95.9,330.0,230.0,98.0,1.0,1.0,0.0,0.0,152.0,59.0,37.0,0.0,0.0,0.0,330.0,0.0
Omaha,NE,SARPY,2023-09-02,2023,9,2,Fall,20,41.2,-96.1,330.0,230.0,98.0,1.0,1.0,0.0,0.0,152.0,59.0,37.0,0.0,0.0,0.0,330.0,0.0
Omaha,NE,SARPY,2023-09-03,2023,9,3,Fall,12,41.2,-96.0,330.0,230.0,98.0,1.0,1.0,0.0,0.0,152.0,59.0,37.0,0.0,0.0,0.0,330.0,0.0
Omaha,NE,SARPY,2023-09-06,2023,9,6,Fall,4,41.3,-96.2,330.0,230.0,98.0,1.0,1.0,0.0,0.0,152.0,59.0,37.0,0.0,0.0,0.0,330.0,0.0
Omaha,NE,SARPY,2023-09-07,2023,9,7,Fall,8,41.3,-96.1,330.0,230.0,98.0,1.0,1.0,0.0,0.0,152.0,59.0,37.0,0.0,0.0,0.0,330.0,0.0
Omaha,NE,SARPY,2023-09-08,2023,9,8,Fall,16,41.3,-96.0,330.0,230.0,98.0,1.0,1.0,0.0,0.0,152.0,59.0,37.0,0.0,0.0,0.0,330.0,0.0
Omaha,NE,SARPY,2023-09-09,2023,9,9,Fall,20,41.2,-96.2,330.0,230.0,98.0,1.0,1.0,0.0,0.0,152.0,59.0,37.0,0.0,0.0,0.0,330.0,0.0
Omaha,NE,SARPY,2023-09-10,2023,9,10,Fall,52,41.2,-95.9,330.0,230.0,98.0,1.0,1.0,0.0,0.0,152.0,59.0,37.0,0.0,0.0,0.0,330.0,0.0
Omaha,NE,SARPY,2023-09-11,2023,9,11,Fall,16,41.3,-96.0,330.0,230.0,98.0,1.0,1.0,0.0,0.0,152.0,59.0,37.0,0.0,0.0,0.0,330.0,0.0
Omaha,NE,SARPY,2023-09-12,2023,9,12,Fall,100,41.2,-96.2,330.0,230.0,98.0,1.0,1.0,0.0,0.0,152.0,59.0,37.0,0.0,0.0,0.0,330.0,0.0
Omaha,NE,SARPY,2023-09-15,2023,9,15,Fall,16,41.2,-96.2,330.0,230.0,98.0,1.0,1.0,0.0,0.0,152.0,59.0,37.0,0.0,0.0,0.0,330.0,0.0
Omaha,NE,SARPY,2023-09-21,2023,9,21,Fall,32,41.2,-96.2,330.0,230.0,98.0,1.0,1.0,0.0,0.0,152.0,59.0,37.0,0.0,0.0,0.0,330.0,0.0
Omaha,NE,SARPY,2023-09-25,2023,9,25,Fall,48,41.2,-96.2,330.0,230.0,98.0,1.0,1.0,0.0,0.0,152.0,59.0,37.0,0.0,0.0,0.0,330.0,0.0
Omaha,NE,SARPY,2023-09-27,2023,9,27,Fall,4,41.2,-96.1,330.0,230.0,98.0,1.0,1.0,0.0,0.0,152.0,59.0,37.0,0.0,0.0,0.0,330.0,0.0
Omaha,NE,SARPY,2023-09-29,2023,9,29,Fall,8,41.2,-96.2,330.0,230.0,98.0,1.0,1.0,0.0,0.0,152.0,59.0,37.0,0.0,0.0,0.0,330.0,0.0
Omaha,NE,SARPY,2023-10-10,2023,10,10,Fall,4,41.3,-95.9,330.0,230.0,98.0,1.0,1.0,0.0,0.0,152.0,59.0,37.0,0.0,0.0,0.0,330.0,0.0
Omaha,NE,SARPY,2023-10-11,2023,10,11,Fall,4,41.2,-96.2,330.0,230.0,98.0,1.0,1.0,0.0,0.0,152.0,59.0,37.0,0.0,0.0,0.0,330.0,0.0
Omaha,NE,SARPY,2023-10-17,2023,10,17,Fall,4,41.2,-96.2,330.0,230.0,98.0,1.0,1.0,0.0,0.0,152.0,59.0,37.0,0.0,0.0,0.0,330.0,0.0
Ooltewah,TN,HAMILTON,2023-04-02,2023,4,2,Spring,2,35.1,-85.1,365.0,175.0,187.0,3.0,0.0,0.0,0.0,137.0,71.0,51.0,0.0,0.0,107.0,258.0,0.0
Ooltewah,TN,HAMILTON,2023-04-06,2023,4,6,Spring,2,35.1,-85.1,365.0,175.0,187.0,3.0,0.0,0.0,0.0,137.0,71.0,51.0,0.0,0.0,107.0,258.0,0.0
Ooltewah,TN,HAMILTON,2023-04-12,2023,4,12,Spring,2,35.1,-85.1,365.0,175.0,187.0,3.0,0.0,0.0,0.0,137.0,71.0,51.0,0.0,0.0,107.0,258.0,0.0
Ooltewah,TN,HAMILTON,2023-05-08,2023,5,8,Spring,2,35.1,-85.1,365.0,175.0,187.0,3.0,0.0,0.0,0.0,137.0,71.0,51.0,0.0,0.0,107.0,258.0,0.0
Ooltewah,TN,HAMILTON,2023-08-30,2023,8,30,Summer,2,35.1,-85.1,365.0,175.0,187.0,3.0,0.0,0.0,0.0,137.0,71.0,51.0,0.0,0.0,107.0,258.0,0.0
Ooltewah,TN,HAMILTON,2023-09-12,2023,9,12,Fall,2,35.1,-85.1,365.0,175.0,187.0,3.0,0.0,0.0,0.0,137.0,71.0,51.0,0.0,0.0,107.0,258.0,0.0
Ooltewah,TN,HAMILTON,2023-09-24,2023,9,24,Fall,2,35.1,-85.1,365.0,175.0,187.0,3.0,0.0,0.0,0.0,137.0,71.0,51.0,0.0,0.0,107.0,258.0,0.0
Ooltewah,TN,HAMILTON,2023-09-27,2023,9,27,Fall,4,35.1,-85.1,365.0,175.0,187.0,3.0,0.0,0.0,0.0,137.0,71.0,51.0,0.0,0.0,107.0,258.0,0.0
Ooltewah,TN,HAMILTON,2023-10-14,2023,10,14,Fall,2,35.1,-85.1,365.0,175.0,187.0,3.0,0.0,0.0,0.0,137.0,71.0,51.0,0.0,0.0,107.0,258.0,0.0
Orange,CA,ORANGE,2023-10-30,2023,10,30,Fall,2,33.8,-117.9,365.0,160.0,195.0,9.0,1.0,0.0,0.0,166.0,77.0,52.0,0.0,14.0,142.0,204.0,5.0
Orange,MA,FRANKLIN,2023-08-07,2023,8,7,Summer,8,42.6,-72.3,365.0,246.0,113.0,5.0,1.0,0.0,0.0,154.0,61.0,43.0,0.0,0.0,139.0,226.0,0.0
Orange,TX,ORANGE,2023-11-17,2023,11,17,Fall,6,30.1,-93.9,365.0,213.0,151.0,1.0,0.0,0.0,0.0,101.0,63.0,46.0,0.0,3.0,127.0,235.0,0.0
Orange Beach,AL,BALDWIN,2023-03-04,2023,3,4,Spring,2,30.3,-87.6,347.0,236.0,111.0,0.0,0.0,0.0,0.0,90.0,60.0,43.0,0.0,0.0,108.0,239.0,0.0
Orange Beach,AL,BALDWIN,2023-03-05,2023,3,5,Spring,100,30.3,-87.6,347.0,236.0,111.0,0.0,0.0,0.0,0.0,90.0,60.0,43.0,0.0,0.0,108.0,239.0,0.0
Orange Beach,AL,BALDWIN,2023-03-14,2023,3,14,Spring,1,30.3,-87.6,347.0,236.0,111.0,0.0,0.0,0.0,0.0,90.0,60.0,43.0,0.0,0.0,108.0,239.0,0.0
Orange Beach,AL,BALDWIN,2023-09-24,2023,9,24,Fall,3,30.3,-87.6,347.0,236.0,111.0,0.0,0.0,0.0,0.0,90.0,60.0,43.0,0.0,0.0,108.0,239.0,0.0
Orange Beach,AL,BALDWIN,2023-09-30,2023,9,30,Fall,3,30.3,-87.6,347.0,236.0,111.0,0.0,0.0,0.0,0.0,90.0,60.0,43.0,0.0,0.0,108.0,239.0,0.0
Orange Beach,AL,BALDWIN,2023-10-04,2023,10,4,Fall,3,30.3,-87.6,347.0,236.0,111.0,0.0,0.0,0.0,0.0,90.0,60.0,43.0,0.0,0.0,108.0,239.0,0.0
Orange Beach,AL,BALDWIN,2023-10-07,2023,10,7,Fall,4,30.3,-87.6,347.0,236.0,111.0,0.0,0.0,0.0,0.0,90.0,60.0,43.0,0.0,0.0,108.0,239.0,0.0
Orange Beach,AL,BALDWIN,2023-10-30,2023,10,30,Fall,5,30.3,-87.6,347.0,236.0,111.0,0.0,0.0,0.0,0.0,90.0,60.0,43.0,0.0,0.0,108.0,239.0,0.0
Orange Beach,AL,BALDWIN,2023-11-25,2023,11,25,Fall,1,30.3,-87.6,347.0,236.0,111.0,0.0,0.0,0.0,0.0,90.0,60.0,43.0,0.0,0.0,108.0,239.0,0.0
Orange Park,FL,CLAY,2023-11-25,2023,11,25,Fall,2,30.1,-81.7,,,,,,,,,,,,,,,
Orange Park,FL,CLAY,2023-12-19,2023,12,19,Winter,2,30.1,-81.7,,,,,,,,,,,,,,,
Oregon,WI,DANE,2023-08-16,2023,8,16,Summer,24,42.9,-89.4,365.0,184.0,157.0,20.0,1.0,3.0,0.0,268.0,80.0,50.0,0.0,0.0,105.0,260.0,0.0
Oreland,PA,MONTGOMERY,2023-09-08,2023,9,8,Fall,1,40.1,-75.2,365.0,232.0,127.0,1.0,3.0,2.0,0.0,284.0,67.0,44.0,0.0,0.0,144.0,221.0,0.0
Orlando,FL,BREVARD,2023-01-10,2023,1,10,Winter,3,28.6,-81.5,365.0,279.0,85.0,1.0,0.0,0.0,0.0,130.0,58.0,43.0,0.0,0.0,222.0,143.0,0.0
Orlando,FL,BREVARD,2023-02-25,2023,2,25,Winter,3,28.5,-81.5,365.0,279.0,85.0,1.0,0.0,0.0,0.0,130.0,58.0,43.0,0.0,0.0,222.0,143.0,0.0
Orlando,FL,BREVARD,2023-03-07,2023,3,7,Spring,15,28.6,-81.5,365.0,279.0,85.0,1.0,0.0,0.0,0.0,130.0,58.0,43.0,0.0,0.0,222.0,143.0,0.0
Orlando,FL,BREVARD,2023-05-13,2023,5,13,Spring,3,28.4,-81.4,365.0,279.0,85.0,1.0,0.0,0.0,0.0,130.0,58.0,43.0,0.0,0.0,222.0,143.0,0.0
Orlando,FL,BREVARD,2023-05-14,2023,5,14,Spring,6,28.4,-81.4,365.0,279.0,85.0,1.0,0.0,0.0,0.0,130.0,58.0,43.0,0.0,0.0,222.0,143.0,0.0
Orlando,FL,BREVARD,2023-06-19,2023,6,19,Summer,6,28.5,-81.4,365.0,279.0,85.0,1.0,0.0,0.0,0.0,130.0,58.0,43.0,0.0,0.0,222.0,143.0,0.0
Orlando,FL,BREVARD,2023-08-15,2023,8,15,Summer,6,28.6,-81.3,365.0,279.0,85.0,1.0,0.0,0.0,0.0,130.0,58.0,43.0,0.0,0.0,222.0,143.0,0.0
Orlando,FL,ORANGE,2023-01-10,2023,1,10,Winter,23,28.6,-81.5,365.0,267.0,96.0,2.0,0.0,0.0,0.0,115.0,62.0,43.0,0.0,2.0,196.0,167.0,0.0
Orlando,FL,ORANGE,2023-02-25,2023,2,25,Winter,23,28.5,-81.5,365.0,267.0,96.0,2.0,0.0,0.0,0.0,115.0,62.0,43.0,0.0,2.0,196.0,167.0,0.0
Orlando,FL,ORANGE,2023-03-07,2023,3,7,Spring,115,28.6,-81.5,365.0,267.0,96.0,2.0,0.0,0.0,0.0,115.0,62.0,43.0,0.0,2.0,196.0,167.0,0.0
Orlando,FL,ORANGE,2023-05-13,2023,5,13,Spring,23,28.4,-81.4,365.0,267.0,96.0,2.0,0.0,0.0,0.0,115.0,62.0,43.0,0.0,2.0,196.0,167.0,0.0
Orlando,FL,ORANGE,2023-05-14,2023,5,14,Spring,46,28.4,-81.4,365.0,267.0,96.0,2.0,0.0,0.0,0.0,115.0,62.0,43.0,0.0,2.0,196.0,167.0,0.0
Orlando,FL,ORANGE,2023-06-19,2023,6,19,Summer,46,28.5,-81.4,365.0,267.0,96.0,2.0,0.0,0.0,0.0,115.0,62.0,43.0,0.0,2.0,196.0,167.0,0.0
Orlando,FL,ORANGE,2023-08-15,2023,8,15,Summer,46,28.6,-81.3,365.0,267.0,96.0,2.0,0.0,0.0,0.0,115.0,62.0,43.0,0.0,2.0,196.0,167.0,0.0
Orrville,OH,WAYNE,2023-08-11,2023,8,11,Summer,3,40.9,-81.8,,,,,,,,,,,,,,,
Osage Beach,MO,CAMDEN,2023-09-29,2023,9,29,Fall,6,38.1,-92.7,,,,,,,,,,,,,,,
Osceola,WI,POLK,2023-09-20,2023,9,20,Fall,3,45.3,-92.6,,,,,,,,,,,,,,,
Ossining,NY,WESTCHESTER,2023-08-03,2023,8,3,Summer,3,41.2,-73.9,365.0,287.0,71.0,4.0,3.0,0.0,0.0,198.0,58.0,39.0,0.0,0.0,221.0,144.0,0.0
Ossipee,NH,CARROLL,2023-09-07,2023,9,7,Fall,1,43.7,-71.1,,,,,,,,,,,,,,,
Ossipee,NH,CARROLL,2023-09-14,2023,9,14,Fall,1,43.7,-71.1,,,,,,,,,,,,,,,
Oswego,NY,OSWEGO,2023-08-31,2023,8,31,Summer,48,43.5,-76.3,356.0,341.0,14.0,1.0,0.0,0.0,0.0,105.0,44.0,33.0,0.0,0.0,356.0,0.0,0.0
Ottawa Lake,MI,MONROE,2023-10-06,2023,10,6,Fall,8,41.8,-83.7,65.0,59.0,6.0,0.0,0.0,0.0,0.0,82.0,45.0,25.0,0.0,0.0,0.0,0.0,65.0
Overland Park,KS,JOHNSON,2023-05-07,2023,5,7,Spring,12,38.9,-94.7,365.0,189.0,166.0,7.0,3.0,0.0,0.0,165.0,70.0,49.0,0.0,0.0,148.0,210.0,7.0
Overland Park,KS,JOHNSON,2023-06-26,2023,6,26,Summer,12,38.9,-94.7,365.0,189.0,166.0,7.0,3.0,0.0,0.0,165.0,70.0,49.0,0.0,0.0,148.0,210.0,7.0
Overland Park,KS,JOHNSON,2023-08-03,2023,8,3,Summer,12,38.9,-94.7,365.0,189.0,166.0,7.0,3.0,0.0,0.0,165.0,70.0,49.0,0.0,0.0,148.0,210.0,7.0
Overland Park,KS,JOHNSON,2023-08-18,2023,8,18,Summer,48,39.0,-94.7,365.0,189.0,166.0,7.0,3.0,0.0,0.0,165.0,70.0,49.0,0.0,0.0,148.0,210.0,7.0
Overland Park,KS,JOHNSON,2023-08-22,2023,8,22,Summer,48,39.0,-94.7,365.0,189.0,166.0,7.0,3.0,0.0,0.0,165.0,70.0,49.0,0.0,0.0,148.0,210.0,7.0
Overland Park,KS,JOHNSON,2023-08-29,2023,8,29,Summer,12,38.9,-94.7,365.0,189.0,166.0,7.0,3.0,0.0,0.0,165.0,70.0,49.0,0.0,0.0,148.0,210.0,7.0
Overland Park,KS,JOHNSON,2023-09-01,2023,9,1,Fall,36,39.0,-94.7,365.0,189.0,166.0,7.0,3.0,0.0,0.0,165.0,70.0,49.0,0.0,0.0,148.0,210.0,7.0
Overland Park,KS,JOHNSON,2023-09-21,2023,9,21,Fall,60,38.9,-94.7,365.0,189.0,166.0,7.0,3.0,0.0,0.0,165.0,70.0,49.0,0.0,0.0,148.0,210.0,7.0
Overland Park,KS,JOHNSON,2023-10-17,2023,10,17,Fall,12,38.9,-94.7,365.0,189.0,166.0,7.0,3.0,0.0,0.0,165.0,70.0,49.0,0.0,0.0,148.0,210.0,7.0
Overland Park,KS,JOHNSON,2023-10-18,2023,10,18,Fall,12,38.9,-94.7,365.0,189.0,166.0,7.0,3.0,0.0,0.0,165.0,70.0,49.0,0.0,0.0,148.0,210.0,7.0
Overland Park,KS,JOHNSON,2023-10-26,2023,10,26,Fall,24,39.0,-94.7,365.0,189.0,166.0,7.0,3.0,0.0,0.0,165.0,70.0,49.0,0.0,0.0,148.0,210.0,7.0
Owasso,OK,TULSA,2023-09-23,2023,9,23,Fall,10,36.3,-95.8,365.0,142.0,205.0,16.0,2.0,0.0,0.0,197.0,77.0,53.0,0.0,0.0,154.0,204.0,7.0
Owasso,OK,TULSA,2023-09-25,2023,9,25,Fall,4,36.3,-95.9,365.0,142.0,205.0,16.0,2.0,0.0,0.0,197.0,77.0,53.0,0.0,0.0,154.0,204.0,7.0
Owasso,OK,TULSA,2023-09-26,2023,9,26,Fall,10,36.3,-95.9,365.0,142.0,205.0,16.0,2.0,0.0,0.0,197.0,77.0,53.0,0.0,0.0,154.0,204.0,7.0
Owasso,OK,TULSA,2023-09-27,2023,9,27,Fall,8,36.3,-95.9,365.0,142.0,205.0,16.0,2.0,0.0,0.0,197.0,77.0,53.0,0.0,0.0,154.0,204.0,7.0
Owasso,OK,TULSA,2023-10-01,2023,10,1,Fall,6,36.3,-95.9,365.0,142.0,205.0,16.0,2.0,0.0,0.0,197.0,77.0,53.0,0.0,0.0,154.0,204.0,7.0
Owasso,OK,TULSA,2023-10-05,2023,10,5,Fall,4,36.3,-95.9,365.0,142.0,205.0,16.0,2.0,0.0,0.0,197.0,77.0,53.0,0.0,0.0,154.0,204.0,7.0
Oxford,MS,LAFAYETTE,2023-10-28,2023,10,28,Fall,9,34.3,-89.5,,,,,,,,,,,,,,,
Oxford,OH,BUTLER,2023-08-18,2023,8,18,Summer,12,39.5,-84.8,365.0,107.0,242.0,12.0,4.0,0.0,0.0,197.0,80.0,56.0,0.0,0.0,71.0,287.0,7.0
Oxford,OH,BUTLER,2023-09-19,2023,9,19,Fall,12,39.5,-84.8,365.0,107.0,242.0,12.0,4.0,0.0,0.0,197.0,80.0,56.0,0.0,0.0,71.0,287.0,7.0
Oxford,OH,BUTLER,2023-10-26,2023,10,26,Fall,6,39.5,-84.8,365.0,107.0,242.0,12.0,4.0,0.0,0.0,197.0,80.0,56.0,0.0,0.0,71.0,287.0,7.0
Oxnard,CA,VENTURA,2023-03-18,2023,3,18,Spring,1,34.2,-119.2,365.0,220.0,133.0,12.0,0.0,0.0,0.0,136.0,80.0,46.0,0.0,0.0,239.0,121.0,5.0
Ozark,AR,FRANKLIN,2023-04-07,2023,4,7,Spring,2,35.4,-93.8,,,,,,,,,,,,,,,
Ozark,AR,FRANKLIN,2023-04-08,2023,4,8,Spring,2,35.4,-93.8,,,,,,,,,,,,,,,
Ozark,AR,FRANKLIN,2023-04-09,2023,4,9,Spring,3,35.6,-93.9,,,,,,,,,,,,,,,
Ozark,AR,FRANKLIN,2023-04-13,2023,4,13,Spring,3,35.4,-93.8,,,,,,,,,,,,,,,
Ozark,AR,FRANKLIN,2023-04-19,2023,4,19,Spring,1,35.4,-93.8,,,,,,,,,,,,,,,
Ozark,AR,FRANKLIN,2023-04-21,2023,4,21,Spring,4,35.4,-93.8,,,,,,,,,,,,,,,
Ozark,AR,FRANKLIN,2023-05-04,2023,5,4,Spring,3,35.4,-93.8,,,,,,,,,,,,,,,
Ozark,AR,FRANKLIN,2023-05-05,2023,5,5,Spring,2,35.4,-93.8,,,,,,,,,,,,,,,
Ozark,AR,FRANKLIN,2023-05-19,2023,5,19,Spring,3,35.4,-93.8,,,,,,,,,,,,,,,
Ozark,AR,FRANKLIN,2023-05-27,2023,5,27,Spring,2,35.4,-93.8,,,,,,,,,,,,,,,
Ozark,AR,FRANKLIN,2023-07-11,2023,7,11,Summer,1,35.4,-93.8,,,,,,,,,,,,,,,
Ozark,AR,FRANKLIN,2023-07-29,2023,7,29,Summer,1,35.4,-93.8,,,,,,,,,,,,,,,
Ozark,AR,FRANKLIN,2023-08-18,2023,8,18,Summer,2,35.4,-93.8,,,,,,,,,,,,,,,
Ozark,AR,FRANKLIN,2023-08-19,2023,8,19,Summer,1,35.4,-93.8,,,,,,,,,,,,,,,
Ozark,AR,FRANKLIN,2023-08-25,2023,8,25,Summer,1,35.4,-93.8,,,,,,,,,,,,,,,
Ozark,AR,FRANKLIN,2023-08-26,2023,8,26,Summer,1,35.4,-93.8,,,,,,,,,,,,,,,
Ozark,AR,FRANKLIN,2023-09-01,2023,9,1,Fall,1,35.4,-93.8,,,,,,,,,,,,,,,
Ozark,AR,FRANKLIN,2023-09-23,2023,9,23,Fall,1,35.4,-93.8,,,,,,,,,,,,,,,
Ozark,AR,FRANKLIN,2023-10-06,2023,10,6,Fall,18,35.4,-93.8,,,,,,,,,,,,,,,
Ozark,AR,FRANKLIN,2023-10-07,2023,10,7,Fall,4,35.4,-93.8,,,,,,,,,,,,,,,
Ozark,AR,FRANKLIN,2023-10-08,2023,10,8,Fall,4,35.4,-93.8,,,,,,,,,,,,,,,
Ozark,AR,FRANKLIN,2023-11-12,2023,11,12,Fall,1,35.4,-93.8,,,,,,,,,,,,,,,
Ozark,MO,CHRISTIAN,2023-09-17,2023,9,17,Fall,6,37.1,-93.2,,,,,,,,,,,,,,,
Ozark,MO,CHRISTIAN,2023-10-01,2023,10,1,Fall,4,37.1,-93.2,,,,,,,,,,,,,,,
Ozark,MO,CHRISTIAN,2023-10-08,2023,10,8,Fall,22,37.1,-93.2,,,,,,,,,,,,,,,
Pacific,MO,FRANKLIN,2023-09-18,2023,9,18,Fall,3,38.4,-90.7,,,,,,,,,,,,,,,
Pacific,MO,FRANKLIN,2023-10-04,2023,10,4,Fall,6,38.4,-90.7,,,,,,,,,,,,,,,
Pacific,MO,FRANKLIN,2023-10-27,2023,10,27,Fall,3,38.4,-90.7,,,,,,,,,,,,,,,
Pacific Grove,CA,MONTEREY,2023-01-08,2023,1,8,Winter,8000,36.6,-121.9,365.0,274.0,90.0,1.0,0.0,0.0,0.0,115.0,55.0,42.0,0.0,0.0,146.0,212.0,7.0
Paducah,KY,MCCRACKEN,2023-09-21,2023,9,21,Fall,12,37.1,-88.7,355.0,203.0,145.0,7.0,0.0,0.0,0.0,126.0,66.0,47.0,0.0,2.0,115.0,238.0,0.0
Paducah,KY,MCCRACKEN,2023-10-12,2023,10,12,Fall,12,37.1,-88.7,355.0,203.0,145.0,7.0,0.0,0.0,0.0,126.0,66.0,47.0,0.0,2.0,115.0,238.0,0.0
Painesville,OH,LAKE,2023-07-31,2023,7,31,Summer,24,41.8,-81.3,365.0,259.0,96.0,7.0,3.0,0.0,0.0,170.0,77.0,42.0,0.0,0.0,180.0,185.0,0.0
Painesville,OH,LAKE,2023-08-01,2023,8,1,Summer,16,41.7,-81.2,365.0,259.0,96.0,7.0,3.0,0.0,0.0,170.0,77.0,42.0,0.0,0.0,180.0,185.0,0.0
Painesville,OH,LAKE,2023-10-03,2023,10,3,Fall,4,41.7,-81.3,365.0,259.0,96.0,7.0,3.0,0.0,0.0,170.0,77.0,42.0,0.0,0.0,180.0,185.0,0.0
Palatine,IL,COOK,2023-07-26,2023,7,26,Summer,7,42.1,-88.0,365.0,104.0,227.0,27.0,5.0,2.0,0.0,223.0,93.0,57.0,0.0,8.0,97.0,252.0,8.0
Palatine,IL,COOK,2023-07-30,2023,7,30,Summer,7,42.1,-88.1,365.0,104.0,227.0,27.0,5.0,2.0,0.0,223.0,93.0,57.0,0.0,8.0,97.0,252.0,8.0
Palatine,IL,COOK,2023-08-05,2023,8,5,Summer,7,42.1,-88.0,365.0,104.0,227.0,27.0,5.0,2.0,0.0,223.0,93.0,57.0,0.0,8.0,97.0,252.0,8.0
Palatine,IL,COOK,2023-08-10,2023,8,10,Summer,7,42.1,-88.1,365.0,104.0,227.0,27.0,5.0,2.0,0.0,223.0,93.0,57.0,0.0,8.0,97.0,252.0,8.0
Palm Bay,FL,BREVARD,2023-12-09,2023,12,9,Winter,8,28.0,-80.7,365.0,279.0,85.0,1.0,0.0,0.0,0.0,130.0,58.0,43.0,0.0,0.0,222.0,143.0,0.0
Palm Beach,FL,PALM BEACH,2023-01-29,2023,1,29,Winter,6,26.7,-80.0,365.0,260.0,104.0,1.0,0.0,0.0,0.0,122.0,58.0,43.0,0.0,0.0,123.0,242.0,0.0
Palm Coast,FL,FLAGLER,2023-10-04,2023,10,4,Fall,2,29.6,-81.3,364.0,354.0,10.0,0.0,0.0,0.0,0.0,71.0,46.0,35.0,0.0,0.0,364.0,0.0,0.0
Palm Coast,FL,FLAGLER,2023-10-21,2023,10,21,Fall,1,29.6,-81.2,364.0,354.0,10.0,0.0,0.0,0.0,0.0,71.0,46.0,35.0,0.0,0.0,364.0,0.0,0.0
Palm Desert,CA,RIVERSIDE,2023-06-23,2023,6,23,Summer,3,33.7,-116.3,365.0,62.0,189.0,73.0,31.0,6.0,4.0,660.0,154.0,77.0,0.0,1.0,202.0,101.0,61.0
Palm Springs,CA,RIVERSIDE,2023-02-07,2023,2,7,Winter,12,33.9,-116.6,365.0,62.0,189.0,73.0,31.0,6.0,4.0,660.0,154.0,77.0,0.0,1.0,202.0,101.0,61.0
Palm Springs,CA,RIVERSIDE,2023-02-20,2023,2,20,Winter,4,33.8,-116.5,365.0,62.0,189.0,73.0,31.0,6.0,4.0,660.0,154.0,77.0,0.0,1.0,202.0,101.0,61.0
Palm Springs,CA,RIVERSIDE,2023-03-12,2023,3,12,Spring,4,33.8,-116.5,365.0,62.0,189.0,73.0,31.0,6.0,4.0,660.0,154.0,77.0,0.0,1.0,202.0,101.0,61.0
Palm Springs,CA,RIVERSIDE,2023-11-28,2023,11,28,Fall,48,33.8,-116.5,365.0,62.0,189.0,73.0,31.0,6.0,4.0,660.0,154.0,77.0,0.0,1.0,202.0,101.0,61.0
Palos Hills,IL,COOK,2023-06-21,2023,6,21,Summer,1,41.7,-87.8,365.0,104.0,227.0,27.0,5.0,2.0,0.0,223.0,93.0,57.0,0.0,8.0,97.0,252.0,8.0
Palos Park,IL,COOK,2023-07-03,2023,7,3,Summer,1,41.7,-87.8,365.0,104.0,227.0,27.0,5.0,2.0,0.0,223.0,93.0,57.0,0.0,8.0,97.0,252.0,8.0
Palos Park,IL,COOK,2023-07-08,2023,7,8,Summer,1,41.7,-87.8,365.0,104.0,227.0,27.0,5.0,2.0,0.0,223.0,93.0,57.0,0.0,8.0,97.0,252.0,8.0
Palos Park,IL,COOK,2023-07-09,2023,7,9,Summer,1,41.7,-87.8,365.0,104.0,227.0,27.0,5.0,2.0,0.0,223.0,93.0,57.0,0.0,8.0,97.0,252.0,8.0
Palos Park,IL,COOK,2023-08-16,2023,8,16,Summer,1,41.7,-87.9,365.0,104.0,227.0,27.0,5.0,2.0,0.0,223.0,93.0,57.0,0.0,8.0,97.0,252.0,8.0
Panacea,FL,WAKULLA,2023-02-04,2023,2,4,Winter,15,29.9,-84.4,365.0,272.0,93.0,0.0,0.0,0.0,0.0,80.0,58.0,39.0,3.0,0.0,125.0,237.0,0.0
Panama City,FL,BAY,2023-01-06,2023,1,6,Winter,24,30.2,-85.8,365.0,176.0,189.0,0.0,0.0,0.0,0.0,95.0,61.0,51.0,0.0,0.0,73.0,292.0,0.0
Panama City,FL,BAY,2023-10-30,2023,10,30,Fall,6,30.1,-85.6,365.0,176.0,189.0,0.0,0.0,0.0,0.0,95.0,61.0,51.0,0.0,0.0,73.0,292.0,0.0
Panama City Beach,FL,BAY,2023-05-10,2023,5,10,Spring,10,30.3,-86.0,365.0,176.0,189.0,0.0,0.0,0.0,0.0,95.0,61.0,51.0,0.0,0.0,73.0,292.0,0.0
Panama City Beach,FL,BAY,2023-09-15,2023,9,15,Fall,10,30.3,-86.0,365.0,176.0,189.0,0.0,0.0,0.0,0.0,95.0,61.0,51.0,0.0,0.0,73.0,292.0,0.0
Panama City Beach,FL,BAY,2023-10-17,2023,10,17,Fall,10,30.2,-85.8,365.0,176.0,189.0,0.0,0.0,0.0,0.0,95.0,61.0,51.0,0.0,0.0,73.0,292.0,0.0
Panama City Beach,FL,BAY,2023-11-12,2023,11,12,Fall,10,30.3,-86.0,365.0,176.0,189.0,0.0,0.0,0.0,0.0,95.0,61.0,51.0,0.0,0.0,73.0,292.0,0.0
Paoli,IN,ORANGE,2023-09-29,2023,9,29,Fall,7,38.6,-86.5,,,,,,,,,,,,,,,
Paoli,PA,CHESTER,2023-09-22,2023,9,22,Fall,1,40.0,-75.5,361.0,220.0,134.0,3.0,2.0,2.0,0.0,248.0,66.0,45.0,0.0,0.0,126.0,235.0,0.0
Papillion,NE,SARPY,2023-08-05,2023,8,5,Summer,2,41.1,-96.0,330.0,230.0,98.0,1.0,1.0,0.0,0.0,152.0,59.0,37.0,0.0,0.0,0.0,330.0,0.0
Papillion,NE,SARPY,2023-08-10,2023,8,10,Summer,2,41.1,-96.0,330.0,230.0,98.0,1.0,1.0,0.0,0.0,152.0,59.0,37.0,0.0,0.0,0.0,330.0,0.0
Papillion,NE,SARPY,2023-08-14,2023,8,14,Summer,4,41.1,-96.0,330.0,230.0,98.0,1.0,1.0,0.0,0.0,152.0,59.0,37.0,0.0,0.0,0.0,330.0,0.0
Papillion,NE,SARPY,2023-08-16,2023,8,16,Summer,4,41.1,-96.0,330.0,230.0,98.0,1.0,1.0,0.0,0.0,152.0,59.0,37.0,0.0,0.0,0.0,330.0,0.0
Papillion,NE,SARPY,2023-09-08,2023,9,8,Fall,6,41.1,-96.0,330.0,230.0,98.0,1.0,1.0,0.0,0.0,152.0,59.0,37.0,0.0,0.0,0.0,330.0,0.0
Papillion,NE,SARPY,2023-09-10,2023,9,10,Fall,8,41.2,-96.0,330.0,230.0,98.0,1.0,1.0,0.0,0.0,152.0,59.0,37.0,0.0,0.0,0.0,330.0,0.0
Papillion,NE,SARPY,2023-09-12,2023,9,12,Fall,6,41.2,-96.1,330.0,230.0,98.0,1.0,1.0,0.0,0.0,152.0,59.0,37.0,0.0,0.0,0.0,330.0,0.0
Papillion,NE,SARPY,2023-09-14,2023,9,14,Fall,4,41.1,-96.1,330.0,230.0,98.0,1.0,1.0,0.0,0.0,152.0,59.0,37.0,0.0,0.0,0.0,330.0,0.0
Papillion,NE,SARPY,2023-09-28,2023,9,28,Fall,2,41.1,-96.0,330.0,230.0,98.0,1.0,1.0,0.0,0.0,152.0,59.0,37.0,0.0,0.0,0.0,330.0,0.0
Paramus,NJ,BERGEN,2023-08-02,2023,8,2,Summer,1,40.9,-74.1,365.0,204.0,152.0,5.0,4.0,0.0,0.0,197.0,69.0,48.0,0.0,29.0,91.0,245.0,0.0
Paramus,NJ,BERGEN,2023-08-04,2023,8,4,Summer,1,40.9,-74.1,365.0,204.0,152.0,5.0,4.0,0.0,0.0,197.0,69.0,48.0,0.0,29.0,91.0,245.0,0.0
Paramus,NJ,BERGEN,2023-08-06,2023,8,6,Summer,1,40.9,-74.1,365.0,204.0,152.0,5.0,4.0,0.0,0.0,197.0,69.0,48.0,0.0,29.0,91.0,245.0,0.0
Paramus,NJ,BERGEN,2023-08-12,2023,8,12,Summer,1,40.9,-74.1,365.0,204.0,152.0,5.0,4.0,0.0,0.0,197.0,69.0,48.0,0.0,29.0,91.0,245.0,0.0
Paramus,NJ,BERGEN,2023-08-13,2023,8,13,Summer,1,40.9,-74.1,365.0,204.0,152.0,5.0,4.0,0.0,0.0,197.0,69.0,48.0,0.0,29.0,91.0,245.0,0.0
Parker,CO,DOUGLAS,2023-09-23,2023,9,23,Fall,1,39.5,-104.7,364.0,200.0,149.0,14.0,1.0,0.0,0.0,177.0,84.0,49.0,0.0,0.0,316.0,48.0,0.0
Parker,KS,LINN,2023-10-03,2023,10,3,Fall,2,38.3,-95.0,,,,,,,,,,,,,,,
Parkersburg,WV,WOOD,2023-10-19,2023,10,19,Fall,7,39.3,-81.5,269.0,213.0,53.0,2.0,1.0,0.0,0.0,166.0,61.0,41.0,0.0,0.0,191.0,78.0,0.0
Parkton,MD,BALTIMORE,2023-08-18,2023,8,18,Summer,3,39.6,-76.7,365.0,228.0,124.0,9.0,3.0,1.0,0.0,205.0,71.0,45.0,0.0,7.0,231.0,127.0,0.0
Parkville,MD,BALTIMORE,2023-08-21,2023,8,21,Summer,2,39.4,-76.5,365.0,228.0,124.0,9.0,3.0,1.0,0.0,205.0,71.0,45.0,0.0,7.0,231.0,127.0,0.0
Parrish,FL,MANATEE,2023-12-26,2023,12,26,Winter,8,27.6,-82.5,362.0,338.0,24.0,0.0,0.0,0.0,0.0,90.0,48.0,35.0,0.0,0.0,362.0,0.0,0.0
Parsons,WV,TUCKER,2023-07-29,2023,7,29,Summer,2,39.1,-79.7,363.0,331.0,32.0,0.0,0.0,0.0,0.0,91.0,49.0,36.0,0.0,0.0,348.0,15.0,0.0
Parsons,WV,TUCKER,2023-08-05,2023,8,5,Summer,4,39.1,-79.7,363.0,331.0,32.0,0.0,0.0,0.0,0.0,91.0,49.0,36.0,0.0,0.0,348.0,15.0,0.0
Pasadena,CA,LOS ANGELES,2023-02-04,2023,2,4,Winter,13,34.1,-118.1,365.0,41.0,237.0,52.0,32.0,3.0,0.0,210.0,147.0,67.0,0.0,5.0,150.0,203.0,7.0
Pasadena,CA,LOS ANGELES,2023-07-08,2023,7,8,Summer,13,34.1,-118.1,365.0,41.0,237.0,52.0,32.0,3.0,0.0,210.0,147.0,67.0,0.0,5.0,150.0,203.0,7.0
Pasadena,CA,LOS ANGELES,2023-07-09,2023,7,9,Summer,26,34.1,-118.1,365.0,41.0,237.0,52.0,32.0,3.0,0.0,210.0,147.0,67.0,0.0,5.0,150.0,203.0,7.0
Pasadena,CA,LOS ANGELES,2023-07-10,2023,7,10,Summer,13,34.1,-118.1,365.0,41.0,237.0,52.0,32.0,3.0,0.0,210.0,147.0,67.0,0.0,5.0,150.0,203.0,7.0
Pascagoula,MS,JACKSON,2023-01-09,2023,1,9,Winter,11,30.4,-88.6,364.0,176.0,186.0,2.0,0.0,0.0,0.0,108.0,67.0,51.0,0.0,0.0,77.0,287.0,0.0
Pasco,WA,FRANKLIN,2023-10-06,2023,10,6,Fall,2,46.2,-119.2,307.0,270.0,32.0,2.0,0.0,3.0,0.0,255.0,52.0,26.0,0.0,0.0,0.0,307.0,0.0
Pass Christian,MS,HARRISON,2023-02-26,2023,2,26,Winter,4,30.3,-89.2,361.0,166.0,193.0,2.0,0.0,0.0,0.0,105.0,68.0,51.0,0.0,0.0,102.0,259.0,0.0
Pass Christian,MS,HARRISON,2023-06-22,2023,6,22,Summer,4,30.3,-89.2,361.0,166.0,193.0,2.0,0.0,0.0,0.0,105.0,68.0,51.0,0.0,0.0,102.0,259.0,0.0
Pass Christian,MS,HARRISON,2023-07-20,2023,7,20,Summer,8,30.3,-89.2,361.0,166.0,193.0,2.0,0.0,0.0,0.0,105.0,68.0,51.0,0.0,0.0,102.0,259.0,0.0
Pass Christian,MS,HARRISON,2023-07-21,2023,7,21,Summer,4,30.3,-89.2,361.0,166.0,193.0,2.0,0.0,0.0,0.0,105.0,68.0,51.0,0.0,0.0,102.0,259.0,0.0
Pass Christian,MS,HARRISON,2023-07-24,2023,7,24,Summer,4,30.4,-89.3,361.0,166.0,193.0,2.0,0.0,0.0,0.0,105.0,68.0,51.0,0.0,0.0,102.0,259.0,0.0
Pass Christian,MS,HARRISON,2023-08-03,2023,8,3,Summer,4,30.3,-89.2,361.0,166.0,193.0,2.0,0.0,0.0,0.0,105.0,68.0,51.0,0.0,0.0,102.0,259.0,0.0
Pass Christian,MS,HARRISON,2023-08-15,2023,8,15,Summer,4,30.3,-89.2,361.0,166.0,193.0,2.0,0.0,0.0,0.0,105.0,68.0,51.0,0.0,0.0,102.0,259.0,0.0
Pass Christian,MS,HARRISON,2023-08-19,2023,8,19,Summer,4,30.3,-89.2,361.0,166.0,193.0,2.0,0.0,0.0,0.0,105.0,68.0,51.0,0.0,0.0,102.0,259.0,0.0
Pass Christian,MS,HARRISON,2023-08-21,2023,8,21,Summer,8,30.3,-89.2,361.0,166.0,193.0,2.0,0.0,0.0,0.0,105.0,68.0,51.0,0.0,0.0,102.0,259.0,0.0
Pass Christian,MS,HARRISON,2023-08-23,2023,8,23,Summer,8,30.3,-89.2,361.0,166.0,193.0,2.0,0.0,0.0,0.0,105.0,68.0,51.0,0.0,0.0,102.0,259.0,0.0
Pass Christian,MS,HARRISON,2023-08-26,2023,8,26,Summer,4,30.3,-89.2,361.0,166.0,193.0,2.0,0.0,0.0,0.0,105.0,68.0,51.0,0.0,0.0,102.0,259.0,0.0
Pass Christian,MS,HARRISON,2023-08-27,2023,8,27,Summer,4,30.3,-89.2,361.0,166.0,193.0,2.0,0.0,0.0,0.0,105.0,68.0,51.0,0.0,0.0,102.0,259.0,0.0
Pass Christian,MS,HARRISON,2023-08-30,2023,8,30,Summer,8,30.3,-89.2,361.0,166.0,193.0,2.0,0.0,0.0,0.0,105.0,68.0,51.0,0.0,0.0,102.0,259.0,0.0
Pass Christian,MS,HARRISON,2023-08-31,2023,8,31,Summer,4,30.3,-89.2,361.0,166.0,193.0,2.0,0.0,0.0,0.0,105.0,68.0,51.0,0.0,0.0,102.0,259.0,0.0
Pass Christian,MS,HARRISON,2023-09-01,2023,9,1,Fall,8,30.4,-89.3,361.0,166.0,193.0,2.0,0.0,0.0,0.0,105.0,68.0,51.0,0.0,0.0,102.0,259.0,0.0
Pass Christian,MS,HARRISON,2023-09-03,2023,9,3,Fall,4,30.3,-89.2,361.0,166.0,193.0,2.0,0.0,0.0,0.0,105.0,68.0,51.0,0.0,0.0,102.0,259.0,0.0
Pass Christian,MS,HARRISON,2023-09-05,2023,9,5,Fall,4,30.3,-89.2,361.0,166.0,193.0,2.0,0.0,0.0,0.0,105.0,68.0,51.0,0.0,0.0,102.0,259.0,0.0
Pass Christian,MS,HARRISON,2023-09-06,2023,9,6,Fall,4,30.3,-89.2,361.0,166.0,193.0,2.0,0.0,0.0,0.0,105.0,68.0,51.0,0.0,0.0,102.0,259.0,0.0
Pass Christian,MS,HARRISON,2023-09-07,2023,9,7,Fall,8,30.3,-89.2,361.0,166.0,193.0,2.0,0.0,0.0,0.0,105.0,68.0,51.0,0.0,0.0,102.0,259.0,0.0
Pass Christian,MS,HARRISON,2023-09-08,2023,9,8,Fall,24,30.3,-89.2,361.0,166.0,193.0,2.0,0.0,0.0,0.0,105.0,68.0,51.0,0.0,0.0,102.0,259.0,0.0
Pass Christian,MS,HARRISON,2023-09-10,2023,9,10,Fall,16,30.3,-89.2,361.0,166.0,193.0,2.0,0.0,0.0,0.0,105.0,68.0,51.0,0.0,0.0,102.0,259.0,0.0
Pass Christian,MS,HARRISON,2023-09-11,2023,9,11,Fall,8,30.3,-89.2,361.0,166.0,193.0,2.0,0.0,0.0,0.0,105.0,68.0,51.0,0.0,0.0,102.0,259.0,0.0
Pass Christian,MS,HARRISON,2023-09-14,2023,9,14,Fall,20,30.3,-89.2,361.0,166.0,193.0,2.0,0.0,0.0,0.0,105.0,68.0,51.0,0.0,0.0,102.0,259.0,0.0
Pass Christian,MS,HARRISON,2023-09-15,2023,9,15,Fall,12,30.3,-89.2,361.0,166.0,193.0,2.0,0.0,0.0,0.0,105.0,68.0,51.0,0.0,0.0,102.0,259.0,0.0
Pass Christian,MS,HARRISON,2023-10-16,2023,10,16,Fall,4,30.4,-89.3,361.0,166.0,193.0,2.0,0.0,0.0,0.0,105.0,68.0,51.0,0.0,0.0,102.0,259.0,0.0
Pass Christian,MS,HARRISON,2023-11-04,2023,11,4,Fall,200,30.3,-89.3,361.0,166.0,193.0,2.0,0.0,0.0,0.0,105.0,68.0,51.0,0.0,0.0,102.0,259.0,0.0
Pass Christian,MS,HARRISON,2023-11-06,2023,11,6,Fall,4,30.4,-89.3,361.0,166.0,193.0,2.0,0.0,0.0,0.0,105.0,68.0,51.0,0.0,0.0,102.0,259.0,0.0
Pass Christian,MS,HARRISON,2023-11-20,2023,11,20,Fall,28,30.3,-89.2,361.0,166.0,193.0,2.0,0.0,0.0,0.0,105.0,68.0,51.0,0.0,0.0,102.0,259.0,0.0
Paul Smiths,NY,FRANKLIN,2023-08-28,2023,8,28,Summer,1,44.4,-74.3,,,,,,,,,,,,,,,
Paw Paw,WV,MORGAN,2023-10-26,2023,10,26,Fall,2,39.5,-78.5,,,,,,,,,,,,,,,
Pawtucket,RI,PROVIDENCE,2023-08-02,2023,8,2,Summer,2,41.9,-71.4,365.0,217.0,144.0,4.0,0.0,0.0,0.0,125.0,63.0,46.0,0.0,2.0,123.0,240.0,0.0
Pawtucket,RI,PROVIDENCE,2023-08-26,2023,8,26,Summer,2,41.9,-71.4,365.0,217.0,144.0,4.0,0.0,0.0,0.0,125.0,63.0,46.0,0.0,2.0,123.0,240.0,0.0
Payson,AZ,GILA,2023-09-18,2023,9,18,Fall,2,34.3,-111.3,365.0,232.0,121.0,11.0,1.0,0.0,0.0,154.0,84.0,46.0,0.0,0.0,347.0,2.0,16.0
Peabody,KS,MARION,2023-04-21,2023,4,21,Spring,1,38.2,-97.1,,,,,,,,,,,,,,,
Peabody,KS,MARION,2023-04-23,2023,4,23,Spring,5,38.2,-97.1,,,,,,,,,,,,,,,
Peabody,KS,MARION,2023-05-01,2023,5,1,Spring,2,38.2,-97.1,,,,,,,,,,,,,,,
Peabody,KS,MARION,2023-05-03,2023,5,3,Spring,1,38.2,-97.1,,,,,,,,,,,,,,,
Peabody,KS,MARION,2023-08-16,2023,8,16,Summer,1,38.2,-97.1,,,,,,,,,,,,,,,
Peabody,KS,MARION,2023-08-18,2023,8,18,Summer,2,38.2,-97.1,,,,,,,,,,,,,,,
Peabody,KS,MARION,2023-09-26,2023,9,26,Fall,1,38.2,-97.1,,,,,,,,,,,,,,,
Peabody,KS,MARION,2023-09-28,2023,9,28,Fall,1,38.2,-97.1,,,,,,,,,,,,,,,
Peabody,KS,MARION,2023-10-02,2023,10,2,Fall,3,38.2,-97.1,,,,,,,,,,,,,,,
Peabody,MA,ESSEX,2023-09-08,2023,9,8,Fall,2,42.5,-70.9,365.0,243.0,120.0,2.0,0.0,0.0,0.0,105.0,60.0,44.0,0.0,1.0,160.0,204.0,0.0
Pearland,TX,BRAZORIA,2023-09-21,2023,9,21,Fall,3,29.5,-95.4,365.0,301.0,47.0,16.0,1.0,0.0,0.0,156.0,67.0,36.0,0.0,7.0,336.0,22.0,0.0
Pearland,TX,BRAZORIA,2023-10-21,2023,10,21,Fall,6,29.5,-95.3,365.0,301.0,47.0,16.0,1.0,0.0,0.0,156.0,67.0,36.0,0.0,7.0,336.0,22.0,0.0
Pearland,TX,BRAZORIA,2023-12-31,2023,12,31,Winter,12,29.5,-95.4,365.0,301.0,47.0,16.0,1.0,0.0,0.0,156.0,67.0,36.0,0.0,7.0,336.0,22.0,0.0
Peebles,OH,ADAMS,2023-08-26,2023,8,26,Summer,1,39.0,-83.3,,,,,,,,,,,,,,,
Pembroke Pines,FL,BROWARD,2023-08-05,2023,8,5,Summer,5,26.0,-80.3,365.0,158.0,204.0,3.0,0.0,0.0,0.0,109.0,66.0,52.0,0.0,5.0,72.0,288.0,0.0
Penfield,NY,MONROE,2023-07-31,2023,7,31,Summer,2,43.2,-77.5,365.0,237.0,120.0,3.0,5.0,0.0,0.0,176.0,64.0,42.0,0.0,0.0,128.0,237.0,0.0
Penfield,NY,MONROE,2023-08-01,2023,8,1,Summer,1,43.2,-77.5,365.0,237.0,120.0,3.0,5.0,0.0,0.0,176.0,64.0,42.0,0.0,0.0,128.0,237.0,0.0
Penfield,NY,MONROE,2023-08-04,2023,8,4,Summer,1,43.2,-77.5,365.0,237.0,120.0,3.0,5.0,0.0,0.0,176.0,64.0,42.0,0.0,0.0,128.0,237.0,0.0
Penfield,NY,MONROE,2023-08-26,2023,8,26,Summer,9,43.1,-77.5,365.0,237.0,120.0,3.0,5.0,0.0,0.0,176.0,64.0,42.0,0.0,0.0,128.0,237.0,0.0
Penn Valley,CA,NEVADA,2023-07-24,2023,7,24,Summer,2,39.2,-121.2,365.0,243.0,119.0,3.0,0.0,0.0,0.0,140.0,71.0,44.0,0.0,0.0,223.0,142.0,0.0
Pennington,NJ,MERCER,2023-08-31,2023,8,31,Summer,1,40.3,-74.8,365.0,194.0,160.0,6.0,4.0,1.0,0.0,244.0,70.0,49.0,0.0,0.0,123.0,242.0,0.0
Penryn,CA,PLACER,2023-09-05,2023,9,5,Fall,2,38.8,-121.2,365.0,164.0,193.0,8.0,0.0,0.0,0.0,143.0,80.0,52.0,0.0,0.0,245.0,120.0,0.0
Pensacola,FL,ESCAMBIA,2023-01-22,2023,1,22,Winter,18,30.5,-87.2,365.0,178.0,186.0,1.0,0.0,0.0,0.0,108.0,67.0,51.0,0.0,0.0,114.0,251.0,0.0
Pensacola,FL,ESCAMBIA,2023-03-08,2023,3,8,Spring,9,30.4,-87.2,365.0,178.0,186.0,1.0,0.0,0.0,0.0,108.0,67.0,51.0,0.0,0.0,114.0,251.0,0.0
Pensacola,FL,ESCAMBIA,2023-09-08,2023,9,8,Fall,9,30.5,-87.3,365.0,178.0,186.0,1.0,0.0,0.0,0.0,108.0,67.0,51.0,0.0,0.0,114.0,251.0,0.0
Pensacola,FL,ESCAMBIA,2023-10-16,2023,10,16,Fall,18,30.5,-87.4,365.0,178.0,186.0,1.0,0.0,0.0,0.0,108.0,67.0,51.0,0.0,0.0,114.0,251.0,0.0
Pensacola,FL,ESCAMBIA,2023-11-29,2023,11,29,Fall,9,30.4,-87.2,365.0,178.0,186.0,1.0,0.0,0.0,0.0,108.0,67.0,51.0,0.0,0.0,114.0,251.0,0.0
Peoria,AZ,MARICOPA,2023-09-23,2023,9,23,Fall,1,33.7,-112.3,365.0,41.0,255.0,62.0,7.0,0.0,0.0,183.0,119.0,72.0,0.0,0.0,193.0,91.0,81.0
Peotone,IL,WILL,2023-09-16,2023,9,16,Fall,1,41.3,-87.8,365.0,155.0,191.0,14.0,3.0,2.0,0.0,246.0,78.0,53.0,0.0,0.0,85.0,280.0,0.0
Pequot Lakes,MN,CROW WING,2023-05-30,2023,5,30,Spring,6,46.6,-94.3,365.0,244.0,112.0,8.0,1.0,0.0,0.0,165.0,77.0,43.0,0.0,0.0,132.0,233.0,0.0
Pequot Lakes,MN,CROW WING,2023-05-31,2023,5,31,Spring,9,46.7,-94.2,365.0,244.0,112.0,8.0,1.0,0.0,0.0,165.0,77.0,43.0,0.0,0.0,132.0,233.0,0.0
Perry,GA,HOUSTON,2023-06-08,2023,6,8,Summer,1,32.4,-83.6,365.0,190.0,174.0,0.0,1.0,0.0,0.0,152.0,66.0,49.0,0.0,0.0,0.0,365.0,0.0
Perry,GA,HOUSTON,2023-06-15,2023,6,15,Summer,4,32.4,-83.6,365.0,190.0,174.0,0.0,1.0,0.0,0.0,152.0,66.0,49.0,0.0,0.0,0.0,365.0,0.0
Perry,GA,HOUSTON,2023-07-11,2023,7,11,Summer,1,32.4,-83.6,365.0,190.0,174.0,0.0,1.0,0.0,0.0,152.0,66.0,49.0,0.0,0.0,0.0,365.0,0.0
Perry,GA,HOUSTON,2023-07-14,2023,7,14,Summer,8,32.4,-83.6,365.0,190.0,174.0,0.0,1.0,0.0,0.0,152.0,66.0,49.0,0.0,0.0,0.0,365.0,0.0
Perry,GA,HOUSTON,2023-08-15,2023,8,15,Summer,6,32.4,-83.6,365.0,190.0,174.0,0.0,1.0,0.0,0.0,152.0,66.0,49.0,0.0,0.0,0.0,365.0,0.0
Perry,GA,HOUSTON,2023-09-15,2023,9,15,Fall,7,32.4,-83.6,365.0,190.0,174.0,0.0,1.0,0.0,0.0,152.0,66.0,49.0,0.0,0.0,0.0,365.0,0.0
Perry,GA,HOUSTON,2023-10-15,2023,10,15,Fall,8,32.4,-83.6,365.0,190.0,174.0,0.0,1.0,0.0,0.0,152.0,66.0,49.0,0.0,0.0,0.0,365.0,0.0
Perry,GA,HOUSTON,2023-11-15,2023,11,15,Fall,3,32.4,-83.6,365.0,190.0,174.0,0.0,1.0,0.0,0.0,152.0,66.0,49.0,0.0,0.0,0.0,365.0,0.0
Perry,IA,DALLAS,2023-05-25,2023,5,25,Spring,4,41.9,-94.1,,,,,,,,,,,,,,,
Perry,IA,DALLAS,2023-07-30,2023,7,30,Summer,56,41.9,-94.2,,,,,,,,,,,,,,,
Perry,IA,DALLAS,2023-07-31,2023,7,31,Summer,54,41.9,-94.2,,,,,,,,,,,,,,,
Perry Hall,MD,BALTIMORE,2023-05-05,2023,5,5,Spring,2,39.4,-76.4,365.0,228.0,124.0,9.0,3.0,1.0,0.0,205.0,71.0,45.0,0.0,7.0,231.0,127.0,0.0
Perryopolis,PA,FAYETTE,2023-07-29,2023,7,29,Summer,3,40.1,-79.8,304.0,220.0,82.0,2.0,0.0,0.0,0.0,129.0,64.0,44.0,0.0,0.0,232.0,72.0,0.0
Peru,NY,CLINTON,2023-09-01,2023,9,1,Fall,2,44.6,-73.6,,,,,,,,,,,,,,,
Peru,NY,CLINTON,2023-09-06,2023,9,6,Fall,2,44.6,-73.6,,,,,,,,,,,,,,,
Peru,NY,CLINTON,2023-09-24,2023,9,24,Fall,2,44.6,-73.6,,,,,,,,,,,,,,,
Petaluma,CA,SONOMA,2023-01-28,2023,1,28,Winter,10,38.2,-122.7,365.0,323.0,40.0,2.0,0.0,0.0,0.0,117.0,51.0,33.0,1.0,0.0,237.0,126.0,1.0
Petaluma,CA,SONOMA,2023-08-27,2023,8,27,Summer,10,38.2,-122.6,365.0,323.0,40.0,2.0,0.0,0.0,0.0,117.0,51.0,33.0,1.0,0.0,237.0,126.0,1.0
Petaluma,CA,SONOMA,2023-09-24,2023,9,24,Fall,5,38.2,-122.7,365.0,323.0,40.0,2.0,0.0,0.0,0.0,117.0,51.0,33.0,1.0,0.0,237.0,126.0,1.0
Pflugerville,TX,TRAVIS,2023-03-19,2023,3,19,Spring,2,30.5,-97.6,365.0,147.0,207.0,11.0,0.0,0.0,0.0,122.0,79.0,54.0,0.0,4.0,107.0,254.0,0.0
Pflugerville,TX,TRAVIS,2023-09-04,2023,9,4,Fall,1,30.4,-97.6,365.0,147.0,207.0,11.0,0.0,0.0,0.0,122.0,79.0,54.0,0.0,4.0,107.0,254.0,0.0
Pflugerville,TX,TRAVIS,2023-10-22,2023,10,22,Fall,4,30.5,-97.6,365.0,147.0,207.0,11.0,0.0,0.0,0.0,122.0,79.0,54.0,0.0,4.0,107.0,254.0,0.0
Philadelphia,PA,DELAWARE,2023-04-25,2023,4,25,Spring,3,40.1,-75.1,365.0,187.0,169.0,5.0,2.0,2.0,0.0,271.0,74.0,50.0,0.0,1.0,111.0,253.0,0.0
Philadelphia,PA,DELAWARE,2023-07-28,2023,7,28,Summer,3,40.1,-75.0,365.0,187.0,169.0,5.0,2.0,2.0,0.0,271.0,74.0,50.0,0.0,1.0,111.0,253.0,0.0
Philadelphia,PA,DELAWARE,2023-08-13,2023,8,13,Summer,3,40.0,-75.2,365.0,187.0,169.0,5.0,2.0,2.0,0.0,271.0,74.0,50.0,0.0,1.0,111.0,253.0,0.0
Philadelphia,PA,DELAWARE,2023-08-20,2023,8,20,Summer,3,39.9,-75.2,365.0,187.0,169.0,5.0,2.0,2.0,0.0,271.0,74.0,50.0,0.0,1.0,111.0,253.0,0.0
Philadelphia,PA,DELAWARE,2023-08-28,2023,8,28,Summer,3,39.9,-75.2,365.0,187.0,169.0,5.0,2.0,2.0,0.0,271.0,74.0,50.0,0.0,1.0,111.0,253.0,0.0
Philadelphia,PA,DELAWARE,2023-09-16,2023,9,16,Fall,6,40.0,-75.0,365.0,187.0,169.0,5.0,2.0,2.0,0.0,271.0,74.0,50.0,0.0,1.0,111.0,253.0,0.0
Philadelphia,PA,DELAWARE,2023-10-04,2023,10,4,Fall,6,40.0,-75.1,365.0,187.0,169.0,5.0,2.0,2.0,0.0,271.0,74.0,50.0,0.0,1.0,111.0,253.0,0.0
Philadelphia,PA,PHILADELPHIA,2023-04-25,2023,4,25,Spring,48,40.1,-75.1,365.0,83.0,268.0,9.0,3.0,1.0,1.0,331.0,84.0,58.0,0.0,3.0,66.0,296.0,0.0
Philadelphia,PA,PHILADELPHIA,2023-07-28,2023,7,28,Summer,48,40.1,-75.0,365.0,83.0,268.0,9.0,3.0,1.0,1.0,331.0,84.0,58.0,0.0,3.0,66.0,296.0,0.0
Philadelphia,PA,PHILADELPHIA,2023-08-13,2023,8,13,Summer,48,40.0,-75.2,365.0,83.0,268.0,9.0,3.0,1.0,1.0,331.0,84.0,58.0,0.0,3.0,66.0,296.0,0.0
Philadelphia,PA,PHILADELPHIA,2023-08-20,2023,8,20,Summer,48,39.9,-75.2,365.0,83.0,268.0,9.0,3.0,1.0,1.0,331.0,84.0,58.0,0.0,3.0,66.0,296.0,0.0
Philadelphia,PA,PHILADELPHIA,2023-08-28,2023,8,28,Summer,48,39.9,-75.2,365.0,83.0,268.0,9.0,3.0,1.0,1.0,331.0,84.0,58.0,0.0,3.0,66.0,296.0,0.0
Philadelphia,PA,PHILADELPHIA,2023-09-16,2023,9,16,Fall,96,40.0,-75.0,365.0,83.0,268.0,9.0,3.0,1.0,1.0,331.0,84.0,58.0,0.0,3.0,66.0,296.0,0.0
Philadelphia,PA,PHILADELPHIA,2023-10-04,2023,10,4,Fall,96,40.0,-75.1,365.0,83.0,268.0,9.0,3.0,1.0,1.0,331.0,84.0,58.0,0.0,3.0,66.0,296.0,0.0
Phillips,NE,HAMILTON,2023-05-08,2023,5,8,Spring,8,40.9,-98.2,,,,,,,,,,,,,,,
Phillipsburg,NJ,WARREN,2023-09-27,2023,9,27,Fall,5,40.7,-75.2,361.0,241.0,114.0,1.0,5.0,0.0,0.0,197.0,61.0,41.0,0.0,24.0,90.0,247.0,0.0
Phoenix,AZ,MARICOPA,2023-03-14,2023,3,14,Spring,5,33.5,-112.0,365.0,41.0,255.0,62.0,7.0,0.0,0.0,183.0,119.0,72.0,0.0,0.0,193.0,91.0,81.0
Phoenix,AZ,MARICOPA,2023-10-09,2023,10,9,Fall,5,33.5,-112.0,365.0,41.0,255.0,62.0,7.0,0.0,0.0,183.0,119.0,72.0,0.0,0.0,193.0,91.0,81.0
Phoenix,AZ,MARICOPA,2023-10-11,2023,10,11,Fall,5,33.5,-112.0,365.0,41.0,255.0,62.0,7.0,0.0,0.0,183.0,119.0,72.0,0.0,0.0,193.0,91.0,81.0
Phoenix,AZ,MARICOPA,2023-10-20,2023,10,20,Fall,10,33.5,-112.0,365.0,41.0,255.0,62.0,7.0,0.0,0.0,183.0,119.0,72.0,0.0,0.0,193.0,91.0,81.0
Phoenix,AZ,MARICOPA,2023-10-26,2023,10,26,Fall,5,33.6,-112.0,365.0,41.0,255.0,62.0,7.0,0.0,0.0,183.0,119.0,72.0,0.0,0.0,193.0,91.0,81.0
Phoenix,AZ,MARICOPA,2023-10-27,2023,10,27,Fall,5,33.5,-112.0,365.0,41.0,255.0,62.0,7.0,0.0,0.0,183.0,119.0,72.0,0.0,0.0,193.0,91.0,81.0
Phoenix,AZ,MARICOPA,2023-10-28,2023,10,28,Fall,35,33.5,-112.0,365.0,41.0,255.0,62.0,7.0,0.0,0.0,183.0,119.0,72.0,0.0,0.0,193.0,91.0,81.0
Phoenix,AZ,MARICOPA,2023-11-07,2023,11,7,Fall,5,33.5,-112.0,365.0,41.0,255.0,62.0,7.0,0.0,0.0,183.0,119.0,72.0,0.0,0.0,193.0,91.0,81.0
Phoenix,AZ,MARICOPA,2023-11-14,2023,11,14,Fall,5,33.5,-111.9,365.0,41.0,255.0,62.0,7.0,0.0,0.0,183.0,119.0,72.0,0.0,0.0,193.0,91.0,81.0
Phoenix,AZ,MARICOPA,2023-11-18,2023,11,18,Fall,5,33.5,-112.0,365.0,41.0,255.0,62.0,7.0,0.0,0.0,183.0,119.0,72.0,0.0,0.0,193.0,91.0,81.0
Phoenix,AZ,MARICOPA,2023-11-19,2023,11,19,Fall,5,33.5,-112.0,365.0,41.0,255.0,62.0,7.0,0.0,0.0,183.0,119.0,72.0,0.0,0.0,193.0,91.0,81.0
Phoenix,AZ,MARICOPA,2023-11-21,2023,11,21,Fall,5,33.5,-112.1,365.0,41.0,255.0,62.0,7.0,0.0,0.0,183.0,119.0,72.0,0.0,0.0,193.0,91.0,81.0
Phoenix,AZ,MARICOPA,2023-11-22,2023,11,22,Fall,10,33.5,-112.0,365.0,41.0,255.0,62.0,7.0,0.0,0.0,183.0,119.0,72.0,0.0,0.0,193.0,91.0,81.0
Phoenix,AZ,MARICOPA,2023-11-30,2023,11,30,Fall,5,33.4,-112.1,365.0,41.0,255.0,62.0,7.0,0.0,0.0,183.0,119.0,72.0,0.0,0.0,193.0,91.0,81.0
Phoenix,AZ,MARICOPA,2023-12-09,2023,12,9,Winter,10,33.5,-112.0,365.0,41.0,255.0,62.0,7.0,0.0,0.0,183.0,119.0,72.0,0.0,0.0,193.0,91.0,81.0
Phoenix,AZ,MARICOPA,2023-12-15,2023,12,15,Winter,15,33.5,-112.0,365.0,41.0,255.0,62.0,7.0,0.0,0.0,183.0,119.0,72.0,0.0,0.0,193.0,91.0,81.0
Phoenix,AZ,MARICOPA,2023-12-25,2023,12,25,Winter,5,33.5,-112.0,365.0,41.0,255.0,62.0,7.0,0.0,0.0,183.0,119.0,72.0,0.0,0.0,193.0,91.0,81.0
Phoenix,AZ,MARICOPA,2023-12-27,2023,12,27,Winter,5,33.5,-112.0,365.0,41.0,255.0,62.0,7.0,0.0,0.0,183.0,119.0,72.0,0.0,0.0,193.0,91.0,81.0
Phoenix,AZ,MARICOPA,2023-12-30,2023,12,30,Winter,15,33.5,-112.0,365.0,41.0,255.0,62.0,7.0,0.0,0.0,183.0,119.0,72.0,0.0,0.0,193.0,91.0,81.0
Phoenixville,PA,CHESTER,2023-08-18,2023,8,18,Summer,1,40.2,-75.6,361.0,220.0,134.0,3.0,2.0,2.0,0.0,248.0,66.0,45.0,0.0,0.0,126.0,235.0,0.0
Phoenixville,PA,CHESTER,2023-10-11,2023,10,11,Fall,1,40.2,-75.6,361.0,220.0,134.0,3.0,2.0,2.0,0.0,248.0,66.0,45.0,0.0,0.0,126.0,235.0,0.0
Piedmont,CA,ALAMEDA,2023-07-29,2023,7,29,Summer,2,37.8,-122.2,365.0,198.0,154.0,13.0,0.0,0.0,0.0,130.0,70.0,48.0,1.0,16.0,131.0,217.0,0.0
Piedmont,CA,ALAMEDA,2023-09-04,2023,9,4,Fall,2,37.8,-122.2,365.0,198.0,154.0,13.0,0.0,0.0,0.0,130.0,70.0,48.0,1.0,16.0,131.0,217.0,0.0
Piedmont,CA,ALAMEDA,2023-10-29,2023,10,29,Fall,2,37.8,-122.2,365.0,198.0,154.0,13.0,0.0,0.0,0.0,130.0,70.0,48.0,1.0,16.0,131.0,217.0,0.0
Pigeon,MI,HURON,2023-07-06,2023,7,6,Summer,2,43.9,-83.2,240.0,209.0,27.0,4.0,0.0,0.0,0.0,133.0,58.0,39.0,0.0,0.0,240.0,0.0,0.0
Pigeon,MI,HURON,2023-07-14,2023,7,14,Summer,4,43.9,-83.2,240.0,209.0,27.0,4.0,0.0,0.0,0.0,133.0,58.0,39.0,0.0,0.0,240.0,0.0,0.0
Pigeon,MI,HURON,2023-09-03,2023,9,3,Fall,20,43.9,-83.2,240.0,209.0,27.0,4.0,0.0,0.0,0.0,133.0,58.0,39.0,0.0,0.0,240.0,0.0,0.0
Pigeon,MI,HURON,2023-09-10,2023,9,10,Fall,2,43.9,-83.2,240.0,209.0,27.0,4.0,0.0,0.0,0.0,133.0,58.0,39.0,0.0,0.0,240.0,0.0,0.0
Pigeon,MI,HURON,2023-09-16,2023,9,16,Fall,4,43.9,-83.2,240.0,209.0,27.0,4.0,0.0,0.0,0.0,133.0,58.0,39.0,0.0,0.0,240.0,0.0,0.0
Pigeon,MI,HURON,2023-10-04,2023,10,4,Fall,2,43.9,-83.2,240.0,209.0,27.0,4.0,0.0,0.0,0.0,133.0,58.0,39.0,0.0,0.0,240.0,0.0,0.0
Pigeon Forge,TN,SEVIER,2023-11-25,2023,11,25,Fall,2,35.8,-83.6,268.0,205.0,60.0,3.0,0.0,0.0,0.0,115.0,64.0,45.0,0.0,0.0,268.0,0.0,0.0
Pikesville,MD,BALTIMORE,2023-10-03,2023,10,3,Fall,2,39.4,-76.8,365.0,228.0,124.0,9.0,3.0,1.0,0.0,205.0,71.0,45.0,0.0,7.0,231.0,127.0,0.0
Pikesville,MD,BALTIMORE,2023-10-09,2023,10,9,Fall,4,39.4,-76.8,365.0,228.0,124.0,9.0,3.0,1.0,0.0,205.0,71.0,45.0,0.0,7.0,231.0,127.0,0.0
Pilot Point,TX,DENTON,2023-10-07,2023,10,7,Fall,1,33.3,-96.9,365.0,200.0,133.0,27.0,5.0,0.0,0.0,177.0,93.0,49.0,0.0,2.0,247.0,116.0,0.0
Pilot Point,TX,DENTON,2023-10-08,2023,10,8,Fall,7,33.3,-96.9,365.0,200.0,133.0,27.0,5.0,0.0,0.0,177.0,93.0,49.0,0.0,2.0,247.0,116.0,0.0
Pilot Point,TX,DENTON,2023-11-05,2023,11,5,Fall,1,33.3,-96.9,365.0,200.0,133.0,27.0,5.0,0.0,0.0,177.0,93.0,49.0,0.0,2.0,247.0,116.0,0.0
Pinckney,MI,LIVINGSTON,2023-07-18,2023,7,18,Summer,3,42.5,-83.9,,,,,,,,,,,,,,,
Pinckney,MI,LIVINGSTON,2023-07-30,2023,7,30,Summer,15,42.4,-83.9,,,,,,,,,,,,,,,
Pinckney,MI,LIVINGSTON,2023-07-31,2023,7,31,Summer,9,42.4,-83.9,,,,,,,,,,,,,,,
Pinconning,MI,BAY,2023-07-10,2023,7,10,Summer,2,43.9,-84.0,363.0,229.0,128.0,3.0,3.0,0.0,0.0,192.0,63.0,42.0,0.0,0.0,0.0,363.0,0.0
Pinconning,MI,BAY,2023-08-03,2023,8,3,Summer,3,43.9,-84.0,363.0,229.0,128.0,3.0,3.0,0.0,0.0,192.0,63.0,42.0,0.0,0.0,0.0,363.0,0.0
Pine Island,NY,ORANGE,2023-07-28,2023,7,28,Summer,2,41.3,-74.5,357.0,270.0,81.0,3.0,3.0,0.0,0.0,185.0,58.0,34.0,0.0,0.0,0.0,357.0,0.0
Piney Flats,TN,SULLIVAN,2023-09-10,2023,9,10,Fall,2,36.5,-82.3,363.0,277.0,84.0,2.0,0.0,0.0,0.0,118.0,62.0,42.0,0.0,0.0,170.0,193.0,0.0
Pinole,CA,CONTRA COSTA,2023-10-01,2023,10,1,Fall,1,38.0,-122.3,365.0,172.0,191.0,2.0,0.0,0.0,0.0,110.0,64.0,52.0,0.0,1.0,93.0,271.0,0.0
Pinopolis,SC,BERKELEY,2023-07-09,2023,7,9,Summer,3,33.2,-80.1,273.0,260.0,11.0,2.0,0.0,0.0,0.0,105.0,48.0,36.0,0.0,0.0,273.0,0.0,0.0
Piqua,OH,MIAMI,2023-10-01,2023,10,1,Fall,2,40.1,-84.2,244.0,193.0,48.0,3.0,0.0,0.0,0.0,112.0,67.0,43.0,0.0,0.0,244.0,0.0,0.0
Piscataway,NJ,MIDDLESEX,2023-11-06,2023,11,6,Fall,1,40.5,-74.5,365.0,229.0,124.0,7.0,4.0,1.0,0.0,247.0,67.0,44.0,0.0,11.0,160.0,194.0,0.0
Pittsboro,NC,CHATHAM,2023-08-28,2023,8,28,Summer,3,35.8,-79.2,,,,,,,,,,,,,,,
Pittsburg,IL,WILLIAMSON,2023-05-23,2023,5,23,Spring,4,37.8,-88.8,,,,,,,,,,,,,,,
Pittsburg,IL,WILLIAMSON,2023-07-27,2023,7,27,Summer,12,37.8,-88.8,,,,,,,,,,,,,,,
Pittsburg,IL,WILLIAMSON,2023-09-09,2023,9,9,Fall,16,37.8,-88.8,,,,,,,,,,,,,,,
Pittsburgh,PA,ALLEGHENY,2023-07-25,2023,7,25,Summer,85,40.5,-79.7,365.0,121.0,227.0,15.0,1.0,1.0,0.0,237.0,84.0,56.0,0.0,0.0,71.0,294.0,0.0
Pittsburgh,PA,ALLEGHENY,2023-07-28,2023,7,28,Summer,85,40.5,-79.7,365.0,121.0,227.0,15.0,1.0,1.0,0.0,237.0,84.0,56.0,0.0,0.0,71.0,294.0,0.0
Pittsburgh,PA,ALLEGHENY,2023-07-29,2023,7,29,Summer,170,40.5,-79.9,365.0,121.0,227.0,15.0,1.0,1.0,0.0,237.0,84.0,56.0,0.0,0.0,71.0,294.0,0.0
Pittsburgh,PA,ALLEGHENY,2023-07-30,2023,7,30,Summer,255,40.3,-80.1,365.0,121.0,227.0,15.0,1.0,1.0,0.0,237.0,84.0,56.0,0.0,0.0,71.0,294.0,0.0
Pittsburgh,PA,ALLEGHENY,2023-08-05,2023,8,5,Summer,340,40.5,-79.7,365.0,121.0,227.0,15.0,1.0,1.0,0.0,237.0,84.0,56.0,0.0,0.0,71.0,294.0,0.0
Pittsburgh,PA,ALLEGHENY,2023-08-07,2023,8,7,Summer,255,40.5,-79.9,365.0,121.0,227.0,15.0,1.0,1.0,0.0,237.0,84.0,56.0,0.0,0.0,71.0,294.0,0.0
Pittsburgh,PA,ALLEGHENY,2023-08-16,2023,8,16,Summer,85,40.4,-80.1,365.0,121.0,227.0,15.0,1.0,1.0,0.0,237.0,84.0,56.0,0.0,0.0,71.0,294.0,0.0
Pittsburgh,PA,ALLEGHENY,2023-08-17,2023,8,17,Summer,170,40.5,-80.0,365.0,121.0,227.0,15.0,1.0,1.0,0.0,237.0,84.0,56.0,0.0,0.0,71.0,294.0,0.0
Pittsburgh,PA,ALLEGHENY,2023-08-27,2023,8,27,Summer,85,40.5,-80.0,365.0,121.0,227.0,15.0,1.0,1.0,0.0,237.0,84.0,56.0,0.0,0.0,71.0,294.0,0.0
Pittsburgh,PA,ALLEGHENY,2023-08-31,2023,8,31,Summer,340,40.4,-80.0,365.0,121.0,227.0,15.0,1.0,1.0,0.0,237.0,84.0,56.0,0.0,0.0,71.0,294.0,0.0
Pittsburgh,PA,ALLEGHENY,2023-10-10,2023,10,10,Fall,85,40.4,-79.9,365.0,121.0,227.0,15.0,1.0,1.0,0.0,237.0,84.0,56.0,0.0,0.0,71.0,294.0,0.0
Pittsburgh,PA,ALLEGHENY,2023-10-25,2023,10,25,Fall,170,40.4,-79.9,365.0,121.0,227.0,15.0,1.0,1.0,0.0,237.0,84.0,56.0,0.0,0.0,71.0,294.0,0.0
Pittsfield,MA,BERKSHIRE,2023-09-12,2023,9,12,Fall,2,42.5,-73.2,365.0,257.0,101.0,4.0,3.0,0.0,0.0,170.0,59.0,41.0,0.0,0.0,168.0,197.0,0.0
Pittsfield,NH,MERRIMACK,2023-09-05,2023,9,5,Fall,1,43.3,-71.3,213.0,197.0,16.0,0.0,0.0,0.0,0.0,100.0,48.0,39.0,0.0,0.0,213.0,0.0,0.0
Pittsford,NY,MONROE,2023-07-18,2023,7,18,Summer,2,43.1,-77.5,365.0,237.0,120.0,3.0,5.0,0.0,0.0,176.0,64.0,42.0,0.0,0.0,128.0,237.0,0.0
Pittsford,NY,MONROE,2023-07-20,2023,7,20,Summer,1,43.1,-77.5,365.0,237.0,120.0,3.0,5.0,0.0,0.0,176.0,64.0,42.0,0.0,0.0,128.0,237.0,0.0
Pittsford,NY,MONROE,2023-07-30,2023,7,30,Summer,1,43.1,-77.5,365.0,237.0,120.0,3.0,5.0,0.0,0.0,176.0,64.0,42.0,0.0,0.0,128.0,237.0,0.0
Pittsford,NY,MONROE,2023-08-04,2023,8,4,Summer,1,43.1,-77.5,365.0,237.0,120.0,3.0,5.0,0.0,0.0,176.0,64.0,42.0,0.0,0.0,128.0,237.0,0.0
Pittsford,NY,MONROE,2023-08-28,2023,8,28,Summer,1,43.1,-77.5,365.0,237.0,120.0,3.0,5.0,0.0,0.0,176.0,64.0,42.0,0.0,0.0,128.0,237.0,0.0
Pittsford,NY,MONROE,2023-09-05,2023,9,5,Fall,1,43.1,-77.5,365.0,237.0,120.0,3.0,5.0,0.0,0.0,176.0,64.0,42.0,0.0,0.0,128.0,237.0,0.0
Plainfield,IL,WILL,2023-06-19,2023,6,19,Summer,1,41.7,-88.2,365.0,155.0,191.0,14.0,3.0,2.0,0.0,246.0,78.0,53.0,0.0,0.0,85.0,280.0,0.0
Plainfield,IL,WILL,2023-06-28,2023,6,28,Summer,2,41.6,-88.2,365.0,155.0,191.0,14.0,3.0,2.0,0.0,246.0,78.0,53.0,0.0,0.0,85.0,280.0,0.0
Plainfield,IL,WILL,2023-07-05,2023,7,5,Summer,1,41.7,-88.2,365.0,155.0,191.0,14.0,3.0,2.0,0.0,246.0,78.0,53.0,0.0,0.0,85.0,280.0,0.0
Plainfield,IL,WILL,2023-07-13,2023,7,13,Summer,1,41.7,-88.2,365.0,155.0,191.0,14.0,3.0,2.0,0.0,246.0,78.0,53.0,0.0,0.0,85.0,280.0,0.0
Plainfield,IL,WILL,2023-07-25,2023,7,25,Summer,1,41.7,-88.2,365.0,155.0,191.0,14.0,3.0,2.0,0.0,246.0,78.0,53.0,0.0,0.0,85.0,280.0,0.0
Plainfield,IL,WILL,2023-07-27,2023,7,27,Summer,1,41.7,-88.2,365.0,155.0,191.0,14.0,3.0,2.0,0.0,246.0,78.0,53.0,0.0,0.0,85.0,280.0,0.0
Plainfield,IL,WILL,2023-08-16,2023,8,16,Summer,3,41.7,-88.2,365.0,155.0,191.0,14.0,3.0,2.0,0.0,246.0,78.0,53.0,0.0,0.0,85.0,280.0,0.0
Plainfield,IL,WILL,2023-09-08,2023,9,8,Fall,1,41.6,-88.2,365.0,155.0,191.0,14.0,3.0,2.0,0.0,246.0,78.0,53.0,0.0,0.0,85.0,280.0,0.0
Plainfield,IL,WILL,2023-09-23,2023,9,23,Fall,1,41.7,-88.2,365.0,155.0,191.0,14.0,3.0,2.0,0.0,246.0,78.0,53.0,0.0,0.0,85.0,280.0,0.0
Plainfield,IL,WILL,2023-09-24,2023,9,24,Fall,2,41.7,-88.2,365.0,155.0,191.0,14.0,3.0,2.0,0.0,246.0,78.0,53.0,0.0,0.0,85.0,280.0,0.0
Plainfield,IL,WILL,2023-10-03,2023,10,3,Fall,1,41.7,-88.2,365.0,155.0,191.0,14.0,3.0,2.0,0.0,246.0,78.0,53.0,0.0,0.0,85.0,280.0,0.0
Plainfield,IL,WILL,2023-10-04,2023,10,4,Fall,2,41.7,-88.2,365.0,155.0,191.0,14.0,3.0,2.0,0.0,246.0,78.0,53.0,0.0,0.0,85.0,280.0,0.0
Plainfield,IL,WILL,2023-10-22,2023,10,22,Fall,1,41.7,-88.2,365.0,155.0,191.0,14.0,3.0,2.0,0.0,246.0,78.0,53.0,0.0,0.0,85.0,280.0,0.0
Plainfield,IN,HENDRICKS,2023-10-13,2023,10,13,Fall,3,39.7,-86.4,360.0,324.0,32.0,4.0,0.0,0.0,0.0,119.0,51.0,37.0,0.0,0.0,360.0,0.0,0.0
Plainview,NY,NASSAU,2023-08-06,2023,8,6,Summer,1,40.8,-73.5,365.0,275.0,86.0,1.0,3.0,0.0,0.0,197.0,57.0,31.0,0.0,0.0,0.0,365.0,0.0
Plainview,NY,NASSAU,2023-08-13,2023,8,13,Summer,1,40.8,-73.5,365.0,275.0,86.0,1.0,3.0,0.0,0.0,197.0,57.0,31.0,0.0,0.0,0.0,365.0,0.0
Plainview,NY,NASSAU,2023-09-03,2023,9,3,Fall,1,40.8,-73.5,365.0,275.0,86.0,1.0,3.0,0.0,0.0,197.0,57.0,31.0,0.0,0.0,0.0,365.0,0.0
Plainville,CT,HARTFORD,2023-09-09,2023,9,9,Fall,1,41.7,-72.9,365.0,226.0,132.0,4.0,3.0,0.0,0.0,166.0,64.0,43.0,0.0,19.0,156.0,190.0,0.0
Plainville,CT,HARTFORD,2023-09-11,2023,9,11,Fall,1,41.7,-72.9,365.0,226.0,132.0,4.0,3.0,0.0,0.0,166.0,64.0,43.0,0.0,19.0,156.0,190.0,0.0
Plainville,CT,HARTFORD,2023-09-12,2023,9,12,Fall,1,41.7,-72.9,365.0,226.0,132.0,4.0,3.0,0.0,0.0,166.0,64.0,43.0,0.0,19.0,156.0,190.0,0.0
Plainville,CT,HARTFORD,2023-09-17,2023,9,17,Fall,1,41.7,-72.9,365.0,226.0,132.0,4.0,3.0,0.0,0.0,166.0,64.0,43.0,0.0,19.0,156.0,190.0,0.0
Plano,TX,COLLIN,2023-03-28,2023,3,28,Spring,3,33.0,-96.8,356.0,261.0,74.0,19.0,2.0,0.0,0.0,154.0,80.0,41.0,0.0,0.0,356.0,0.0,0.0
Plano,TX,COLLIN,2023-04-10,2023,4,10,Spring,3,33.1,-96.8,356.0,261.0,74.0,19.0,2.0,0.0,0.0,154.0,80.0,41.0,0.0,0.0,356.0,0.0,0.0
Plano,TX,COLLIN,2023-05-05,2023,5,5,Spring,6,33.1,-96.8,356.0,261.0,74.0,19.0,2.0,0.0,0.0,154.0,80.0,41.0,0.0,0.0,356.0,0.0,0.0
Plano,TX,COLLIN,2023-05-09,2023,5,9,Spring,3,33.0,-96.8,356.0,261.0,74.0,19.0,2.0,0.0,0.0,154.0,80.0,41.0,0.0,0.0,356.0,0.0,0.0
Plano,TX,COLLIN,2023-07-28,2023,7,28,Summer,3,33.0,-96.7,356.0,261.0,74.0,19.0,2.0,0.0,0.0,154.0,80.0,41.0,0.0,0.0,356.0,0.0,0.0
Plano,TX,COLLIN,2023-08-19,2023,8,19,Summer,3,33.0,-96.7,356.0,261.0,74.0,19.0,2.0,0.0,0.0,154.0,80.0,41.0,0.0,0.0,356.0,0.0,0.0
Plano,TX,COLLIN,2023-08-28,2023,8,28,Summer,3,33.0,-96.7,356.0,261.0,74.0,19.0,2.0,0.0,0.0,154.0,80.0,41.0,0.0,0.0,356.0,0.0,0.0
Plano,TX,COLLIN,2023-08-29,2023,8,29,Summer,3,33.0,-96.7,356.0,261.0,74.0,19.0,2.0,0.0,0.0,154.0,80.0,41.0,0.0,0.0,356.0,0.0,0.0
Plano,TX,COLLIN,2023-08-30,2023,8,30,Summer,3,33.0,-96.7,356.0,261.0,74.0,19.0,2.0,0.0,0.0,154.0,80.0,41.0,0.0,0.0,356.0,0.0,0.0
Plano,TX,COLLIN,2023-08-31,2023,8,31,Summer,6,33.0,-96.7,356.0,261.0,74.0,19.0,2.0,0.0,0.0,154.0,80.0,41.0,0.0,0.0,356.0,0.0,0.0
Plano,TX,COLLIN,2023-09-01,2023,9,1,Fall,3,33.0,-96.7,356.0,261.0,74.0,19.0,2.0,0.0,0.0,154.0,80.0,41.0,0.0,0.0,356.0,0.0,0.0
Plano,TX,COLLIN,2023-09-15,2023,9,15,Fall,6,33.0,-96.7,356.0,261.0,74.0,19.0,2.0,0.0,0.0,154.0,80.0,41.0,0.0,0.0,356.0,0.0,0.0
Plano,TX,COLLIN,2023-09-19,2023,9,19,Fall,6,33.1,-96.8,356.0,261.0,74.0,19.0,2.0,0.0,0.0,154.0,80.0,41.0,0.0,0.0,356.0,0.0,0.0
Plano,TX,COLLIN,2023-09-23,2023,9,23,Fall,9,33.1,-96.8,356.0,261.0,74.0,19.0,2.0,0.0,0.0,154.0,80.0,41.0,0.0,0.0,356.0,0.0,0.0
Plano,TX,COLLIN,2023-09-25,2023,9,25,Fall,3,33.0,-96.7,356.0,261.0,74.0,19.0,2.0,0.0,0.0,154.0,80.0,41.0,0.0,0.0,356.0,0.0,0.0
Plano,TX,COLLIN,2023-09-27,2023,9,27,Fall,9,33.0,-96.6,356.0,261.0,74.0,19.0,2.0,0.0,0.0,154.0,80.0,41.0,0.0,0.0,356.0,0.0,0.0
Plano,TX,COLLIN,2023-10-04,2023,10,4,Fall,3,33.0,-96.7,356.0,261.0,74.0,19.0,2.0,0.0,0.0,154.0,80.0,41.0,0.0,0.0,356.0,0.0,0.0
Plano,TX,COLLIN,2023-10-07,2023,10,7,Fall,9,33.1,-96.8,356.0,261.0,74.0,19.0,2.0,0.0,0.0,154.0,80.0,41.0,0.0,0.0,356.0,0.0,0.0
Plano,TX,COLLIN,2023-10-08,2023,10,8,Fall,75,33.1,-96.8,356.0,261.0,74.0,19.0,2.0,0.0,0.0,154.0,80.0,41.0,0.0,0.0,356.0,0.0,0.0
Plano,TX,COLLIN,2023-10-09,2023,10,9,Fall,45,33.0,-96.8,356.0,261.0,74.0,19.0,2.0,0.0,0.0,154.0,80.0,41.0,0.0,0.0,356.0,0.0,0.0
Plano,TX,COLLIN,2023-10-10,2023,10,10,Fall,57,33.1,-96.8,356.0,261.0,74.0,19.0,2.0,0.0,0.0,154.0,80.0,41.0,0.0,0.0,356.0,0.0,0.0
Plano,TX,COLLIN,2023-10-13,2023,10,13,Fall,27,33.1,-96.8,356.0,261.0,74.0,19.0,2.0,0.0,0.0,154.0,80.0,41.0,0.0,0.0,356.0,0.0,0.0
Plano,TX,COLLIN,2023-10-21,2023,10,21,Fall,9,33.1,-96.8,356.0,261.0,74.0,19.0,2.0,0.0,0.0,154.0,80.0,41.0,0.0,0.0,356.0,0.0,0.0
Plano,TX,COLLIN,2023-10-22,2023,10,22,Fall,3,33.0,-96.7,356.0,261.0,74.0,19.0,2.0,0.0,0.0,154.0,80.0,41.0,0.0,0.0,356.0,0.0,0.0
Plano,TX,COLLIN,2023-11-07,2023,11,7,Fall,3,33.0,-96.7,356.0,261.0,74.0,19.0,2.0,0.0,0.0,154.0,80.0,41.0,0.0,0.0,356.0,0.0,0.0
Plano,TX,COLLIN,2023-11-08,2023,11,8,Fall,3,33.0,-96.7,356.0,261.0,74.0,19.0,2.0,0.0,0.0,154.0,80.0,41.0,0.0,0.0,356.0,0.0,0.0
Plano,TX,COLLIN,2023-11-28,2023,11,28,Fall,6,33.0,-96.7,356.0,261.0,74.0,19.0,2.0,0.0,0.0,154.0,80.0,41.0,0.0,0.0,356.0,0.0,0.0
Plant City,FL,HILLSBOROUGH,2023-03-27,2023,3,27,Spring,2,28.1,-82.2,365.0,156.0,206.0,3.0,0.0,0.0,0.0,114.0,69.0,51.0,0.0,0.0,102.0,261.0,2.0
Plantation,FL,BROWARD,2023-03-28,2023,3,28,Spring,8,27.0,-82.4,365.0,158.0,204.0,3.0,0.0,0.0,0.0,109.0,66.0,52.0,0.0,5.0,72.0,288.0,0.0
Plantation,FL,BROWARD,2023-03-29,2023,3,29,Spring,8,27.0,-82.4,365.0,158.0,204.0,3.0,0.0,0.0,0.0,109.0,66.0,52.0,0.0,5.0,72.0,288.0,0.0
Platte Center,NE,PLATTE,2023-07-02,2023,7,2,Summer,4,41.5,-97.5,,,,,,,,,,,,,,,
Platteville,CO,WELD,2023-11-04,2023,11,4,Fall,1,40.2,-104.8,365.0,146.0,214.0,4.0,1.0,0.0,0.0,162.0,80.0,55.0,0.0,0.0,263.0,102.0,0.0
Plattsburg,MO,CLINTON,2023-05-30,2023,5,30,Spring,1,39.6,-94.4,245.0,168.0,66.0,11.0,0.0,0.0,0.0,133.0,84.0,44.0,0.0,0.0,245.0,0.0,0.0
Plattsburg,MO,CLINTON,2023-08-05,2023,8,5,Summer,1,39.6,-94.4,245.0,168.0,66.0,11.0,0.0,0.0,0.0,133.0,84.0,44.0,0.0,0.0,245.0,0.0,0.0
Plattsburg,MO,CLINTON,2023-08-11,2023,8,11,Summer,2,39.6,-94.4,245.0,168.0,66.0,11.0,0.0,0.0,0.0,133.0,84.0,44.0,0.0,0.0,245.0,0.0,0.0
Plattsburg,MO,CLINTON,2023-08-16,2023,8,16,Summer,7,39.6,-94.4,245.0,168.0,66.0,11.0,0.0,0.0,0.0,133.0,84.0,44.0,0.0,0.0,245.0,0.0,0.0
Plattsburg,MO,CLINTON,2023-08-19,2023,8,19,Summer,3,39.6,-94.4,245.0,168.0,66.0,11.0,0.0,0.0,0.0,133.0,84.0,44.0,0.0,0.0,245.0,0.0,0.0
Plattsburg,MO,CLINTON,2023-08-28,2023,8,28,Summer,6,39.6,-94.4,245.0,168.0,66.0,11.0,0.0,0.0,0.0,133.0,84.0,44.0,0.0,0.0,245.0,0.0,0.0
Plattsburg,MO,CLINTON,2023-09-09,2023,9,9,Fall,4,39.6,-94.4,245.0,168.0,66.0,11.0,0.0,0.0,0.0,133.0,84.0,44.0,0.0,0.0,245.0,0.0,0.0
Plattsburg,MO,CLINTON,2023-09-25,2023,9,25,Fall,1,39.6,-94.4,245.0,168.0,66.0,11.0,0.0,0.0,0.0,133.0,84.0,44.0,0.0,0.0,245.0,0.0,0.0
Plattsburg,MO,CLINTON,2023-10-03,2023,10,3,Fall,1,39.6,-94.4,245.0,168.0,66.0,11.0,0.0,0.0,0.0,133.0,84.0,44.0,0.0,0.0,245.0,0.0,0.0
Plattsburg,MO,CLINTON,2023-10-10,2023,10,10,Fall,1,39.6,-94.4,245.0,168.0,66.0,11.0,0.0,0.0,0.0,133.0,84.0,44.0,0.0,0.0,245.0,0.0,0.0
Plattsburg,MO,CLINTON,2023-10-11,2023,10,11,Fall,1,39.6,-94.4,245.0,168.0,66.0,11.0,0.0,0.0,0.0,133.0,84.0,44.0,0.0,0.0,245.0,0.0,0.0
Plattsburg,MO,CLINTON,2023-10-12,2023,10,12,Fall,1,39.6,-94.4,245.0,168.0,66.0,11.0,0.0,0.0,0.0,133.0,84.0,44.0,0.0,0.0,245.0,0.0,0.0
Plattsburgh,NY,CLINTON,2023-08-28,2023,8,28,Summer,3,44.7,-73.4,,,,,,,,,,,,,,,
Pleasant Ridge,MI,OAKLAND,2023-07-17,2023,7,17,Summer,2,42.5,-83.1,261.0,193.0,58.0,9.0,1.0,0.0,0.0,169.0,74.0,41.0,0.0,0.0,208.0,53.0,0.0
Pleasant Ridge,MI,OAKLAND,2023-08-12,2023,8,12,Summer,2,42.5,-83.1,261.0,193.0,58.0,9.0,1.0,0.0,0.0,169.0,74.0,41.0,0.0,0.0,208.0,53.0,0.0
Plover,WI,PORTAGE,2023-10-05,2023,10,5,Fall,3,44.5,-89.5,,,,,,,,,,,,,,,
Plymouth,CT,LITCHFIELD,2023-07-30,2023,7,30,Summer,1,41.7,-73.1,364.0,285.0,72.0,3.0,4.0,0.0,0.0,183.0,59.0,38.0,6.0,0.0,263.0,95.0,0.0
Plymouth,MA,PLYMOUTH,2023-08-12,2023,8,12,Summer,2,41.9,-70.7,365.0,278.0,83.0,4.0,0.0,0.0,0.0,114.0,58.0,40.0,0.0,0.0,210.0,155.0,0.0
Plymouth,MI,WAYNE,2023-10-02,2023,10,2,Fall,1,42.4,-83.5,365.0,70.0,272.0,19.0,3.0,1.0,0.0,226.0,89.0,61.0,0.0,2.0,33.0,329.0,1.0
Plymouth Meeting,PA,MONTGOMERY,2023-08-05,2023,8,5,Summer,3,40.1,-75.3,365.0,232.0,127.0,1.0,3.0,2.0,0.0,284.0,67.0,44.0,0.0,0.0,144.0,221.0,0.0
Pocatello,ID,BANNOCK,2023-08-17,2023,8,17,Summer,6,42.8,-112.4,365.0,293.0,39.0,2.0,0.0,0.0,31.0,557.0,77.0,41.0,0.0,0.0,168.0,123.0,74.0
Point Arena,CA,MENDOCINO,2023-08-12,2023,8,12,Summer,2,38.9,-123.6,365.0,144.0,216.0,5.0,0.0,0.0,0.0,140.0,69.0,53.0,0.0,0.0,29.0,336.0,0.0
Point Clear,AL,BALDWIN,2023-10-13,2023,10,13,Fall,150,30.5,-87.9,347.0,236.0,111.0,0.0,0.0,0.0,0.0,90.0,60.0,43.0,0.0,0.0,108.0,239.0,0.0
Point Clear,AL,BALDWIN,2023-10-15,2023,10,15,Fall,30,30.5,-87.9,347.0,236.0,111.0,0.0,0.0,0.0,0.0,90.0,60.0,43.0,0.0,0.0,108.0,239.0,0.0
Polk City,IA,POLK,2023-08-06,2023,8,6,Summer,6,41.8,-93.7,365.0,168.0,182.0,12.0,3.0,0.0,0.0,166.0,73.0,52.0,0.0,3.0,81.0,281.0,0.0
Pomona,CA,LOS ANGELES,2023-08-19,2023,8,19,Summer,3,34.1,-117.7,365.0,41.0,237.0,52.0,32.0,3.0,0.0,210.0,147.0,67.0,0.0,5.0,150.0,203.0,7.0
Pompano Beach,FL,BROWARD,2023-01-18,2023,1,18,Winter,13,26.3,-80.1,365.0,158.0,204.0,3.0,0.0,0.0,0.0,109.0,66.0,52.0,0.0,5.0,72.0,288.0,0.0
Pompano Beach,FL,BROWARD,2023-01-19,2023,1,19,Winter,13,26.3,-80.1,365.0,158.0,204.0,3.0,0.0,0.0,0.0,109.0,66.0,52.0,0.0,5.0,72.0,288.0,0.0
Pompano Beach,FL,BROWARD,2023-01-31,2023,1,31,Winter,39,26.2,-80.1,365.0,158.0,204.0,3.0,0.0,0.0,0.0,109.0,66.0,52.0,0.0,5.0,72.0,288.0,0.0
Pompano Beach,FL,BROWARD,2023-02-19,2023,2,19,Winter,13,26.2,-80.1,365.0,158.0,204.0,3.0,0.0,0.0,0.0,109.0,66.0,52.0,0.0,5.0,72.0,288.0,0.0
Pompano Beach,FL,BROWARD,2023-06-15,2023,6,15,Summer,13,26.2,-80.1,365.0,158.0,204.0,3.0,0.0,0.0,0.0,109.0,66.0,52.0,0.0,5.0,72.0,288.0,0.0
Pompano Beach,FL,BROWARD,2023-12-03,2023,12,3,Winter,13,26.2,-80.1,365.0,158.0,204.0,3.0,0.0,0.0,0.0,109.0,66.0,52.0,0.0,5.0,72.0,288.0,0.0
Ponca City,OK,KAY,2023-04-18,2023,4,18,Spring,2,36.7,-97.1,335.0,172.0,162.0,1.0,0.0,0.0,0.0,122.0,63.0,49.0,0.0,0.0,0.0,335.0,0.0
Ponca City,OK,KAY,2023-07-19,2023,7,19,Summer,2,36.7,-97.1,335.0,172.0,162.0,1.0,0.0,0.0,0.0,122.0,63.0,49.0,0.0,0.0,0.0,335.0,0.0
Ponca City,OK,KAY,2023-07-20,2023,7,20,Summer,2,36.7,-97.1,335.0,172.0,162.0,1.0,0.0,0.0,0.0,122.0,63.0,49.0,0.0,0.0,0.0,335.0,0.0
Ponca City,OK,KAY,2023-07-27,2023,7,27,Summer,2,36.7,-97.1,335.0,172.0,162.0,1.0,0.0,0.0,0.0,122.0,63.0,49.0,0.0,0.0,0.0,335.0,0.0
Ponca City,OK,KAY,2023-07-28,2023,7,28,Summer,2,36.7,-97.1,335.0,172.0,162.0,1.0,0.0,0.0,0.0,122.0,63.0,49.0,0.0,0.0,0.0,335.0,0.0
Ponca City,OK,KAY,2023-08-10,2023,8,10,Summer,2,36.7,-97.1,335.0,172.0,162.0,1.0,0.0,0.0,0.0,122.0,63.0,49.0,0.0,0.0,0.0,335.0,0.0
Ponca City,OK,KAY,2023-08-12,2023,8,12,Summer,2,36.7,-97.1,335.0,172.0,162.0,1.0,0.0,0.0,0.0,122.0,63.0,49.0,0.0,0.0,0.0,335.0,0.0
Ponca City,OK,KAY,2023-08-17,2023,8,17,Summer,2,36.7,-97.1,335.0,172.0,162.0,1.0,0.0,0.0,0.0,122.0,63.0,49.0,0.0,0.0,0.0,335.0,0.0
Ponca City,OK,KAY,2023-08-19,2023,8,19,Summer,2,36.7,-97.1,335.0,172.0,162.0,1.0,0.0,0.0,0.0,122.0,63.0,49.0,0.0,0.0,0.0,335.0,0.0
Ponca City,OK,KAY,2023-08-20,2023,8,20,Summer,2,36.7,-97.1,335.0,172.0,162.0,1.0,0.0,0.0,0.0,122.0,63.0,49.0,0.0,0.0,0.0,335.0,0.0
Ponca City,OK,KAY,2023-08-23,2023,8,23,Summer,2,36.7,-97.1,335.0,172.0,162.0,1.0,0.0,0.0,0.0,122.0,63.0,49.0,0.0,0.0,0.0,335.0,0.0
Ponca City,OK,KAY,2023-08-27,2023,8,27,Summer,4,36.7,-97.1,335.0,172.0,162.0,1.0,0.0,0.0,0.0,122.0,63.0,49.0,0.0,0.0,0.0,335.0,0.0
Ponca City,OK,KAY,2023-09-01,2023,9,1,Fall,6,36.7,-97.1,335.0,172.0,162.0,1.0,0.0,0.0,0.0,122.0,63.0,49.0,0.0,0.0,0.0,335.0,0.0
Ponca City,OK,KAY,2023-09-02,2023,9,2,Fall,2,36.7,-97.1,335.0,172.0,162.0,1.0,0.0,0.0,0.0,122.0,63.0,49.0,0.0,0.0,0.0,335.0,0.0
Ponca City,OK,KAY,2023-09-06,2023,9,6,Fall,4,36.7,-97.1,335.0,172.0,162.0,1.0,0.0,0.0,0.0,122.0,63.0,49.0,0.0,0.0,0.0,335.0,0.0
Ponca City,OK,KAY,2023-09-13,2023,9,13,Fall,8,36.7,-97.1,335.0,172.0,162.0,1.0,0.0,0.0,0.0,122.0,63.0,49.0,0.0,0.0,0.0,335.0,0.0
Ponca City,OK,KAY,2023-09-14,2023,9,14,Fall,6,36.7,-97.1,335.0,172.0,162.0,1.0,0.0,0.0,0.0,122.0,63.0,49.0,0.0,0.0,0.0,335.0,0.0
Ponca City,OK,KAY,2023-09-27,2023,9,27,Fall,12,36.7,-96.9,335.0,172.0,162.0,1.0,0.0,0.0,0.0,122.0,63.0,49.0,0.0,0.0,0.0,335.0,0.0
Ponca City,OK,KAY,2023-10-09,2023,10,9,Fall,2,36.7,-97.1,335.0,172.0,162.0,1.0,0.0,0.0,0.0,122.0,63.0,49.0,0.0,0.0,0.0,335.0,0.0
Ponca City,OK,KAY,2023-10-11,2023,10,11,Fall,10,36.7,-97.1,335.0,172.0,162.0,1.0,0.0,0.0,0.0,122.0,63.0,49.0,0.0,0.0,0.0,335.0,0.0
Ponca City,OK,KAY,2023-10-12,2023,10,12,Fall,6,36.7,-97.1,335.0,172.0,162.0,1.0,0.0,0.0,0.0,122.0,63.0,49.0,0.0,0.0,0.0,335.0,0.0
Ponca City,OK,KAY,2023-10-22,2023,10,22,Fall,2,36.7,-97.1,335.0,172.0,162.0,1.0,0.0,0.0,0.0,122.0,63.0,49.0,0.0,0.0,0.0,335.0,0.0
Ponca City,OK,KAY,2023-10-23,2023,10,23,Fall,4,36.7,-97.1,335.0,172.0,162.0,1.0,0.0,0.0,0.0,122.0,63.0,49.0,0.0,0.0,0.0,335.0,0.0
Ponca City,OK,KAY,2023-10-26,2023,10,26,Fall,0,36.7,-97.1,335.0,172.0,162.0,1.0,0.0,0.0,0.0,122.0,63.0,49.0,0.0,0.0,0.0,335.0,0.0
Poplar Bluff,MO,BUTLER,2023-10-10,2023,10,10,Fall,2,36.8,-90.4,,,,,,,,,,,,,,,
Port Huron,MI,SAINT CLAIR,2023-07-28,2023,7,28,Summer,6,43.0,-82.4,362.0,186.0,163.0,9.0,4.0,0.0,0.0,197.0,71.0,49.0,0.0,0.0,106.0,256.0,0.0
Port Jefferson,NY,SUFFOLK,2023-07-10,2023,7,10,Summer,6,40.9,-73.1,365.0,278.0,74.0,11.0,2.0,0.0,0.0,195.0,62.0,41.0,0.0,1.0,278.0,86.0,0.0
Port Kent,NY,ESSEX,2023-09-09,2023,9,9,Fall,1,44.5,-73.4,365.0,296.0,59.0,8.0,2.0,0.0,0.0,161.0,60.0,42.0,0.0,0.0,316.0,49.0,0.0
Port Republic,MD,CALVERT,2023-08-02,2023,8,2,Summer,3,38.5,-76.5,238.0,206.0,31.0,1.0,0.0,0.0,0.0,101.0,54.0,42.0,0.0,0.0,238.0,0.0,0.0
Port Republic,MD,CALVERT,2023-08-03,2023,8,3,Summer,1,38.5,-76.5,238.0,206.0,31.0,1.0,0.0,0.0,0.0,101.0,54.0,42.0,0.0,0.0,238.0,0.0,0.0
Port Salerno,FL,MARTIN,2023-01-10,2023,1,10,Winter,2,27.1,-80.2,365.0,283.0,81.0,1.0,0.0,0.0,0.0,127.0,55.0,41.0,0.0,0.0,158.0,207.0,0.0
Portage,MI,KALAMAZOO,2023-06-21,2023,6,21,Summer,1,42.2,-85.6,358.0,151.0,198.0,6.0,2.0,1.0,0.0,225.0,77.0,53.0,0.0,0.0,97.0,261.0,0.0
Portage,MI,KALAMAZOO,2023-08-01,2023,8,1,Summer,1,42.2,-85.6,358.0,151.0,198.0,6.0,2.0,1.0,0.0,225.0,77.0,53.0,0.0,0.0,97.0,261.0,0.0
Portage,MI,KALAMAZOO,2023-08-17,2023,8,17,Summer,1,42.2,-85.6,358.0,151.0,198.0,6.0,2.0,1.0,0.0,225.0,77.0,53.0,0.0,0.0,97.0,261.0,0.0
Portage,WI,COLUMBIA,2023-08-16,2023,8,16,Summer,1,43.5,-89.5,203.0,133.0,52.0,16.0,2.0,0.0,0.0,159.0,93.0,44.0,0.0,0.0,203.0,0.0,0.0
Portage,WI,COLUMBIA,2023-09-18,2023,9,18,Fall,2,43.5,-89.5,203.0,133.0,52.0,16.0,2.0,0.0,0.0,159.0,93.0,44.0,0.0,0.0,203.0,0.0,0.0
Portage,WI,COLUMBIA,2023-09-22,2023,9,22,Fall,1,43.5,-89.5,203.0,133.0,52.0,16.0,2.0,0.0,0.0,159.0,93.0,44.0,0.0,0.0,203.0,0.0,0.0
Portage,WI,COLUMBIA,2023-09-23,2023,9,23,Fall,3,43.5,-89.5,203.0,133.0,52.0,16.0,2.0,0.0,0.0,159.0,93.0,44.0,0.0,0.0,203.0,0.0,0.0
Portage,WI,COLUMBIA,2023-09-25,2023,9,25,Fall,2,43.5,-89.5,203.0,133.0,52.0,16.0,2.0,0.0,0.0,159.0,93.0,44.0,0.0,0.0,203.0,0.0,0.0
Portage,WI,COLUMBIA,2023-09-30,2023,9,30,Fall,2,43.5,-89.5,203.0,133.0,52.0,16.0,2.0,0.0,0.0,159.0,93.0,44.0,0.0,0.0,203.0,0.0,0.0
Portage,WI,COLUMBIA,2023-10-01,2023,10,1,Fall,2,43.5,-89.5,203.0,133.0,52.0,16.0,2.0,0.0,0.0,159.0,93.0,44.0,0.0,0.0,203.0,0.0,0.0
Portage,WI,COLUMBIA,2023-10-03,2023,10,3,Fall,1,43.5,-89.5,203.0,133.0,52.0,16.0,2.0,0.0,0.0,159.0,93.0,44.0,0.0,0.0,203.0,0.0,0.0
Portage,WI,COLUMBIA,2023-10-24,2023,10,24,Fall,1,43.5,-89.5,203.0,133.0,52.0,16.0,2.0,0.0,0.0,159.0,93.0,44.0,0.0,0.0,203.0,0.0,0.0
Portales,NM,ROOSEVELT,2023-10-05,2023,10,5,Fall,2,34.2,-103.3,,,,,,,,,,,,,,,
Portales,NM,ROOSEVELT,2023-10-06,2023,10,6,Fall,2,34.2,-103.3,,,,,,,,,,,,,,,
Portales,NM,ROOSEVELT,2023-10-09,2023,10,9,Fall,2,34.2,-103.3,,,,,,,,,,,,,,,
Portland,ME,CUMBERLAND,2023-08-07,2023,8,7,Summer,11,43.7,-70.3,365.0,266.0,96.0,3.0,0.0,0.0,0.0,120.0,64.0,40.0,0.0,7.0,179.0,175.0,4.0
Portland,ME,CUMBERLAND,2023-08-12,2023,8,12,Summer,11,43.7,-70.1,365.0,266.0,96.0,3.0,0.0,0.0,0.0,120.0,64.0,40.0,0.0,7.0,179.0,175.0,4.0
Portland,ME,CUMBERLAND,2023-10-25,2023,10,25,Fall,11,43.7,-70.3,365.0,266.0,96.0,3.0,0.0,0.0,0.0,120.0,64.0,40.0,0.0,7.0,179.0,175.0,4.0
Portland,OR,CLACKAMAS,2023-06-13,2023,6,13,Summer,6,45.5,-122.6,365.0,304.0,57.0,4.0,0.0,0.0,0.0,125.0,54.0,34.0,0.0,0.0,134.0,231.0,0.0
Portland,OR,CLACKAMAS,2023-06-15,2023,6,15,Summer,6,45.5,-122.6,365.0,304.0,57.0,4.0,0.0,0.0,0.0,125.0,54.0,34.0,0.0,0.0,134.0,231.0,0.0
Portland,OR,CLACKAMAS,2023-07-11,2023,7,11,Summer,6,45.5,-122.5,365.0,304.0,57.0,4.0,0.0,0.0,0.0,125.0,54.0,34.0,0.0,0.0,134.0,231.0,0.0
Portland,OR,CLACKAMAS,2023-09-26,2023,9,26,Fall,12,45.5,-122.7,365.0,304.0,57.0,4.0,0.0,0.0,0.0,125.0,54.0,34.0,0.0,0.0,134.0,231.0,0.0
Portland,OR,MULTNOMAH,2023-06-13,2023,6,13,Summer,8,45.5,-122.6,365.0,267.0,97.0,1.0,0.0,0.0,0.0,117.0,58.0,38.0,0.0,4.0,155.0,206.0,0.0
Portland,OR,MULTNOMAH,2023-06-15,2023,6,15,Summer,8,45.5,-122.6,365.0,267.0,97.0,1.0,0.0,0.0,0.0,117.0,58.0,38.0,0.0,4.0,155.0,206.0,0.0
Portland,OR,MULTNOMAH,2023-07-11,2023,7,11,Summer,8,45.5,-122.5,365.0,267.0,97.0,1.0,0.0,0.0,0.0,117.0,58.0,38.0,0.0,4.0,155.0,206.0,0.0
Portland,OR,MULTNOMAH,2023-09-26,2023,9,26,Fall,16,45.5,-122.7,365.0,267.0,97.0,1.0,0.0,0.0,0.0,117.0,58.0,38.0,0.0,4.0,155.0,206.0,0.0
Portland,OR,WASHINGTON,2023-06-13,2023,6,13,Summer,8,45.5,-122.6,365.0,269.0,94.0,2.0,0.0,0.0,0.0,115.0,59.0,36.0,0.0,4.0,142.0,219.0,0.0
Portland,OR,WASHINGTON,2023-06-15,2023,6,15,Summer,8,45.5,-122.6,365.0,269.0,94.0,2.0,0.0,0.0,0.0,115.0,59.0,36.0,0.0,4.0,142.0,219.0,0.0
Portland,OR,WASHINGTON,2023-07-11,2023,7,11,Summer,8,45.5,-122.5,365.0,269.0,94.0,2.0,0.0,0.0,0.0,115.0,59.0,36.0,0.0,4.0,142.0,219.0,0.0
Portland,OR,WASHINGTON,2023-09-26,2023,9,26,Fall,16,45.5,-122.7,365.0,269.0,94.0,2.0,0.0,0.0,0.0,115.0,59.0,36.0,0.0,4.0,142.0,219.0,0.0
Portsmouth,NH,ROCKINGHAM,2023-07-28,2023,7,28,Summer,3,43.1,-70.8,365.0,276.0,89.0,0.0,0.0,0.0,0.0,100.0,59.0,40.0,0.0,0.0,239.0,126.0,0.0
Portsmouth,NH,ROCKINGHAM,2023-08-02,2023,8,2,Summer,3,43.1,-70.8,365.0,276.0,89.0,0.0,0.0,0.0,0.0,100.0,59.0,40.0,0.0,0.0,239.0,126.0,0.0
Portsmouth,NH,ROCKINGHAM,2023-08-15,2023,8,15,Summer,3,43.1,-70.8,365.0,276.0,89.0,0.0,0.0,0.0,0.0,100.0,59.0,40.0,0.0,0.0,239.0,126.0,0.0
Pottersville,NY,WARREN,2023-10-04,2023,10,4,Fall,1,43.7,-73.8,,,,,,,,,,,,,,,
Poway,CA,SAN DIEGO,2023-04-06,2023,4,6,Spring,1,33.0,-117.0,365.0,61.0,260.0,44.0,0.0,0.0,0.0,150.0,101.0,67.0,0.0,1.0,185.0,151.0,28.0
Poway,CA,SAN DIEGO,2023-05-14,2023,5,14,Spring,1,33.0,-117.0,365.0,61.0,260.0,44.0,0.0,0.0,0.0,150.0,101.0,67.0,0.0,1.0,185.0,151.0,28.0
Poway,CA,SAN DIEGO,2023-08-01,2023,8,1,Summer,3,32.9,-117.0,365.0,61.0,260.0,44.0,0.0,0.0,0.0,150.0,101.0,67.0,0.0,1.0,185.0,151.0,28.0
Poway,CA,SAN DIEGO,2023-08-28,2023,8,28,Summer,1,32.9,-117.0,365.0,61.0,260.0,44.0,0.0,0.0,0.0,150.0,101.0,67.0,0.0,1.0,185.0,151.0,28.0
Powell,OH,DELAWARE,2023-10-26,2023,10,26,Fall,2,40.2,-83.1,245.0,211.0,33.0,1.0,0.0,0.0,0.0,108.0,54.0,41.0,0.0,0.0,245.0,0.0,0.0
Powell,TN,KNOX,2023-08-31,2023,8,31,Summer,1,36.1,-84.0,365.0,162.0,199.0,4.0,0.0,0.0,0.0,149.0,68.0,52.0,0.0,0.0,79.0,286.0,0.0
Powell,TN,KNOX,2023-09-02,2023,9,2,Fall,2,36.0,-84.0,365.0,162.0,199.0,4.0,0.0,0.0,0.0,149.0,68.0,52.0,0.0,0.0,79.0,286.0,0.0
Powell,TN,KNOX,2023-10-20,2023,10,20,Fall,1,36.1,-84.0,365.0,162.0,199.0,4.0,0.0,0.0,0.0,149.0,68.0,52.0,0.0,0.0,79.0,286.0,0.0
Powell,TN,KNOX,2023-10-26,2023,10,26,Fall,0,36.1,-84.0,365.0,162.0,199.0,4.0,0.0,0.0,0.0,149.0,68.0,52.0,0.0,0.0,79.0,286.0,0.0
Pownal,VT,BENNINGTON,2023-07-23,2023,7,23,Summer,3,42.7,-73.2,359.0,290.0,63.0,4.0,2.0,0.0,0.0,157.0,56.0,38.0,0.0,0.0,215.0,144.0,0.0
Poynette,WI,COLUMBIA,2023-08-08,2023,8,8,Summer,3,43.4,-89.4,203.0,133.0,52.0,16.0,2.0,0.0,0.0,159.0,93.0,44.0,0.0,0.0,203.0,0.0,0.0
Prairie City,IA,JASPER,2023-06-18,2023,6,18,Summer,4,41.6,-93.3,,,,,,,,,,,,,,,
Prairie City,IA,JASPER,2023-07-28,2023,7,28,Summer,2,41.6,-93.2,,,,,,,,,,,,,,,
Prairie Du Sac,WI,SAUK,2023-08-01,2023,8,1,Summer,22,43.3,-89.8,362.0,218.0,123.0,16.0,4.0,1.0,0.0,271.0,77.0,44.0,0.0,0.0,124.0,237.0,1.0
Prairie Du Sac,WI,SAUK,2023-08-02,2023,8,2,Summer,4,43.3,-89.7,362.0,218.0,123.0,16.0,4.0,1.0,0.0,271.0,77.0,44.0,0.0,0.0,124.0,237.0,1.0
Prairie Du Sac,WI,SAUK,2023-09-21,2023,9,21,Fall,2,43.3,-89.8,362.0,218.0,123.0,16.0,4.0,1.0,0.0,271.0,77.0,44.0,0.0,0.0,124.0,237.0,1.0
Prairie Du Sac,WI,SAUK,2023-09-23,2023,9,23,Fall,6,43.3,-89.8,362.0,218.0,123.0,16.0,4.0,1.0,0.0,271.0,77.0,44.0,0.0,0.0,124.0,237.0,1.0
Prairie Du Sac,WI,SAUK,2023-09-29,2023,9,29,Fall,4,43.3,-89.7,362.0,218.0,123.0,16.0,4.0,1.0,0.0,271.0,77.0,44.0,0.0,0.0,124.0,237.0,1.0
Prairie Village,KS,JOHNSON,2023-10-02,2023,10,2,Fall,14,39.0,-94.6,365.0,189.0,166.0,7.0,3.0,0.0,0.0,165.0,70.0,49.0,0.0,0.0,148.0,210.0,7.0
Prairie du Sac,WI,SAUK,2023-10-05,2023,10,5,Fall,6,43.3,-89.7,362.0,218.0,123.0,16.0,4.0,1.0,0.0,271.0,77.0,44.0,0.0,0.0,124.0,237.0,1.0
Prairieville,LA,ASCENSION,2023-09-26,2023,9,26,Fall,9,30.3,-91.0,362.0,310.0,49.0,2.0,1.0,0.0,0.0,154.0,58.0,34.0,0.0,12.0,350.0,0.0,0.0
Prairieville,LA,ASCENSION,2023-09-27,2023,9,27,Fall,21,30.3,-91.0,362.0,310.0,49.0,2.0,1.0,0.0,0.0,154.0,58.0,34.0,0.0,12.0,350.0,0.0,0.0
Prescott,AZ,YAVAPAI,2023-08-13,2023,8,13,Summer,12,34.6,-112.4,364.0,298.0,66.0,0.0,0.0,0.0,0.0,87.0,61.0,43.0,0.0,0.0,357.0,7.0,0.0
Prescott,AZ,YAVAPAI,2023-10-21,2023,10,21,Fall,3,34.7,-112.6,364.0,298.0,66.0,0.0,0.0,0.0,0.0,87.0,61.0,43.0,0.0,0.0,357.0,7.0,0.0
Prescott,WI,PIERCE,2023-10-03,2023,10,3,Fall,2,44.8,-92.8,,,,,,,,,,,,,,,
Prescott Valley,AZ,YAVAPAI,2023-08-30,2023,8,30,Summer,2,34.6,-112.2,364.0,298.0,66.0,0.0,0.0,0.0,0.0,87.0,61.0,43.0,0.0,0.0,357.0,7.0,0.0
Prescott Valley,AZ,YAVAPAI,2023-10-15,2023,10,15,Fall,2,34.6,-112.2,364.0,298.0,66.0,0.0,0.0,0.0,0.0,87.0,61.0,43.0,0.0,0.0,357.0,7.0,0.0
Princeton,MA,WORCESTER,2023-08-24,2023,8,24,Summer,2,42.5,-71.9,365.0,268.0,93.0,4.0,0.0,0.0,0.0,148.0,58.0,39.0,0.0,5.0,190.0,170.0,0.0
Princeville,IL,PEORIA,2023-07-17,2023,7,17,Summer,2,41.0,-89.8,340.0,187.0,131.0,21.0,1.0,0.0,0.0,151.0,77.0,48.0,0.0,0.0,174.0,166.0,0.0
Prospect,KY,JEFFERSON,2023-09-20,2023,9,20,Fall,4,38.3,-85.6,365.0,123.0,226.0,15.0,1.0,0.0,0.0,171.0,81.0,55.0,0.0,2.0,94.0,269.0,0.0
Prospect Heights,IL,COOK,2023-08-23,2023,8,23,Summer,4,42.1,-87.9,365.0,104.0,227.0,27.0,5.0,2.0,0.0,223.0,93.0,57.0,0.0,8.0,97.0,252.0,8.0
Prosper,TX,COLLIN,2023-07-31,2023,7,31,Summer,1,33.3,-96.8,356.0,261.0,74.0,19.0,2.0,0.0,0.0,154.0,80.0,41.0,0.0,0.0,356.0,0.0,0.0
Prosper,TX,COLLIN,2023-10-08,2023,10,8,Fall,13,33.2,-96.9,356.0,261.0,74.0,19.0,2.0,0.0,0.0,154.0,80.0,41.0,0.0,0.0,356.0,0.0,0.0
Prosper,TX,COLLIN,2023-10-10,2023,10,10,Fall,4,33.2,-96.8,356.0,261.0,74.0,19.0,2.0,0.0,0.0,154.0,80.0,41.0,0.0,0.0,356.0,0.0,0.0
Providence,RI,PROVIDENCE,2023-09-22,2023,9,22,Fall,10,41.8,-71.4,365.0,217.0,144.0,4.0,0.0,0.0,0.0,125.0,63.0,46.0,0.0,2.0,123.0,240.0,0.0
Provincetown,MA,BARNSTABLE,2023-07-29,2023,7,29,Summer,3,42.1,-70.2,358.0,331.0,24.0,3.0,0.0,0.0,0.0,140.0,49.0,37.0,0.0,0.0,336.0,22.0,0.0
Provincetown,MA,BARNSTABLE,2023-08-12,2023,8,12,Summer,1,42.1,-70.2,358.0,331.0,24.0,3.0,0.0,0.0,0.0,140.0,49.0,37.0,0.0,0.0,336.0,22.0,0.0
Provincetown,MA,BARNSTABLE,2023-10-11,2023,10,11,Fall,1,42.0,-70.1,358.0,331.0,24.0,3.0,0.0,0.0,0.0,140.0,49.0,37.0,0.0,0.0,336.0,22.0,0.0
Pueblo,CO,PUEBLO,2023-08-16,2023,8,16,Summer,14,38.3,-104.7,362.0,277.0,84.0,1.0,0.0,0.0,0.0,115.0,67.0,43.0,0.0,0.0,278.0,43.0,41.0
Pulaski,NY,OSWEGO,2023-09-08,2023,9,8,Fall,3,43.5,-76.2,356.0,341.0,14.0,1.0,0.0,0.0,0.0,105.0,44.0,33.0,0.0,0.0,356.0,0.0,0.0
Pulaski,PA,LAWRENCE,2023-08-01,2023,8,1,Summer,1,41.1,-80.5,267.0,254.0,12.0,1.0,0.0,0.0,0.0,119.0,48.0,34.0,0.0,0.0,267.0,0.0,0.0
Punxsutawney,PA,JEFFERSON,2023-08-07,2023,8,7,Summer,3,40.9,-79.0,,,,,,,,,,,,,,,
Putnam,CT,WINDHAM,2023-08-12,2023,8,12,Summer,8,41.9,-71.8,359.0,340.0,17.0,2.0,0.0,0.0,0.0,112.0,46.0,34.0,0.0,0.0,359.0,0.0,0.0
Putnam,CT,WINDHAM,2023-08-25,2023,8,25,Summer,64,41.9,-71.8,359.0,340.0,17.0,2.0,0.0,0.0,0.0,112.0,46.0,34.0,0.0,0.0,359.0,0.0,0.0
Quakertown,PA,BUCKS,2023-08-12,2023,8,12,Summer,1,40.4,-75.3,296.0,241.0,50.0,4.0,1.0,0.0,0.0,200.0,71.0,39.0,0.0,0.0,296.0,0.0,0.0
Quarryville,PA,LANCASTER,2023-07-29,2023,7,29,Summer,3,39.9,-76.1,365.0,108.0,243.0,9.0,3.0,1.0,1.0,321.0,85.0,58.0,0.0,0.0,61.0,304.0,0.0
Queen Creek,AZ,MARICOPA,2023-11-13,2023,11,13,Fall,5,33.2,-111.6,365.0,41.0,255.0,62.0,7.0,0.0,0.0,183.0,119.0,72.0,0.0,0.0,193.0,91.0,81.0
Queensbury,NY,WARREN,2023-07-17,2023,7,17,Summer,2,43.3,-73.6,,,,,,,,,,,,,,,
Quincy,MA,NORFOLK,2023-08-04,2023,8,4,Summer,12,42.3,-71.0,365.0,276.0,85.0,4.0,0.0,0.0,0.0,136.0,58.0,41.0,0.0,1.0,229.0,135.0,0.0
Quincy,MA,NORFOLK,2023-10-28,2023,10,28,Fall,24,42.3,-71.0,365.0,276.0,85.0,4.0,0.0,0.0,0.0,136.0,58.0,41.0,0.0,1.0,229.0,135.0,0.0
Raleigh,NC,WAKE,2023-04-18,2023,4,18,Spring,48,36.0,-78.7,365.0,190.0,170.0,5.0,0.0,0.0,0.0,130.0,66.0,49.0,0.0,1.0,108.0,256.0,0.0
Raleigh,NC,WAKE,2023-06-05,2023,6,5,Summer,24,35.6,-78.7,365.0,190.0,170.0,5.0,0.0,0.0,0.0,130.0,66.0,49.0,0.0,1.0,108.0,256.0,0.0
Raleigh,NC,WAKE,2023-06-25,2023,6,25,Summer,24,35.6,-78.7,365.0,190.0,170.0,5.0,0.0,0.0,0.0,130.0,66.0,49.0,0.0,1.0,108.0,256.0,0.0
Raleigh,NC,WAKE,2023-07-06,2023,7,6,Summer,24,35.6,-78.7,365.0,190.0,170.0,5.0,0.0,0.0,0.0,130.0,66.0,49.0,0.0,1.0,108.0,256.0,0.0
Raleigh,NC,WAKE,2023-08-01,2023,8,1,Summer,24,35.9,-78.8,365.0,190.0,170.0,5.0,0.0,0.0,0.0,130.0,66.0,49.0,0.0,1.0,108.0,256.0,0.0
Raleigh,NC,WAKE,2023-08-08,2023,8,8,Summer,48,35.8,-78.7,365.0,190.0,170.0,5.0,0.0,0.0,0.0,130.0,66.0,49.0,0.0,1.0,108.0,256.0,0.0
Raleigh,NC,WAKE,2023-08-22,2023,8,22,Summer,24,36.0,-78.7,365.0,190.0,170.0,5.0,0.0,0.0,0.0,130.0,66.0,49.0,0.0,1.0,108.0,256.0,0.0
Raleigh,NC,WAKE,2023-08-23,2023,8,23,Summer,24,35.8,-78.6,365.0,190.0,170.0,5.0,0.0,0.0,0.0,130.0,66.0,49.0,0.0,1.0,108.0,256.0,0.0
Raleigh,NC,WAKE,2023-08-26,2023,8,26,Summer,24,35.9,-78.6,365.0,190.0,170.0,5.0,0.0,0.0,0.0,130.0,66.0,49.0,0.0,1.0,108.0,256.0,0.0
Raleigh,NC,WAKE,2023-08-27,2023,8,27,Summer,24,35.6,-78.7,365.0,190.0,170.0,5.0,0.0,0.0,0.0,130.0,66.0,49.0,0.0,1.0,108.0,256.0,0.0
Raleigh,NC,WAKE,2023-09-10,2023,9,10,Fall,24,35.9,-78.6,365.0,190.0,170.0,5.0,0.0,0.0,0.0,130.0,66.0,49.0,0.0,1.0,108.0,256.0,0.0
Raleigh,NC,WAKE,2023-09-29,2023,9,29,Fall,24,35.9,-78.8,365.0,190.0,170.0,5.0,0.0,0.0,0.0,130.0,66.0,49.0,0.0,1.0,108.0,256.0,0.0
Raleigh,NC,WAKE,2023-10-19,2023,10,19,Fall,24,35.8,-78.7,365.0,190.0,170.0,5.0,0.0,0.0,0.0,130.0,66.0,49.0,0.0,1.0,108.0,256.0,0.0
Ramona,CA,SAN DIEGO,2023-03-26,2023,3,26,Spring,1,33.1,-116.8,365.0,61.0,260.0,44.0,0.0,0.0,0.0,150.0,101.0,67.0,0.0,1.0,185.0,151.0,28.0
Ramona,CA,SAN DIEGO,2023-07-15,2023,7,15,Summer,1,33.0,-116.9,365.0,61.0,260.0,44.0,0.0,0.0,0.0,150.0,101.0,67.0,0.0,1.0,185.0,151.0,28.0
Ramona,CA,SAN DIEGO,2023-07-18,2023,7,18,Summer,2,33.1,-116.8,365.0,61.0,260.0,44.0,0.0,0.0,0.0,150.0,101.0,67.0,0.0,1.0,185.0,151.0,28.0
Ramona,CA,SAN DIEGO,2023-07-21,2023,7,21,Summer,1,33.1,-116.8,365.0,61.0,260.0,44.0,0.0,0.0,0.0,150.0,101.0,67.0,0.0,1.0,185.0,151.0,28.0
Ramona,CA,SAN DIEGO,2023-08-01,2023,8,1,Summer,1,33.0,-116.8,365.0,61.0,260.0,44.0,0.0,0.0,0.0,150.0,101.0,67.0,0.0,1.0,185.0,151.0,28.0
Ramona,CA,SAN DIEGO,2023-08-03,2023,8,3,Summer,1,33.0,-116.8,365.0,61.0,260.0,44.0,0.0,0.0,0.0,150.0,101.0,67.0,0.0,1.0,185.0,151.0,28.0
Ramona,CA,SAN DIEGO,2023-08-07,2023,8,7,Summer,1,33.0,-116.8,365.0,61.0,260.0,44.0,0.0,0.0,0.0,150.0,101.0,67.0,0.0,1.0,185.0,151.0,28.0
Ramona,CA,SAN DIEGO,2023-08-08,2023,8,8,Summer,2,33.0,-116.8,365.0,61.0,260.0,44.0,0.0,0.0,0.0,150.0,101.0,67.0,0.0,1.0,185.0,151.0,28.0
Ramona,CA,SAN DIEGO,2023-08-09,2023,8,9,Summer,1,33.0,-116.8,365.0,61.0,260.0,44.0,0.0,0.0,0.0,150.0,101.0,67.0,0.0,1.0,185.0,151.0,28.0
Ramona,CA,SAN DIEGO,2023-08-11,2023,8,11,Summer,2,33.0,-116.8,365.0,61.0,260.0,44.0,0.0,0.0,0.0,150.0,101.0,67.0,0.0,1.0,185.0,151.0,28.0
Ramona,CA,SAN DIEGO,2023-08-12,2023,8,12,Summer,1,33.0,-116.8,365.0,61.0,260.0,44.0,0.0,0.0,0.0,150.0,101.0,67.0,0.0,1.0,185.0,151.0,28.0
Ramona,CA,SAN DIEGO,2023-08-14,2023,8,14,Summer,4,33.0,-116.8,365.0,61.0,260.0,44.0,0.0,0.0,0.0,150.0,101.0,67.0,0.0,1.0,185.0,151.0,28.0
Ramona,CA,SAN DIEGO,2023-08-15,2023,8,15,Summer,2,33.0,-116.8,365.0,61.0,260.0,44.0,0.0,0.0,0.0,150.0,101.0,67.0,0.0,1.0,185.0,151.0,28.0
Ramona,CA,SAN DIEGO,2023-08-16,2023,8,16,Summer,2,33.0,-116.8,365.0,61.0,260.0,44.0,0.0,0.0,0.0,150.0,101.0,67.0,0.0,1.0,185.0,151.0,28.0
Ramona,CA,SAN DIEGO,2023-08-17,2023,8,17,Summer,2,33.0,-116.8,365.0,61.0,260.0,44.0,0.0,0.0,0.0,150.0,101.0,67.0,0.0,1.0,185.0,151.0,28.0
Ramona,CA,SAN DIEGO,2023-08-18,2023,8,18,Summer,3,33.0,-116.8,365.0,61.0,260.0,44.0,0.0,0.0,0.0,150.0,101.0,67.0,0.0,1.0,185.0,151.0,28.0
Ramona,CA,SAN DIEGO,2023-08-22,2023,8,22,Summer,7,33.0,-116.8,365.0,61.0,260.0,44.0,0.0,0.0,0.0,150.0,101.0,67.0,0.0,1.0,185.0,151.0,28.0
Ramona,CA,SAN DIEGO,2023-08-23,2023,8,23,Summer,6,33.0,-116.8,365.0,61.0,260.0,44.0,0.0,0.0,0.0,150.0,101.0,67.0,0.0,1.0,185.0,151.0,28.0
Ramona,CA,SAN DIEGO,2023-08-24,2023,8,24,Summer,1,33.0,-116.8,365.0,61.0,260.0,44.0,0.0,0.0,0.0,150.0,101.0,67.0,0.0,1.0,185.0,151.0,28.0
Ramona,CA,SAN DIEGO,2023-08-25,2023,8,25,Summer,3,33.0,-116.8,365.0,61.0,260.0,44.0,0.0,0.0,0.0,150.0,101.0,67.0,0.0,1.0,185.0,151.0,28.0
Ramona,CA,SAN DIEGO,2023-08-26,2023,8,26,Summer,2,33.0,-116.8,365.0,61.0,260.0,44.0,0.0,0.0,0.0,150.0,101.0,67.0,0.0,1.0,185.0,151.0,28.0
Ramona,CA,SAN DIEGO,2023-08-27,2023,8,27,Summer,1,33.0,-116.8,365.0,61.0,260.0,44.0,0.0,0.0,0.0,150.0,101.0,67.0,0.0,1.0,185.0,151.0,28.0
Ramona,CA,SAN DIEGO,2023-08-28,2023,8,28,Summer,1,33.0,-116.8,365.0,61.0,260.0,44.0,0.0,0.0,0.0,150.0,101.0,67.0,0.0,1.0,185.0,151.0,28.0
Ramona,CA,SAN DIEGO,2023-08-29,2023,8,29,Summer,3,33.0,-116.8,365.0,61.0,260.0,44.0,0.0,0.0,0.0,150.0,101.0,67.0,0.0,1.0,185.0,151.0,28.0
Ramona,CA,SAN DIEGO,2023-08-30,2023,8,30,Summer,1,33.0,-116.8,365.0,61.0,260.0,44.0,0.0,0.0,0.0,150.0,101.0,67.0,0.0,1.0,185.0,151.0,28.0
Ramona,CA,SAN DIEGO,2023-08-31,2023,8,31,Summer,1,33.0,-116.8,365.0,61.0,260.0,44.0,0.0,0.0,0.0,150.0,101.0,67.0,0.0,1.0,185.0,151.0,28.0
Ramona,CA,SAN DIEGO,2023-09-01,2023,9,1,Fall,1,33.0,-116.8,365.0,61.0,260.0,44.0,0.0,0.0,0.0,150.0,101.0,67.0,0.0,1.0,185.0,151.0,28.0
Ramona,CA,SAN DIEGO,2023-09-03,2023,9,3,Fall,2,33.0,-116.8,365.0,61.0,260.0,44.0,0.0,0.0,0.0,150.0,101.0,67.0,0.0,1.0,185.0,151.0,28.0
Ramona,CA,SAN DIEGO,2023-09-04,2023,9,4,Fall,2,33.0,-116.8,365.0,61.0,260.0,44.0,0.0,0.0,0.0,150.0,101.0,67.0,0.0,1.0,185.0,151.0,28.0
Ramona,CA,SAN DIEGO,2023-09-06,2023,9,6,Fall,4,33.0,-116.8,365.0,61.0,260.0,44.0,0.0,0.0,0.0,150.0,101.0,67.0,0.0,1.0,185.0,151.0,28.0
Ramona,CA,SAN DIEGO,2023-09-07,2023,9,7,Fall,1,33.0,-116.8,365.0,61.0,260.0,44.0,0.0,0.0,0.0,150.0,101.0,67.0,0.0,1.0,185.0,151.0,28.0
Ramona,CA,SAN DIEGO,2023-09-08,2023,9,8,Fall,2,33.0,-116.8,365.0,61.0,260.0,44.0,0.0,0.0,0.0,150.0,101.0,67.0,0.0,1.0,185.0,151.0,28.0
Ramona,CA,SAN DIEGO,2023-09-09,2023,9,9,Fall,1,33.0,-116.8,365.0,61.0,260.0,44.0,0.0,0.0,0.0,150.0,101.0,67.0,0.0,1.0,185.0,151.0,28.0
Ramona,CA,SAN DIEGO,2023-09-11,2023,9,11,Fall,4,33.0,-116.8,365.0,61.0,260.0,44.0,0.0,0.0,0.0,150.0,101.0,67.0,0.0,1.0,185.0,151.0,28.0
Ramona,CA,SAN DIEGO,2023-09-12,2023,9,12,Fall,1,33.0,-116.8,365.0,61.0,260.0,44.0,0.0,0.0,0.0,150.0,101.0,67.0,0.0,1.0,185.0,151.0,28.0
Ramona,CA,SAN DIEGO,2023-09-13,2023,9,13,Fall,1,33.0,-116.8,365.0,61.0,260.0,44.0,0.0,0.0,0.0,150.0,101.0,67.0,0.0,1.0,185.0,151.0,28.0
Ramona,CA,SAN DIEGO,2023-09-14,2023,9,14,Fall,2,33.0,-116.8,365.0,61.0,260.0,44.0,0.0,0.0,0.0,150.0,101.0,67.0,0.0,1.0,185.0,151.0,28.0
Ramona,CA,SAN DIEGO,2023-09-20,2023,9,20,Fall,1,33.0,-116.8,365.0,61.0,260.0,44.0,0.0,0.0,0.0,150.0,101.0,67.0,0.0,1.0,185.0,151.0,28.0
Ramona,CA,SAN DIEGO,2023-09-24,2023,9,24,Fall,2,33.0,-116.8,365.0,61.0,260.0,44.0,0.0,0.0,0.0,150.0,101.0,67.0,0.0,1.0,185.0,151.0,28.0
Ramona,CA,SAN DIEGO,2023-09-25,2023,9,25,Fall,1,33.0,-116.8,365.0,61.0,260.0,44.0,0.0,0.0,0.0,150.0,101.0,67.0,0.0,1.0,185.0,151.0,28.0
Ramona,CA,SAN DIEGO,2023-09-26,2023,9,26,Fall,4,33.0,-116.8,365.0,61.0,260.0,44.0,0.0,0.0,0.0,150.0,101.0,67.0,0.0,1.0,185.0,151.0,28.0
Ramona,CA,SAN DIEGO,2023-09-27,2023,9,27,Fall,3,33.0,-116.8,365.0,61.0,260.0,44.0,0.0,0.0,0.0,150.0,101.0,67.0,0.0,1.0,185.0,151.0,28.0
Ramona,CA,SAN DIEGO,2023-09-29,2023,9,29,Fall,1,33.0,-116.8,365.0,61.0,260.0,44.0,0.0,0.0,0.0,150.0,101.0,67.0,0.0,1.0,185.0,151.0,28.0
Ramona,CA,SAN DIEGO,2023-10-02,2023,10,2,Fall,1,33.0,-116.8,365.0,61.0,260.0,44.0,0.0,0.0,0.0,150.0,101.0,67.0,0.0,1.0,185.0,151.0,28.0
Ramona,CA,SAN DIEGO,2023-10-08,2023,10,8,Fall,1,33.0,-116.8,365.0,61.0,260.0,44.0,0.0,0.0,0.0,150.0,101.0,67.0,0.0,1.0,185.0,151.0,28.0
Ramona,CA,SAN DIEGO,2023-10-10,2023,10,10,Fall,1,33.0,-116.8,365.0,61.0,260.0,44.0,0.0,0.0,0.0,150.0,101.0,67.0,0.0,1.0,185.0,151.0,28.0
Ramona,CA,SAN DIEGO,2023-10-12,2023,10,12,Fall,4,33.0,-116.8,365.0,61.0,260.0,44.0,0.0,0.0,0.0,150.0,101.0,67.0,0.0,1.0,185.0,151.0,28.0
Ramona,CA,SAN DIEGO,2023-10-15,2023,10,15,Fall,2,33.0,-116.8,365.0,61.0,260.0,44.0,0.0,0.0,0.0,150.0,101.0,67.0,0.0,1.0,185.0,151.0,28.0
Ramona,CA,SAN DIEGO,2023-10-16,2023,10,16,Fall,1,33.0,-116.8,365.0,61.0,260.0,44.0,0.0,0.0,0.0,150.0,101.0,67.0,0.0,1.0,185.0,151.0,28.0
Ramona,CA,SAN DIEGO,2023-10-24,2023,10,24,Fall,1,33.0,-116.8,365.0,61.0,260.0,44.0,0.0,0.0,0.0,150.0,101.0,67.0,0.0,1.0,185.0,151.0,28.0
Ramona,CA,SAN DIEGO,2023-10-26,2023,10,26,Fall,1,33.0,-116.8,365.0,61.0,260.0,44.0,0.0,0.0,0.0,150.0,101.0,67.0,0.0,1.0,185.0,151.0,28.0
Ramona,CA,SAN DIEGO,2023-11-03,2023,11,3,Fall,1,33.0,-116.8,365.0,61.0,260.0,44.0,0.0,0.0,0.0,150.0,101.0,67.0,0.0,1.0,185.0,151.0,28.0
Ramona,CA,SAN DIEGO,2023-11-05,2023,11,5,Fall,1,33.0,-116.8,365.0,61.0,260.0,44.0,0.0,0.0,0.0,150.0,101.0,67.0,0.0,1.0,185.0,151.0,28.0
Ramona,CA,SAN DIEGO,2023-11-12,2023,11,12,Fall,2,33.0,-116.8,365.0,61.0,260.0,44.0,0.0,0.0,0.0,150.0,101.0,67.0,0.0,1.0,185.0,151.0,28.0
Ramona,CA,SAN DIEGO,2023-11-13,2023,11,13,Fall,3,33.0,-116.8,365.0,61.0,260.0,44.0,0.0,0.0,0.0,150.0,101.0,67.0,0.0,1.0,185.0,151.0,28.0
Ramona,CA,SAN DIEGO,2023-11-14,2023,11,14,Fall,5,33.0,-116.9,365.0,61.0,260.0,44.0,0.0,0.0,0.0,150.0,101.0,67.0,0.0,1.0,185.0,151.0,28.0
Ramona,CA,SAN DIEGO,2023-11-19,2023,11,19,Fall,1,33.0,-116.8,365.0,61.0,260.0,44.0,0.0,0.0,0.0,150.0,101.0,67.0,0.0,1.0,185.0,151.0,28.0
Ramona,CA,SAN DIEGO,2023-11-20,2023,11,20,Fall,3,33.0,-116.8,365.0,61.0,260.0,44.0,0.0,0.0,0.0,150.0,101.0,67.0,0.0,1.0,185.0,151.0,28.0
Ramona,CA,SAN DIEGO,2023-11-21,2023,11,21,Fall,5,33.0,-116.8,365.0,61.0,260.0,44.0,0.0,0.0,0.0,150.0,101.0,67.0,0.0,1.0,185.0,151.0,28.0
Ramona,CA,SAN DIEGO,2023-11-22,2023,11,22,Fall,6,33.0,-116.8,365.0,61.0,260.0,44.0,0.0,0.0,0.0,150.0,101.0,67.0,0.0,1.0,185.0,151.0,28.0
Ramona,CA,SAN DIEGO,2023-11-23,2023,11,23,Fall,5,33.0,-116.8,365.0,61.0,260.0,44.0,0.0,0.0,0.0,150.0,101.0,67.0,0.0,1.0,185.0,151.0,28.0
Ramona,CA,SAN DIEGO,2023-11-24,2023,11,24,Fall,1,33.0,-116.8,365.0,61.0,260.0,44.0,0.0,0.0,0.0,150.0,101.0,67.0,0.0,1.0,185.0,151.0,28.0
Ramona,CA,SAN DIEGO,2023-11-25,2023,11,25,Fall,4,33.0,-116.8,365.0,61.0,260.0,44.0,0.0,0.0,0.0,150.0,101.0,67.0,0.0,1.0,185.0,151.0,28.0
Ramona,CA,SAN DIEGO,2023-11-26,2023,11,26,Fall,1,33.0,-116.8,365.0,61.0,260.0,44.0,0.0,0.0,0.0,150.0,101.0,67.0,0.0,1.0,185.0,151.0,28.0
Ramona,CA,SAN DIEGO,2023-11-27,2023,11,27,Fall,6,33.0,-116.8,365.0,61.0,260.0,44.0,0.0,0.0,0.0,150.0,101.0,67.0,0.0,1.0,185.0,151.0,28.0
Ramona,CA,SAN DIEGO,2023-12-05,2023,12,5,Winter,4,33.0,-116.8,365.0,61.0,260.0,44.0,0.0,0.0,0.0,150.0,101.0,67.0,0.0,1.0,185.0,151.0,28.0
Ramona,CA,SAN DIEGO,2023-12-06,2023,12,6,Winter,4,33.0,-116.8,365.0,61.0,260.0,44.0,0.0,0.0,0.0,150.0,101.0,67.0,0.0,1.0,185.0,151.0,28.0
Ramona,CA,SAN DIEGO,2023-12-07,2023,12,7,Winter,2,33.0,-116.8,365.0,61.0,260.0,44.0,0.0,0.0,0.0,150.0,101.0,67.0,0.0,1.0,185.0,151.0,28.0
Ramona,CA,SAN DIEGO,2023-12-08,2023,12,8,Winter,2,33.0,-116.8,365.0,61.0,260.0,44.0,0.0,0.0,0.0,150.0,101.0,67.0,0.0,1.0,185.0,151.0,28.0
Ramona,CA,SAN DIEGO,2023-12-10,2023,12,10,Winter,4,33.0,-116.8,365.0,61.0,260.0,44.0,0.0,0.0,0.0,150.0,101.0,67.0,0.0,1.0,185.0,151.0,28.0
Ramona,CA,SAN DIEGO,2023-12-11,2023,12,11,Winter,4,33.0,-116.8,365.0,61.0,260.0,44.0,0.0,0.0,0.0,150.0,101.0,67.0,0.0,1.0,185.0,151.0,28.0
Ramona,CA,SAN DIEGO,2023-12-13,2023,12,13,Winter,2,33.0,-116.8,365.0,61.0,260.0,44.0,0.0,0.0,0.0,150.0,101.0,67.0,0.0,1.0,185.0,151.0,28.0
Ramona,CA,SAN DIEGO,2023-12-14,2023,12,14,Winter,4,33.0,-116.8,365.0,61.0,260.0,44.0,0.0,0.0,0.0,150.0,101.0,67.0,0.0,1.0,185.0,151.0,28.0
Ramona,CA,SAN DIEGO,2023-12-15,2023,12,15,Winter,3,33.0,-116.8,365.0,61.0,260.0,44.0,0.0,0.0,0.0,150.0,101.0,67.0,0.0,1.0,185.0,151.0,28.0
Ramona,CA,SAN DIEGO,2023-12-16,2023,12,16,Winter,5,33.0,-116.8,365.0,61.0,260.0,44.0,0.0,0.0,0.0,150.0,101.0,67.0,0.0,1.0,185.0,151.0,28.0
Ramona,CA,SAN DIEGO,2023-12-17,2023,12,17,Winter,1,33.0,-116.8,365.0,61.0,260.0,44.0,0.0,0.0,0.0,150.0,101.0,67.0,0.0,1.0,185.0,151.0,28.0
Ramona,CA,SAN DIEGO,2023-12-18,2023,12,18,Winter,1,33.0,-116.8,365.0,61.0,260.0,44.0,0.0,0.0,0.0,150.0,101.0,67.0,0.0,1.0,185.0,151.0,28.0
Ramona,CA,SAN DIEGO,2023-12-27,2023,12,27,Winter,1,33.0,-116.8,365.0,61.0,260.0,44.0,0.0,0.0,0.0,150.0,101.0,67.0,0.0,1.0,185.0,151.0,28.0
Rancho Cucamonga,CA,SAN BERNARDINO,2023-02-04,2023,2,4,Winter,5,34.1,-117.6,365.0,50.0,197.0,67.0,44.0,7.0,0.0,214.0,164.0,71.0,0.0,13.0,205.0,137.0,10.0
Raquette Lake,NY,HAMILTON,2023-08-26,2023,8,26,Summer,4,43.8,-74.6,354.0,337.0,17.0,0.0,0.0,0.0,0.0,90.0,46.0,33.0,0.0,0.0,354.0,0.0,0.0
Ravenna,MI,MUSKEGON,2023-08-14,2023,8,14,Summer,5,43.2,-85.9,242.0,187.0,44.0,11.0,0.0,0.0,0.0,147.0,87.0,41.0,0.0,0.0,242.0,0.0,0.0
Raymond,MS,HINDS,2023-04-10,2023,4,10,Spring,2,32.3,-90.4,365.0,131.0,231.0,3.0,0.0,0.0,0.0,115.0,74.0,54.0,0.0,0.0,97.0,268.0,0.0
Readfield,ME,KENNEBEC,2023-08-26,2023,8,26,Summer,2,44.4,-70.0,299.0,242.0,57.0,0.0,0.0,0.0,0.0,92.0,59.0,37.0,0.0,0.0,136.0,161.0,2.0
Reading,PA,BERKS,2023-07-31,2023,7,31,Summer,80,40.3,-76.0,364.0,205.0,147.0,7.0,3.0,2.0,0.0,287.0,72.0,48.0,0.0,0.0,171.0,193.0,0.0
Reading,PA,BERKS,2023-09-19,2023,9,19,Fall,40,40.3,-76.0,364.0,205.0,147.0,7.0,3.0,2.0,0.0,287.0,72.0,48.0,0.0,0.0,171.0,193.0,0.0
Red Bluff,CA,TEHAMA,2023-07-25,2023,7,25,Summer,2,40.2,-122.3,365.0,242.0,117.0,6.0,0.0,0.0,0.0,136.0,67.0,44.0,0.0,0.0,285.0,77.0,3.0
Red Oak,TX,ELLIS,2023-10-27,2023,10,27,Fall,1400,32.5,-96.9,348.0,286.0,60.0,2.0,0.0,0.0,0.0,112.0,61.0,36.0,0.0,20.0,328.0,0.0,0.0
Red Wing,MN,GOODHUE,2023-05-23,2023,5,23,Spring,1,44.6,-92.6,238.0,198.0,35.0,5.0,0.0,0.0,0.0,133.0,71.0,43.0,0.0,0.0,238.0,0.0,0.0
Redlands,CA,SAN BERNARDINO,2023-09-14,2023,9,14,Fall,6,34.0,-117.2,365.0,50.0,197.0,67.0,44.0,7.0,0.0,214.0,164.0,71.0,0.0,13.0,205.0,137.0,10.0
Redlands,CA,SAN BERNARDINO,2023-09-23,2023,9,23,Fall,6,34.0,-117.2,365.0,50.0,197.0,67.0,44.0,7.0,0.0,214.0,164.0,71.0,0.0,13.0,205.0,137.0,10.0
Redlands,CA,SAN BERNARDINO,2023-09-24,2023,9,24,Fall,3,34.0,-117.2,365.0,50.0,197.0,67.0,44.0,7.0,0.0,214.0,164.0,71.0,0.0,13.0,205.0,137.0,10.0
Redondo Beach,CA,LOS ANGELES,2023-06-07,2023,6,7,Summer,3,33.9,-118.4,365.0,41.0,237.0,52.0,32.0,3.0,0.0,210.0,147.0,67.0,0.0,5.0,150.0,203.0,7.0
Redondo Beach,CA,LOS ANGELES,2023-07-13,2023,7,13,Summer,1,33.8,-118.4,365.0,41.0,237.0,52.0,32.0,3.0,0.0,210.0,147.0,67.0,0.0,5.0,150.0,203.0,7.0
Redondo Beach,CA,LOS ANGELES,2023-07-28,2023,7,28,Summer,3,33.9,-118.4,365.0,41.0,237.0,52.0,32.0,3.0,0.0,210.0,147.0,67.0,0.0,5.0,150.0,203.0,7.0
Reno,NV,WASHOE,2023-06-27,2023,6,27,Summer,34,39.4,-119.7,365.0,191.0,174.0,0.0,0.0,0.0,0.0,97.0,71.0,50.0,0.0,4.0,248.0,112.0,1.0
Reno,NV,WASHOE,2023-07-03,2023,7,3,Summer,34,39.4,-119.7,365.0,191.0,174.0,0.0,0.0,0.0,0.0,97.0,71.0,50.0,0.0,4.0,248.0,112.0,1.0
Reno,NV,WASHOE,2023-08-16,2023,8,16,Summer,102,39.5,-119.8,365.0,191.0,174.0,0.0,0.0,0.0,0.0,97.0,71.0,50.0,0.0,4.0,248.0,112.0,1.0
Renovo,PA,CLINTON,2023-07-04,2023,7,4,Summer,11,41.3,-77.8,,,,,,,,,,,,,,,
Republic,MO,GREENE,2023-09-21,2023,9,21,Fall,1,37.1,-93.5,365.0,188.0,171.0,6.0,0.0,0.0,0.0,122.0,68.0,49.0,0.0,0.0,111.0,254.0,0.0
Republic,MO,GREENE,2023-10-12,2023,10,12,Fall,1,37.1,-93.5,365.0,188.0,171.0,6.0,0.0,0.0,0.0,122.0,68.0,49.0,0.0,0.0,111.0,254.0,0.0
Reston,VA,FAIRFAX,2023-04-27,2023,4,27,Spring,4,39.0,-77.4,365.0,217.0,138.0,7.0,2.0,1.0,0.0,222.0,69.0,46.0,0.0,19.0,130.0,216.0,0.0
Reston,VA,FAIRFAX,2023-07-19,2023,7,19,Summer,4,38.9,-77.3,365.0,217.0,138.0,7.0,2.0,1.0,0.0,222.0,69.0,46.0,0.0,19.0,130.0,216.0,0.0
Reston,VA,FAIRFAX,2023-07-30,2023,7,30,Summer,4,39.0,-77.4,365.0,217.0,138.0,7.0,2.0,1.0,0.0,222.0,69.0,46.0,0.0,19.0,130.0,216.0,0.0
Reston,VA,FAIRFAX,2023-08-01,2023,8,1,Summer,8,39.0,-77.4,365.0,217.0,138.0,7.0,2.0,1.0,0.0,222.0,69.0,46.0,0.0,19.0,130.0,216.0,0.0
Reston,VA,FAIRFAX,2023-08-04,2023,8,4,Summer,4,38.9,-77.3,365.0,217.0,138.0,7.0,2.0,1.0,0.0,222.0,69.0,46.0,0.0,19.0,130.0,216.0,0.0
Reston,VA,FAIRFAX,2023-08-06,2023,8,6,Summer,4,39.0,-77.4,365.0,217.0,138.0,7.0,2.0,1.0,0.0,222.0,69.0,46.0,0.0,19.0,130.0,216.0,0.0
Reston,VA,FAIRFAX,2023-08-07,2023,8,7,Summer,4,39.0,-77.4,365.0,217.0,138.0,7.0,2.0,1.0,0.0,222.0,69.0,46.0,0.0,19.0,130.0,216.0,0.0
Reston,VA,FAIRFAX,2023-08-16,2023,8,16,Summer,4,39.0,-77.4,365.0,217.0,138.0,7.0,2.0,1.0,0.0,222.0,69.0,46.0,0.0,19.0,130.0,216.0,0.0
Reston,VA,FAIRFAX,2023-08-17,2023,8,17,Summer,4,38.9,-77.3,365.0,217.0,138.0,7.0,2.0,1.0,0.0,222.0,69.0,46.0,0.0,19.0,130.0,216.0,0.0
Reston,VA,FAIRFAX,2023-08-24,2023,8,24,Summer,4,38.9,-77.3,365.0,217.0,138.0,7.0,2.0,1.0,0.0,222.0,69.0,46.0,0.0,19.0,130.0,216.0,0.0
Reston,VA,FAIRFAX,2023-10-10,2023,10,10,Fall,8,39.0,-77.4,365.0,217.0,138.0,7.0,2.0,1.0,0.0,222.0,69.0,46.0,0.0,19.0,130.0,216.0,0.0
Reston,VA,FAIRFAX,2023-10-11,2023,10,11,Fall,8,39.0,-77.4,365.0,217.0,138.0,7.0,2.0,1.0,0.0,222.0,69.0,46.0,0.0,19.0,130.0,216.0,0.0
Reston,VA,FAIRFAX,2023-10-19,2023,10,19,Fall,4,39.0,-77.4,365.0,217.0,138.0,7.0,2.0,1.0,0.0,222.0,69.0,46.0,0.0,19.0,130.0,216.0,0.0
Reston,VA,FAIRFAX,2023-10-29,2023,10,29,Fall,4,38.9,-77.3,365.0,217.0,138.0,7.0,2.0,1.0,0.0,222.0,69.0,46.0,0.0,19.0,130.0,216.0,0.0
Reyno,AR,RANDOLPH,2023-05-30,2023,5,30,Spring,1,36.4,-90.8,,,,,,,,,,,,,,,
Reyno,AR,RANDOLPH,2023-06-01,2023,6,1,Summer,2,36.4,-90.8,,,,,,,,,,,,,,,
Reyno,AR,RANDOLPH,2023-06-04,2023,6,4,Summer,2,36.4,-90.8,,,,,,,,,,,,,,,
Reyno,AR,RANDOLPH,2023-06-06,2023,6,6,Summer,1,36.4,-90.8,,,,,,,,,,,,,,,
Reyno,AR,RANDOLPH,2023-06-11,2023,6,11,Summer,1,36.4,-90.8,,,,,,,,,,,,,,,
Reyno,AR,RANDOLPH,2023-06-12,2023,6,12,Summer,2,36.4,-90.8,,,,,,,,,,,,,,,
Reyno,AR,RANDOLPH,2023-07-16,2023,7,16,Summer,3,36.4,-90.8,,,,,,,,,,,,,,,
Rhinebeck,NY,DUTCHESS,2023-09-12,2023,9,12,Fall,1,41.9,-73.8,347.0,333.0,13.0,1.0,0.0,0.0,0.0,108.0,46.0,33.0,0.0,0.0,347.0,0.0,0.0
Rhinebeck,NY,DUTCHESS,2023-09-13,2023,9,13,Fall,5,41.9,-73.8,347.0,333.0,13.0,1.0,0.0,0.0,0.0,108.0,46.0,33.0,0.0,0.0,347.0,0.0,0.0
Rice,TX,NAVARRO,2023-10-09,2023,10,9,Fall,5,32.2,-96.5,364.0,217.0,147.0,0.0,0.0,0.0,0.0,100.0,69.0,46.0,0.0,0.0,190.0,174.0,0.0
Rice,TX,NAVARRO,2023-10-26,2023,10,26,Fall,4,32.2,-96.5,364.0,217.0,147.0,0.0,0.0,0.0,0.0,100.0,69.0,46.0,0.0,0.0,190.0,174.0,0.0
Richardson,TX,DALLAS,2023-03-25,2023,3,25,Spring,4,32.9,-96.7,365.0,122.0,216.0,26.0,1.0,0.0,0.0,172.0,84.0,55.0,0.0,5.0,124.0,233.0,3.0
Richardson,TX,DALLAS,2023-04-01,2023,4,1,Spring,2,33.0,-96.8,365.0,122.0,216.0,26.0,1.0,0.0,0.0,172.0,84.0,55.0,0.0,5.0,124.0,233.0,3.0
Richardson,TX,DALLAS,2023-09-11,2023,9,11,Fall,2,33.0,-96.8,365.0,122.0,216.0,26.0,1.0,0.0,0.0,172.0,84.0,55.0,0.0,5.0,124.0,233.0,3.0
Richardson,TX,DALLAS,2023-10-10,2023,10,10,Fall,2,33.0,-96.7,365.0,122.0,216.0,26.0,1.0,0.0,0.0,172.0,84.0,55.0,0.0,5.0,124.0,233.0,3.0
Richardson,TX,DALLAS,2023-10-14,2023,10,14,Fall,2,33.0,-96.7,365.0,122.0,216.0,26.0,1.0,0.0,0.0,172.0,84.0,55.0,0.0,5.0,124.0,233.0,3.0
Richland,WA,BENTON,2023-10-23,2023,10,23,Fall,3,46.3,-119.3,365.0,262.0,99.0,1.0,1.0,2.0,0.0,261.0,61.0,41.0,0.0,0.0,117.0,228.0,20.0
Richmond,CA,CONTRA COSTA,2023-10-26,2023,10,26,Fall,12,37.9,-122.3,365.0,172.0,191.0,2.0,0.0,0.0,0.0,110.0,64.0,52.0,0.0,1.0,93.0,271.0,0.0
Richmond,IN,WAYNE,2023-09-23,2023,9,23,Fall,12,39.8,-84.9,,,,,,,,,,,,,,,
Richmond,KY,MADISON,2023-08-02,2023,8,2,Summer,1,37.7,-84.3,,,,,,,,,,,,,,,
Richmond,KY,MADISON,2023-10-12,2023,10,12,Fall,1,37.8,-84.3,,,,,,,,,,,,,,,
Richmond,MI,MACOMB,2023-10-03,2023,10,3,Fall,4,42.8,-82.8,364.0,182.0,170.0,8.0,4.0,0.0,0.0,195.0,75.0,51.0,0.0,0.0,120.0,244.0,0.0
Richmond,VA,CHESTERFIELD,2023-07-28,2023,7,28,Summer,7,37.6,-77.5,278.0,242.0,35.0,1.0,0.0,0.0,0.0,139.0,54.0,41.0,0.0,0.0,207.0,71.0,0.0
Richmond,VA,CHESTERFIELD,2023-08-03,2023,8,3,Summer,7,37.6,-77.6,278.0,242.0,35.0,1.0,0.0,0.0,0.0,139.0,54.0,41.0,0.0,0.0,207.0,71.0,0.0
Richmond,VA,CHESTERFIELD,2023-08-05,2023,8,5,Summer,7,37.5,-77.5,278.0,242.0,35.0,1.0,0.0,0.0,0.0,139.0,54.0,41.0,0.0,0.0,207.0,71.0,0.0
Richmond,VA,CHESTERFIELD,2023-08-11,2023,8,11,Summer,7,37.5,-77.4,278.0,242.0,35.0,1.0,0.0,0.0,0.0,139.0,54.0,41.0,0.0,0.0,207.0,71.0,0.0
Richmond,VA,CHESTERFIELD,2023-08-12,2023,8,12,Summer,21,37.5,-77.4,278.0,242.0,35.0,1.0,0.0,0.0,0.0,139.0,54.0,41.0,0.0,0.0,207.0,71.0,0.0
Richmond,VA,CHESTERFIELD,2023-08-14,2023,8,14,Summer,14,37.5,-77.4,278.0,242.0,35.0,1.0,0.0,0.0,0.0,139.0,54.0,41.0,0.0,0.0,207.0,71.0,0.0
Richmond,VA,CHESTERFIELD,2023-08-22,2023,8,22,Summer,28,37.5,-77.6,278.0,242.0,35.0,1.0,0.0,0.0,0.0,139.0,54.0,41.0,0.0,0.0,207.0,71.0,0.0
Richmond,VA,CHESTERFIELD,2023-08-27,2023,8,27,Summer,7,37.5,-77.6,278.0,242.0,35.0,1.0,0.0,0.0,0.0,139.0,54.0,41.0,0.0,0.0,207.0,71.0,0.0
Richmond,VA,CHESTERFIELD,2023-08-28,2023,8,28,Summer,7,37.6,-77.5,278.0,242.0,35.0,1.0,0.0,0.0,0.0,139.0,54.0,41.0,0.0,0.0,207.0,71.0,0.0
Richmond,VA,CHESTERFIELD,2023-08-29,2023,8,29,Summer,7,37.6,-77.4,278.0,242.0,35.0,1.0,0.0,0.0,0.0,139.0,54.0,41.0,0.0,0.0,207.0,71.0,0.0
Richmond,VA,CHESTERFIELD,2023-09-06,2023,9,6,Fall,14,37.5,-77.6,278.0,242.0,35.0,1.0,0.0,0.0,0.0,139.0,54.0,41.0,0.0,0.0,207.0,71.0,0.0
Richmond,VA,CHESTERFIELD,2023-09-08,2023,9,8,Fall,7,37.6,-77.5,278.0,242.0,35.0,1.0,0.0,0.0,0.0,139.0,54.0,41.0,0.0,0.0,207.0,71.0,0.0
Richmond,VA,CHESTERFIELD,2023-09-09,2023,9,9,Fall,7,37.6,-77.5,278.0,242.0,35.0,1.0,0.0,0.0,0.0,139.0,54.0,41.0,0.0,0.0,207.0,71.0,0.0
Richmond,VA,CHESTERFIELD,2023-09-14,2023,9,14,Fall,7,37.6,-77.5,278.0,242.0,35.0,1.0,0.0,0.0,0.0,139.0,54.0,41.0,0.0,0.0,207.0,71.0,0.0
Richmond,VA,CHESTERFIELD,2023-09-15,2023,9,15,Fall,7,37.6,-77.5,278.0,242.0,35.0,1.0,0.0,0.0,0.0,139.0,54.0,41.0,0.0,0.0,207.0,71.0,0.0
Richmond,VA,CHESTERFIELD,2023-09-25,2023,9,25,Fall,7,37.6,-77.4,278.0,242.0,35.0,1.0,0.0,0.0,0.0,139.0,54.0,41.0,0.0,0.0,207.0,71.0,0.0
Richmond,VA,CHESTERFIELD,2023-09-30,2023,9,30,Fall,7,37.5,-77.5,278.0,242.0,35.0,1.0,0.0,0.0,0.0,139.0,54.0,41.0,0.0,0.0,207.0,71.0,0.0
Richmond,VA,CHESTERFIELD,2023-10-04,2023,10,4,Fall,7,37.6,-77.5,278.0,242.0,35.0,1.0,0.0,0.0,0.0,139.0,54.0,41.0,0.0,0.0,207.0,71.0,0.0
Richmond,VA,CHESTERFIELD,2023-10-06,2023,10,6,Fall,14,37.6,-77.5,278.0,242.0,35.0,1.0,0.0,0.0,0.0,139.0,54.0,41.0,0.0,0.0,207.0,71.0,0.0
Richmond,VA,CHESTERFIELD,2023-10-07,2023,10,7,Fall,7,37.5,-77.5,278.0,242.0,35.0,1.0,0.0,0.0,0.0,139.0,54.0,41.0,0.0,0.0,207.0,71.0,0.0
Richmond,VA,CHESTERFIELD,2023-10-08,2023,10,8,Fall,7,37.6,-77.4,278.0,242.0,35.0,1.0,0.0,0.0,0.0,139.0,54.0,41.0,0.0,0.0,207.0,71.0,0.0
Richmond,VA,CHESTERFIELD,2023-10-09,2023,10,9,Fall,7,37.5,-77.4,278.0,242.0,35.0,1.0,0.0,0.0,0.0,139.0,54.0,41.0,0.0,0.0,207.0,71.0,0.0
Richmond,VA,CHESTERFIELD,2023-10-30,2023,10,30,Fall,7,37.6,-77.5,278.0,242.0,35.0,1.0,0.0,0.0,0.0,139.0,54.0,41.0,0.0,0.0,207.0,71.0,0.0
Richmond,VA,CHESTERFIELD,2023-11-03,2023,11,3,Fall,14,37.6,-77.5,278.0,242.0,35.0,1.0,0.0,0.0,0.0,139.0,54.0,41.0,0.0,0.0,207.0,71.0,0.0
Richmond,VA,CHESTERFIELD,2023-11-04,2023,11,4,Fall,7,37.6,-77.5,278.0,242.0,35.0,1.0,0.0,0.0,0.0,139.0,54.0,41.0,0.0,0.0,207.0,71.0,0.0
Richmond,VA,HENRICO,2023-07-28,2023,7,28,Summer,7,37.6,-77.5,365.0,221.0,140.0,3.0,1.0,0.0,0.0,159.0,64.0,46.0,1.0,3.0,141.0,220.0,0.0
Richmond,VA,HENRICO,2023-08-03,2023,8,3,Summer,7,37.6,-77.6,365.0,221.0,140.0,3.0,1.0,0.0,0.0,159.0,64.0,46.0,1.0,3.0,141.0,220.0,0.0
Richmond,VA,HENRICO,2023-08-05,2023,8,5,Summer,7,37.5,-77.5,365.0,221.0,140.0,3.0,1.0,0.0,0.0,159.0,64.0,46.0,1.0,3.0,141.0,220.0,0.0
Richmond,VA,HENRICO,2023-08-11,2023,8,11,Summer,7,37.5,-77.4,365.0,221.0,140.0,3.0,1.0,0.0,0.0,159.0,64.0,46.0,1.0,3.0,141.0,220.0,0.0
Richmond,VA,HENRICO,2023-08-12,2023,8,12,Summer,21,37.5,-77.4,365.0,221.0,140.0,3.0,1.0,0.0,0.0,159.0,64.0,46.0,1.0,3.0,141.0,220.0,0.0
Richmond,VA,HENRICO,2023-08-14,2023,8,14,Summer,14,37.5,-77.4,365.0,221.0,140.0,3.0,1.0,0.0,0.0,159.0,64.0,46.0,1.0,3.0,141.0,220.0,0.0
Richmond,VA,HENRICO,2023-08-22,2023,8,22,Summer,28,37.5,-77.6,365.0,221.0,140.0,3.0,1.0,0.0,0.0,159.0,64.0,46.0,1.0,3.0,141.0,220.0,0.0
Richmond,VA,HENRICO,2023-08-27,2023,8,27,Summer,7,37.5,-77.6,365.0,221.0,140.0,3.0,1.0,0.0,0.0,159.0,64.0,46.0,1.0,3.0,141.0,220.0,0.0
Richmond,VA,HENRICO,2023-08-28,2023,8,28,Summer,7,37.6,-77.5,365.0,221.0,140.0,3.0,1.0,0.0,0.0,159.0,64.0,46.0,1.0,3.0,141.0,220.0,0.0
Richmond,VA,HENRICO,2023-08-29,2023,8,29,Summer,7,37.6,-77.4,365.0,221.0,140.0,3.0,1.0,0.0,0.0,159.0,64.0,46.0,1.0,3.0,141.0,220.0,0.0
Richmond,VA,HENRICO,2023-09-06,2023,9,6,Fall,14,37.6,-77.5,365.0,221.0,140.0,3.0,1.0,0.0,0.0,159.0,64.0,46.0,1.0,3.0,141.0,220.0,0.0
Richmond,VA,HENRICO,2023-09-08,2023,9,8,Fall,7,37.6,-77.5,365.0,221.0,140.0,3.0,1.0,0.0,0.0,159.0,64.0,46.0,1.0,3.0,141.0,220.0,0.0
Richmond,VA,HENRICO,2023-09-09,2023,9,9,Fall,7,37.6,-77.5,365.0,221.0,140.0,3.0,1.0,0.0,0.0,159.0,64.0,46.0,1.0,3.0,141.0,220.0,0.0
Richmond,VA,HENRICO,2023-09-14,2023,9,14,Fall,7,37.6,-77.5,365.0,221.0,140.0,3.0,1.0,0.0,0.0,159.0,64.0,46.0,1.0,3.0,141.0,220.0,0.0
Richmond,VA,HENRICO,2023-09-15,2023,9,15,Fall,7,37.6,-77.5,365.0,221.0,140.0,3.0,1.0,0.0,0.0,159.0,64.0,46.0,1.0,3.0,141.0,220.0,0.0
Richmond,VA,HENRICO,2023-09-25,2023,9,25,Fall,7,37.6,-77.4,365.0,221.0,140.0,3.0,1.0,0.0,0.0,159.0,64.0,46.0,1.0,3.0,141.0,220.0,0.0
Richmond,VA,HENRICO,2023-09-30,2023,9,30,Fall,7,37.5,-77.5,365.0,221.0,140.0,3.0,1.0,0.0,0.0,159.0,64.0,46.0,1.0,3.0,141.0,220.0,0.0
Richmond,VA,HENRICO,2023-10-04,2023,10,4,Fall,7,37.6,-77.5,365.0,221.0,140.0,3.0,1.0,0.0,0.0,159.0,64.0,46.0,1.0,3.0,141.0,220.0,0.0
Richmond,VA,HENRICO,2023-10-06,2023,10,6,Fall,14,37.6,-77.5,365.0,221.0,140.0,3.0,1.0,0.0,0.0,159.0,64.0,46.0,1.0,3.0,141.0,220.0,0.0
Richmond,VA,HENRICO,2023-10-07,2023,10,7,Fall,7,37.5,-77.5,365.0,221.0,140.0,3.0,1.0,0.0,0.0,159.0,64.0,46.0,1.0,3.0,141.0,220.0,0.0
Richmond,VA,HENRICO,2023-10-08,2023,10,8,Fall,7,37.6,-77.4,365.0,221.0,140.0,3.0,1.0,0.0,0.0,159.0,64.0,46.0,1.0,3.0,141.0,220.0,0.0
Richmond,VA,HENRICO,2023-10-09,2023,10,9,Fall,7,37.5,-77.4,365.0,221.0,140.0,3.0,1.0,0.0,0.0,159.0,64.0,46.0,1.0,3.0,141.0,220.0,0.0
Richmond,VA,HENRICO,2023-10-30,2023,10,30,Fall,7,37.6,-77.5,365.0,221.0,140.0,3.0,1.0,0.0,0.0,159.0,64.0,46.0,1.0,3.0,141.0,220.0,0.0
Richmond,VA,HENRICO,2023-11-03,2023,11,3,Fall,14,37.6,-77.5,365.0,221.0,140.0,3.0,1.0,0.0,0.0,159.0,64.0,46.0,1.0,3.0,141.0,220.0,0.0
Richmond,VA,HENRICO,2023-11-04,2023,11,4,Fall,7,37.6,-77.5,365.0,221.0,140.0,3.0,1.0,0.0,0.0,159.0,64.0,46.0,1.0,3.0,141.0,220.0,0.0
Richmond,VA,RICHMOND CITY,2023-07-28,2023,7,28,Summer,31,37.6,-77.5,365.0,227.0,134.0,1.0,3.0,0.0,0.0,158.0,62.0,45.0,0.0,41.0,0.0,324.0,0.0
Richmond,VA,RICHMOND CITY,2023-08-03,2023,8,3,Summer,31,37.6,-77.6,365.0,227.0,134.0,1.0,3.0,0.0,0.0,158.0,62.0,45.0,0.0,41.0,0.0,324.0,0.0
Richmond,VA,RICHMOND CITY,2023-08-05,2023,8,5,Summer,31,37.5,-77.5,365.0,227.0,134.0,1.0,3.0,0.0,0.0,158.0,62.0,45.0,0.0,41.0,0.0,324.0,0.0
Richmond,VA,RICHMOND CITY,2023-08-11,2023,8,11,Summer,31,37.5,-77.4,365.0,227.0,134.0,1.0,3.0,0.0,0.0,158.0,62.0,45.0,0.0,41.0,0.0,324.0,0.0
Richmond,VA,RICHMOND CITY,2023-08-12,2023,8,12,Summer,93,37.6,-77.5,365.0,227.0,134.0,1.0,3.0,0.0,0.0,158.0,62.0,45.0,0.0,41.0,0.0,324.0,0.0
Richmond,VA,RICHMOND CITY,2023-08-14,2023,8,14,Summer,62,37.5,-77.4,365.0,227.0,134.0,1.0,3.0,0.0,0.0,158.0,62.0,45.0,0.0,41.0,0.0,324.0,0.0
Richmond,VA,RICHMOND CITY,2023-08-22,2023,8,22,Summer,124,37.5,-77.6,365.0,227.0,134.0,1.0,3.0,0.0,0.0,158.0,62.0,45.0,0.0,41.0,0.0,324.0,0.0
Richmond,VA,RICHMOND CITY,2023-08-27,2023,8,27,Summer,31,37.5,-77.6,365.0,227.0,134.0,1.0,3.0,0.0,0.0,158.0,62.0,45.0,0.0,41.0,0.0,324.0,0.0
Richmond,VA,RICHMOND CITY,2023-08-28,2023,8,28,Summer,31,37.6,-77.5,365.0,227.0,134.0,1.0,3.0,0.0,0.0,158.0,62.0,45.0,0.0,41.0,0.0,324.0,0.0
Richmond,VA,RICHMOND CITY,2023-08-29,2023,8,29,Summer,31,37.6,-77.4,365.0,227.0,134.0,1.0,3.0,0.0,0.0,158.0,62.0,45.0,0.0,41.0,0.0,324.0,0.0
Richmond,VA,RICHMOND CITY,2023-09-06,2023,9,6,Fall,62,37.5,-77.6,365.0,227.0,134.0,1.0,3.0,0.0,0.0,158.0,62.0,45.0,0.0,41.0,0.0,324.0,0.0
Richmond,VA,RICHMOND CITY,2023-09-08,2023,9,8,Fall,31,37.6,-77.5,365.0,227.0,134.0,1.0,3.0,0.0,0.0,158.0,62.0,45.0,0.0,41.0,0.0,324.0,0.0
Richmond,VA,RICHMOND CITY,2023-09-09,2023,9,9,Fall,31,37.6,-77.5,365.0,227.0,134.0,1.0,3.0,0.0,0.0,158.0,62.0,45.0,0.0,41.0,0.0,324.0,0.0
Richmond,VA,RICHMOND CITY,2023-09-14,2023,9,14,Fall,31,37.6,-77.5,365.0,227.0,134.0,1.0,3.0,0.0,0.0,158.0,62.0,45.0,0.0,41.0,0.0,324.0,0.0
Richmond,VA,RICHMOND CITY,2023-09-15,2023,9,15,Fall,31,37.6,-77.5,365.0,227.0,134.0,1.0,3.0,0.0,0.0,158.0,62.0,45.0,0.0,41.0,0.0,324.0,0.0
Richmond,VA,RICHMOND CITY,2023-09-25,2023,9,25,Fall,31,37.6,-77.4,365.0,227.0,134.0,1.0,3.0,0.0,0.0,158.0,62.0,45.0,0.0,41.0,0.0,324.0,0.0
Richmond,VA,RICHMOND CITY,2023-09-30,2023,9,30,Fall,31,37.5,-77.5,365.0,227.0,134.0,1.0,3.0,0.0,0.0,158.0,62.0,45.0,0.0,41.0,0.0,324.0,0.0
Richmond,VA,RICHMOND CITY,2023-10-04,2023,10,4,Fall,31,37.6,-77.5,365.0,227.0,134.0,1.0,3.0,0.0,0.0,158.0,62.0,45.0,0.0,41.0,0.0,324.0,0.0
Richmond,VA,RICHMOND CITY,2023-10-06,2023,10,6,Fall,62,37.6,-77.5,365.0,227.0,134.0,1.0,3.0,0.0,0.0,158.0,62.0,45.0,0.0,41.0,0.0,324.0,0.0
Richmond,VA,RICHMOND CITY,2023-10-07,2023,10,7,Fall,31,37.5,-77.5,365.0,227.0,134.0,1.0,3.0,0.0,0.0,158.0,62.0,45.0,0.0,41.0,0.0,324.0,0.0
Richmond,VA,RICHMOND CITY,2023-10-08,2023,10,8,Fall,31,37.6,-77.4,365.0,227.0,134.0,1.0,3.0,0.0,0.0,158.0,62.0,45.0,0.0,41.0,0.0,324.0,0.0
Richmond,VA,RICHMOND CITY,2023-10-09,2023,10,9,Fall,31,37.5,-77.4,365.0,227.0,134.0,1.0,3.0,0.0,0.0,158.0,62.0,45.0,0.0,41.0,0.0,324.0,0.0
Richmond,VA,RICHMOND CITY,2023-10-30,2023,10,30,Fall,31,37.6,-77.5,365.0,227.0,134.0,1.0,3.0,0.0,0.0,158.0,62.0,45.0,0.0,41.0,0.0,324.0,0.0
Richmond,VA,RICHMOND CITY,2023-11-03,2023,11,3,Fall,62,37.6,-77.5,365.0,227.0,134.0,1.0,3.0,0.0,0.0,158.0,62.0,45.0,0.0,41.0,0.0,324.0,0.0
Richmond,VA,RICHMOND CITY,2023-11-04,2023,11,4,Fall,31,37.6,-77.5,365.0,227.0,134.0,1.0,3.0,0.0,0.0,158.0,62.0,45.0,0.0,41.0,0.0,324.0,0.0
Richwood,OH,UNION,2023-08-04,2023,8,4,Summer,3,40.4,-83.3,,,,,,,,,,,,,,,
Richwood,OH,UNION,2023-08-05,2023,8,5,Summer,3,40.4,-83.3,,,,,,,,,,,,,,,
Richwood,OH,UNION,2023-08-06,2023,8,6,Summer,1,40.4,-83.3,,,,,,,,,,,,,,,
Richwood,OH,UNION,2023-08-18,2023,8,18,Summer,3,40.4,-83.3,,,,,,,,,,,,,,,
Richwood,OH,UNION,2023-09-12,2023,9,12,Fall,1,40.4,-83.3,,,,,,,,,,,,,,,
Richwood,OH,UNION,2023-09-20,2023,9,20,Fall,1,40.4,-83.3,,,,,,,,,,,,,,,
Richwood,OH,UNION,2023-11-05,2023,11,5,Fall,1,40.4,-83.3,,,,,,,,,,,,,,,
Ridgefield,CT,FAIRFIELD,2023-09-02,2023,9,2,Fall,4,41.3,-73.5,365.0,210.0,135.0,12.0,7.0,1.0,0.0,242.0,79.0,46.0,0.0,12.0,146.0,206.0,1.0
Ridgefield,CT,FAIRFIELD,2023-09-06,2023,9,6,Fall,2,41.3,-73.5,365.0,210.0,135.0,12.0,7.0,1.0,0.0,242.0,79.0,46.0,0.0,12.0,146.0,206.0,1.0
Ridgefield,CT,FAIRFIELD,2023-09-07,2023,9,7,Fall,4,41.3,-73.5,365.0,210.0,135.0,12.0,7.0,1.0,0.0,242.0,79.0,46.0,0.0,12.0,146.0,206.0,1.0
Ridgefield,CT,FAIRFIELD,2023-09-11,2023,9,11,Fall,2,41.3,-73.5,365.0,210.0,135.0,12.0,7.0,1.0,0.0,242.0,79.0,46.0,0.0,12.0,146.0,206.0,1.0
Ridgefield,CT,FAIRFIELD,2023-09-17,2023,9,17,Fall,6,41.3,-73.5,365.0,210.0,135.0,12.0,7.0,1.0,0.0,242.0,79.0,46.0,0.0,12.0,146.0,206.0,1.0
Ridgefield,CT,FAIRFIELD,2023-09-19,2023,9,19,Fall,12,41.3,-73.5,365.0,210.0,135.0,12.0,7.0,1.0,0.0,242.0,79.0,46.0,0.0,12.0,146.0,206.0,1.0
Ridgefield,CT,FAIRFIELD,2023-09-20,2023,9,20,Fall,6,41.3,-73.5,365.0,210.0,135.0,12.0,7.0,1.0,0.0,242.0,79.0,46.0,0.0,12.0,146.0,206.0,1.0
Ridgefield,CT,FAIRFIELD,2023-10-08,2023,10,8,Fall,4,41.3,-73.5,365.0,210.0,135.0,12.0,7.0,1.0,0.0,242.0,79.0,46.0,0.0,12.0,146.0,206.0,1.0
Ridgefield Park,NJ,BERGEN,2023-07-25,2023,7,25,Summer,2,40.9,-74.0,365.0,204.0,152.0,5.0,4.0,0.0,0.0,197.0,69.0,48.0,0.0,29.0,91.0,245.0,0.0
Ridgeland,MS,MADISON,2023-10-25,2023,10,25,Fall,1,32.4,-90.1,,,,,,,,,,,,,,,
Ringwood,NJ,PASSAIC,2023-09-17,2023,9,17,Fall,5,41.1,-74.3,353.0,241.0,104.0,4.0,4.0,0.0,0.0,199.0,63.0,42.0,0.0,0.0,133.0,220.0,0.0
Rio Rancho,NM,SANDOVAL,2023-11-02,2023,11,2,Fall,4,35.4,-106.7,340.0,270.0,70.0,0.0,0.0,0.0,0.0,87.0,64.0,44.0,0.0,0.0,340.0,0.0,0.0
Rio Rico,AZ,SANTA CRUZ,2023-11-01,2023,11,1,Fall,2,31.5,-111.1,358.0,265.0,92.0,1.0,0.0,0.0,0.0,145.0,63.0,37.0,0.0,0.0,0.0,266.0,92.0
Ripon,WI,FOND DU LAC,2023-08-20,2023,8,20,Summer,2,43.8,-88.8,204.0,162.0,38.0,4.0,0.0,0.0,0.0,122.0,67.0,41.0,0.0,0.0,204.0,0.0,0.0
River Forest,IL,COOK,2023-06-21,2023,6,21,Summer,1,41.9,-87.8,365.0,104.0,227.0,27.0,5.0,2.0,0.0,223.0,93.0,57.0,0.0,8.0,97.0,252.0,8.0
River Forest,IL,COOK,2023-06-22,2023,6,22,Summer,2,41.9,-87.8,365.0,104.0,227.0,27.0,5.0,2.0,0.0,223.0,93.0,57.0,0.0,8.0,97.0,252.0,8.0
River Forest,IL,COOK,2023-06-24,2023,6,24,Summer,1,41.9,-87.8,365.0,104.0,227.0,27.0,5.0,2.0,0.0,223.0,93.0,57.0,0.0,8.0,97.0,252.0,8.0
River Forest,IL,COOK,2023-07-15,2023,7,15,Summer,1,41.9,-87.8,365.0,104.0,227.0,27.0,5.0,2.0,0.0,223.0,93.0,57.0,0.0,8.0,97.0,252.0,8.0
River Forest,IL,COOK,2023-07-27,2023,7,27,Summer,1,41.9,-87.8,365.0,104.0,227.0,27.0,5.0,2.0,0.0,223.0,93.0,57.0,0.0,8.0,97.0,252.0,8.0
River Forest,IL,COOK,2023-07-29,2023,7,29,Summer,1,41.9,-87.8,365.0,104.0,227.0,27.0,5.0,2.0,0.0,223.0,93.0,57.0,0.0,8.0,97.0,252.0,8.0
River Forest,IL,COOK,2023-08-02,2023,8,2,Summer,3,41.9,-87.8,365.0,104.0,227.0,27.0,5.0,2.0,0.0,223.0,93.0,57.0,0.0,8.0,97.0,252.0,8.0
River Forest,IL,COOK,2023-08-04,2023,8,4,Summer,9,41.9,-87.8,365.0,104.0,227.0,27.0,5.0,2.0,0.0,223.0,93.0,57.0,0.0,8.0,97.0,252.0,8.0
River Forest,IL,COOK,2023-08-10,2023,8,10,Summer,3,41.9,-87.8,365.0,104.0,227.0,27.0,5.0,2.0,0.0,223.0,93.0,57.0,0.0,8.0,97.0,252.0,8.0
River Forest,IL,COOK,2023-08-16,2023,8,16,Summer,2,41.9,-87.8,365.0,104.0,227.0,27.0,5.0,2.0,0.0,223.0,93.0,57.0,0.0,8.0,97.0,252.0,8.0
River Forest,IL,COOK,2023-08-18,2023,8,18,Summer,2,41.9,-87.8,365.0,104.0,227.0,27.0,5.0,2.0,0.0,223.0,93.0,57.0,0.0,8.0,97.0,252.0,8.0
River Forest,IL,COOK,2023-08-29,2023,8,29,Summer,1,41.9,-87.8,365.0,104.0,227.0,27.0,5.0,2.0,0.0,223.0,93.0,57.0,0.0,8.0,97.0,252.0,8.0
River Forest,IL,COOK,2023-08-31,2023,8,31,Summer,2,41.9,-87.8,365.0,104.0,227.0,27.0,5.0,2.0,0.0,223.0,93.0,57.0,0.0,8.0,97.0,252.0,8.0
River Forest,IL,COOK,2023-09-06,2023,9,6,Fall,1,41.9,-87.8,365.0,104.0,227.0,27.0,5.0,2.0,0.0,223.0,93.0,57.0,0.0,8.0,97.0,252.0,8.0
River Forest,IL,COOK,2023-09-22,2023,9,22,Fall,1,41.9,-87.8,365.0,104.0,227.0,27.0,5.0,2.0,0.0,223.0,93.0,57.0,0.0,8.0,97.0,252.0,8.0
Riverside,CA,RIVERSIDE,2023-08-04,2023,8,4,Summer,11,33.9,-117.4,365.0,62.0,189.0,73.0,31.0,6.0,4.0,660.0,154.0,77.0,0.0,1.0,202.0,101.0,61.0
Riverside,IL,COOK,2023-07-14,2023,7,14,Summer,9,41.8,-87.8,365.0,104.0,227.0,27.0,5.0,2.0,0.0,223.0,93.0,57.0,0.0,8.0,97.0,252.0,8.0
Riverside,IL,COOK,2023-07-30,2023,7,30,Summer,15,41.8,-87.8,365.0,104.0,227.0,27.0,5.0,2.0,0.0,223.0,93.0,57.0,0.0,8.0,97.0,252.0,8.0
Riverside,IL,COOK,2023-08-04,2023,8,4,Summer,6,41.8,-87.8,365.0,104.0,227.0,27.0,5.0,2.0,0.0,223.0,93.0,57.0,0.0,8.0,97.0,252.0,8.0
Riverview,MI,WAYNE,2023-08-19,2023,8,19,Summer,6,42.2,-83.2,365.0,70.0,272.0,19.0,3.0,1.0,0.0,226.0,89.0,61.0,0.0,2.0,33.0,329.0,1.0
Riverview,MI,WAYNE,2023-09-26,2023,9,26,Fall,120,42.2,-83.2,365.0,70.0,272.0,19.0,3.0,1.0,0.0,226.0,89.0,61.0,0.0,2.0,33.0,329.0,1.0
Roan Mountain,TN,CARTER,2023-07-29,2023,7,29,Summer,1,36.2,-82.1,,,,,,,,,,,,,,,
Roanoke,VA,ROANOKE,2023-09-07,2023,9,7,Fall,6,37.3,-80.0,365.0,251.0,110.0,3.0,1.0,0.0,0.0,158.0,62.0,43.0,0.0,5.0,135.0,225.0,0.0
Roanoke,VA,ROANOKE,2023-09-28,2023,9,28,Fall,12,37.3,-80.0,365.0,251.0,110.0,3.0,1.0,0.0,0.0,158.0,62.0,43.0,0.0,5.0,135.0,225.0,0.0
Roanoke,VA,ROANOKE,2023-09-29,2023,9,29,Fall,24,37.3,-80.0,365.0,251.0,110.0,3.0,1.0,0.0,0.0,158.0,62.0,43.0,0.0,5.0,135.0,225.0,0.0
Roanoke,VA,ROANOKE,2023-10-06,2023,10,6,Fall,12,37.3,-79.9,365.0,251.0,110.0,3.0,1.0,0.0,0.0,158.0,62.0,43.0,0.0,5.0,135.0,225.0,0.0
Roanoke,VA,ROANOKE,2023-10-12,2023,10,12,Fall,12,37.3,-80.0,365.0,251.0,110.0,3.0,1.0,0.0,0.0,158.0,62.0,43.0,0.0,5.0,135.0,225.0,0.0
Robbinsville,NC,GRAHAM,2023-09-27,2023,9,27,Fall,8,35.3,-83.8,242.0,188.0,49.0,5.0,0.0,0.0,0.0,115.0,67.0,46.0,0.0,0.0,242.0,0.0,0.0
Robbinsville,NC,GRAHAM,2023-10-26,2023,10,26,Fall,4,35.4,-83.9,242.0,188.0,49.0,5.0,0.0,0.0,0.0,115.0,67.0,46.0,0.0,0.0,242.0,0.0,0.0
Robertsdale,AL,BALDWIN,2023-11-08,2023,11,8,Fall,5,30.5,-87.6,347.0,236.0,111.0,0.0,0.0,0.0,0.0,90.0,60.0,43.0,0.0,0.0,108.0,239.0,0.0
Robertsville,MO,FRANKLIN,2023-09-18,2023,9,18,Fall,4,38.4,-90.9,,,,,,,,,,,,,,,
Robesonia,PA,BERKS,2023-07-30,2023,7,30,Summer,2,40.4,-76.1,364.0,205.0,147.0,7.0,3.0,2.0,0.0,287.0,72.0,48.0,0.0,0.0,171.0,193.0,0.0
Robins,IA,LINN,2023-10-22,2023,10,22,Fall,1,42.1,-91.7,365.0,130.0,217.0,14.0,3.0,1.0,0.0,207.0,80.0,54.0,0.0,0.0,86.0,279.0,0.0
Roca,NE,LANCASTER,2023-10-24,2023,10,24,Fall,2,40.6,-96.7,283.0,197.0,83.0,2.0,1.0,0.0,0.0,160.0,64.0,42.0,0.0,0.0,212.0,71.0,0.0
Rochester,MI,OAKLAND,2023-06-20,2023,6,20,Summer,7,42.7,-83.1,261.0,193.0,58.0,9.0,1.0,0.0,0.0,169.0,74.0,41.0,0.0,0.0,208.0,53.0,0.0
Rochester,MN,OLMSTED,2023-06-27,2023,6,27,Summer,8,43.9,-92.4,365.0,189.0,161.0,14.0,1.0,0.0,0.0,167.0,76.0,49.0,0.0,0.0,119.0,246.0,0.0
Rochester,MN,OLMSTED,2023-07-01,2023,7,1,Summer,2,44.0,-92.5,365.0,189.0,161.0,14.0,1.0,0.0,0.0,167.0,76.0,49.0,0.0,0.0,119.0,246.0,0.0
Rochester,MN,OLMSTED,2023-08-01,2023,8,1,Summer,2,44.0,-92.5,365.0,189.0,161.0,14.0,1.0,0.0,0.0,167.0,76.0,49.0,0.0,0.0,119.0,246.0,0.0
Rochester,MN,OLMSTED,2023-08-05,2023,8,5,Summer,4,44.0,-92.5,365.0,189.0,161.0,14.0,1.0,0.0,0.0,167.0,76.0,49.0,0.0,0.0,119.0,246.0,0.0
Rochester,NY,MONROE,2023-07-12,2023,7,12,Summer,23,43.2,-77.7,365.0,237.0,120.0,3.0,5.0,0.0,0.0,176.0,64.0,42.0,0.0,0.0,128.0,237.0,0.0
Rockfield,KY,WARREN,2023-10-02,2023,10,2,Fall,5,36.9,-86.6,365.0,238.0,124.0,2.0,1.0,0.0,0.0,155.0,62.0,44.0,0.0,0.0,94.0,271.0,0.0
Rockford,IL,WINNEBAGO,2023-06-27,2023,6,27,Summer,5,42.3,-89.0,365.0,167.0,178.0,17.0,1.0,2.0,0.0,242.0,77.0,52.0,0.0,0.0,100.0,265.0,0.0
Rockford,IL,WINNEBAGO,2023-07-03,2023,7,3,Summer,5,42.3,-89.0,365.0,167.0,178.0,17.0,1.0,2.0,0.0,242.0,77.0,52.0,0.0,0.0,100.0,265.0,0.0
Rockford,IL,WINNEBAGO,2023-07-06,2023,7,6,Summer,5,42.3,-89.0,365.0,167.0,178.0,17.0,1.0,2.0,0.0,242.0,77.0,52.0,0.0,0.0,100.0,265.0,0.0
Rockford,IL,WINNEBAGO,2023-07-09,2023,7,9,Summer,5,42.3,-89.0,365.0,167.0,178.0,17.0,1.0,2.0,0.0,242.0,77.0,52.0,0.0,0.0,100.0,265.0,0.0
Rockford,IL,WINNEBAGO,2023-07-13,2023,7,13,Summer,5,42.3,-89.0,365.0,167.0,178.0,17.0,1.0,2.0,0.0,242.0,77.0,52.0,0.0,0.0,100.0,265.0,0.0
Rockford,IL,WINNEBAGO,2023-07-21,2023,7,21,Summer,5,42.3,-89.0,365.0,167.0,178.0,17.0,1.0,2.0,0.0,242.0,77.0,52.0,0.0,0.0,100.0,265.0,0.0
Rockford,IL,WINNEBAGO,2023-07-28,2023,7,28,Summer,45,42.2,-89.2,365.0,167.0,178.0,17.0,1.0,2.0,0.0,242.0,77.0,52.0,0.0,0.0,100.0,265.0,0.0
Rockford,IL,WINNEBAGO,2023-07-29,2023,7,29,Summer,80,42.2,-89.2,365.0,167.0,178.0,17.0,1.0,2.0,0.0,242.0,77.0,52.0,0.0,0.0,100.0,265.0,0.0
Rockford,IL,WINNEBAGO,2023-07-30,2023,7,30,Summer,60,42.2,-89.2,365.0,167.0,178.0,17.0,1.0,2.0,0.0,242.0,77.0,52.0,0.0,0.0,100.0,265.0,0.0
Rockford,IL,WINNEBAGO,2023-07-31,2023,7,31,Summer,95,42.2,-89.2,365.0,167.0,178.0,17.0,1.0,2.0,0.0,242.0,77.0,52.0,0.0,0.0,100.0,265.0,0.0
Rockford,IL,WINNEBAGO,2023-08-01,2023,8,1,Summer,85,42.3,-89.0,365.0,167.0,178.0,17.0,1.0,2.0,0.0,242.0,77.0,52.0,0.0,0.0,100.0,265.0,0.0
Rockford,IL,WINNEBAGO,2023-08-02,2023,8,2,Summer,90,42.2,-89.2,365.0,167.0,178.0,17.0,1.0,2.0,0.0,242.0,77.0,52.0,0.0,0.0,100.0,265.0,0.0
Rockford,IL,WINNEBAGO,2023-08-03,2023,8,3,Summer,40,42.2,-89.2,365.0,167.0,178.0,17.0,1.0,2.0,0.0,242.0,77.0,52.0,0.0,0.0,100.0,265.0,0.0
Rockford,IL,WINNEBAGO,2023-08-04,2023,8,4,Summer,100,42.3,-89.0,365.0,167.0,178.0,17.0,1.0,2.0,0.0,242.0,77.0,52.0,0.0,0.0,100.0,265.0,0.0
Rockford,IL,WINNEBAGO,2023-08-05,2023,8,5,Summer,75,42.3,-89.1,365.0,167.0,178.0,17.0,1.0,2.0,0.0,242.0,77.0,52.0,0.0,0.0,100.0,265.0,0.0
Rockford,IL,WINNEBAGO,2023-08-06,2023,8,6,Summer,55,42.2,-89.2,365.0,167.0,178.0,17.0,1.0,2.0,0.0,242.0,77.0,52.0,0.0,0.0,100.0,265.0,0.0
Rockford,IL,WINNEBAGO,2023-09-11,2023,9,11,Fall,5,42.3,-89.0,365.0,167.0,178.0,17.0,1.0,2.0,0.0,242.0,77.0,52.0,0.0,0.0,100.0,265.0,0.0
Rockford,IL,WINNEBAGO,2023-09-30,2023,9,30,Fall,5,42.3,-89.0,365.0,167.0,178.0,17.0,1.0,2.0,0.0,242.0,77.0,52.0,0.0,0.0,100.0,265.0,0.0
Rockford,IL,WINNEBAGO,2023-10-05,2023,10,5,Fall,5,42.3,-89.0,365.0,167.0,178.0,17.0,1.0,2.0,0.0,242.0,77.0,52.0,0.0,0.0,100.0,265.0,0.0
Rockford,MI,KENT,2023-07-28,2023,7,28,Summer,8,43.2,-85.5,365.0,188.0,165.0,9.0,2.0,1.0,0.0,220.0,80.0,49.0,1.0,13.0,153.0,198.0,0.0
Rockford,MI,KENT,2023-08-17,2023,8,17,Summer,2,43.1,-85.6,365.0,188.0,165.0,9.0,2.0,1.0,0.0,220.0,80.0,49.0,1.0,13.0,153.0,198.0,0.0
Rockford,MI,KENT,2023-09-02,2023,9,2,Fall,2,43.1,-85.6,365.0,188.0,165.0,9.0,2.0,1.0,0.0,220.0,80.0,49.0,1.0,13.0,153.0,198.0,0.0
Rockledge,FL,BREVARD,2023-12-17,2023,12,17,Winter,6,28.3,-80.7,365.0,279.0,85.0,1.0,0.0,0.0,0.0,130.0,58.0,43.0,0.0,0.0,222.0,143.0,0.0
Rocklin,CA,PLACER,2023-10-18,2023,10,18,Fall,2,38.8,-121.3,365.0,164.0,193.0,8.0,0.0,0.0,0.0,143.0,80.0,52.0,0.0,0.0,245.0,120.0,0.0
Rockville,MD,MONTGOMERY,2023-08-14,2023,8,14,Summer,4,39.1,-77.1,357.0,291.0,61.0,2.0,3.0,0.0,0.0,165.0,61.0,42.0,0.0,0.0,195.0,162.0,0.0
Rockville,MD,MONTGOMERY,2023-08-31,2023,8,31,Summer,4,39.1,-77.2,357.0,291.0,61.0,2.0,3.0,0.0,0.0,165.0,61.0,42.0,0.0,0.0,195.0,162.0,0.0
Rockville,MD,MONTGOMERY,2023-09-01,2023,9,1,Fall,4,39.1,-77.2,357.0,291.0,61.0,2.0,3.0,0.0,0.0,165.0,61.0,42.0,0.0,0.0,195.0,162.0,0.0
Rockwall,TX,ROCKWALL,2023-10-09,2023,10,9,Fall,2,32.9,-96.5,342.0,320.0,22.0,0.0,0.0,0.0,0.0,100.0,47.0,34.0,0.0,0.0,342.0,0.0,0.0
Rockwall,TX,ROCKWALL,2023-10-26,2023,10,26,Fall,4,32.8,-96.5,342.0,320.0,22.0,0.0,0.0,0.0,0.0,100.0,47.0,34.0,0.0,0.0,342.0,0.0,0.0
Rockwood,TN,ROANE,2023-09-28,2023,9,28,Fall,9,35.9,-84.7,357.0,258.0,97.0,2.0,0.0,0.0,0.0,106.0,57.0,36.0,0.0,0.0,0.0,357.0,0.0
Rocky Mount,NC,EDGECOMBE,2023-09-19,2023,9,19,Fall,6,36.0,-77.7,357.0,266.0,91.0,0.0,0.0,0.0,0.0,99.0,59.0,41.0,0.0,0.0,135.0,222.0,0.0
Rocky Mount,NC,EDGECOMBE,2023-10-08,2023,10,8,Fall,3,36.0,-77.7,357.0,266.0,91.0,0.0,0.0,0.0,0.0,99.0,59.0,41.0,0.0,0.0,135.0,222.0,0.0
Rocky River,OH,CUYAHOGA,2023-08-16,2023,8,16,Summer,2,41.5,-81.8,365.0,117.0,235.0,9.0,3.0,1.0,0.0,234.0,83.0,57.0,2.0,0.0,83.0,276.0,4.0
Rocky River,OH,CUYAHOGA,2023-08-28,2023,8,28,Summer,2,41.5,-81.8,365.0,117.0,235.0,9.0,3.0,1.0,0.0,234.0,83.0,57.0,2.0,0.0,83.0,276.0,4.0
Roff,OK,PONTOTOC,2023-09-02,2023,9,2,Fall,2,34.6,-96.8,358.0,252.0,106.0,0.0,0.0,0.0,0.0,93.0,64.0,42.0,0.0,0.0,258.0,94.0,6.0
Rogers,AR,BENTON,2023-08-01,2023,8,1,Summer,2,36.3,-94.1,,,,,,,,,,,,,,,
Rolling Meadows,IL,COOK,2023-10-11,2023,10,11,Fall,2,42.1,-88.0,365.0,104.0,227.0,27.0,5.0,2.0,0.0,223.0,93.0,57.0,0.0,8.0,97.0,252.0,8.0
Rome,GA,FLOYD,2023-04-19,2023,4,19,Spring,2,34.2,-85.2,322.0,184.0,137.0,1.0,0.0,0.0,0.0,110.0,63.0,46.0,0.0,0.0,0.0,322.0,0.0
Rome,GA,FLOYD,2023-10-24,2023,10,24,Fall,1,34.2,-85.2,322.0,184.0,137.0,1.0,0.0,0.0,0.0,110.0,63.0,46.0,0.0,0.0,0.0,322.0,0.0
Ronks,PA,LANCASTER,2023-08-06,2023,8,6,Summer,18,40.0,-76.1,365.0,108.0,243.0,9.0,3.0,1.0,1.0,321.0,85.0,58.0,0.0,0.0,61.0,304.0,0.0
Roselle Park,NJ,UNION,2023-07-24,2023,7,24,Summer,1,40.7,-74.3,365.0,163.0,197.0,1.0,3.0,1.0,0.0,227.0,69.0,52.0,0.0,36.0,0.0,329.0,0.0
Roseville,CA,PLACER,2023-08-12,2023,8,12,Summer,1,38.8,-121.3,365.0,164.0,193.0,8.0,0.0,0.0,0.0,143.0,80.0,52.0,0.0,0.0,245.0,120.0,0.0
Roseville,CA,PLACER,2023-10-07,2023,10,7,Fall,1,38.7,-121.3,365.0,164.0,193.0,8.0,0.0,0.0,0.0,143.0,80.0,52.0,0.0,0.0,245.0,120.0,0.0
Rossville,KS,SHAWNEE,2023-09-18,2023,9,18,Fall,1,39.1,-95.9,363.0,196.0,159.0,6.0,2.0,0.0,0.0,164.0,71.0,48.0,0.0,0.0,176.0,185.0,2.0
Round Hill,VA,LOUDOUN,2023-07-30,2023,7,30,Summer,1,39.1,-77.8,364.0,306.0,54.0,2.0,2.0,0.0,0.0,167.0,58.0,39.0,0.0,20.0,303.0,41.0,0.0
Round Rock,TX,WILLIAMSON,2023-04-14,2023,4,14,Spring,4,30.5,-97.7,,,,,,,,,,,,,,,
Round Rock,TX,WILLIAMSON,2023-09-15,2023,9,15,Fall,8,30.5,-97.6,,,,,,,,,,,,,,,
Round Rock,TX,WILLIAMSON,2023-09-16,2023,9,16,Fall,4,30.5,-97.7,,,,,,,,,,,,,,,
Round Rock,TX,WILLIAMSON,2023-09-18,2023,9,18,Fall,4,30.5,-97.6,,,,,,,,,,,,,,,
Round Rock,TX,WILLIAMSON,2023-09-23,2023,9,23,Fall,4,30.5,-97.7,,,,,,,,,,,,,,,
Round Rock,TX,WILLIAMSON,2023-10-03,2023,10,3,Fall,4,30.5,-97.7,,,,,,,,,,,,,,,
Round Rock,TX,WILLIAMSON,2023-11-08,2023,11,8,Fall,20,30.5,-97.6,,,,,,,,,,,,,,,
Round Rock,TX,WILLIAMSON,2023-12-01,2023,12,1,Winter,12,30.5,-97.7,,,,,,,,,,,,,,,
Round Rock,TX,WILLIAMSON,2023-12-02,2023,12,2,Winter,12,30.5,-97.7,,,,,,,,,,,,,,,
Round Rock,TX,WILLIAMSON,2023-12-05,2023,12,5,Winter,4,30.5,-97.7,,,,,,,,,,,,,,,
Round Rock,TX,WILLIAMSON,2023-12-06,2023,12,6,Winter,4,30.5,-97.6,,,,,,,,,,,,,,,
Round Rock,TX,WILLIAMSON,2023-12-30,2023,12,30,Winter,4,30.5,-97.7,,,,,,,,,,,,,,,
Rowlett,TX,DALLAS,2023-11-11,2023,11,11,Fall,3,32.9,-96.6,365.0,122.0,216.0,26.0,1.0,0.0,0.0,172.0,84.0,55.0,0.0,5.0,124.0,233.0,3.0
Roxana,IL,MADISON,2023-09-16,2023,9,16,Fall,3,38.8,-90.0,363.0,113.0,234.0,14.0,2.0,0.0,0.0,155.0,81.0,55.0,0.0,0.0,124.0,239.0,0.0
Roxana,IL,MADISON,2023-09-17,2023,9,17,Fall,2,38.8,-90.0,363.0,113.0,234.0,14.0,2.0,0.0,0.0,155.0,81.0,55.0,0.0,0.0,124.0,239.0,0.0
Roxana,IL,MADISON,2023-09-18,2023,9,18,Fall,6,38.8,-90.0,363.0,113.0,234.0,14.0,2.0,0.0,0.0,155.0,81.0,55.0,0.0,0.0,124.0,239.0,0.0
Roxana,IL,MADISON,2023-09-26,2023,9,26,Fall,7,38.8,-90.0,363.0,113.0,234.0,14.0,2.0,0.0,0.0,155.0,81.0,55.0,0.0,0.0,124.0,239.0,0.0
Roxana,IL,MADISON,2023-10-01,2023,10,1,Fall,3,38.8,-90.0,363.0,113.0,234.0,14.0,2.0,0.0,0.0,155.0,81.0,55.0,0.0,0.0,124.0,239.0,0.0
Roxbury,CT,LITCHFIELD,2023-09-11,2023,9,11,Fall,2,41.5,-73.3,364.0,285.0,72.0,3.0,4.0,0.0,0.0,183.0,59.0,38.0,6.0,0.0,263.0,95.0,0.0
Roxbury,CT,LITCHFIELD,2023-09-12,2023,9,12,Fall,2,41.5,-73.3,364.0,285.0,72.0,3.0,4.0,0.0,0.0,183.0,59.0,38.0,6.0,0.0,263.0,95.0,0.0
Roxbury,CT,LITCHFIELD,2023-09-14,2023,9,14,Fall,1,41.5,-73.3,364.0,285.0,72.0,3.0,4.0,0.0,0.0,183.0,59.0,38.0,6.0,0.0,263.0,95.0,0.0
Roxbury,CT,LITCHFIELD,2023-09-19,2023,9,19,Fall,1,41.5,-73.3,364.0,285.0,72.0,3.0,4.0,0.0,0.0,183.0,59.0,38.0,6.0,0.0,263.0,95.0,0.0
Roy,UT,WEBER,2023-06-02,2023,6,2,Summer,1,41.2,-112.1,365.0,218.0,141.0,6.0,0.0,0.0,0.0,141.0,74.0,47.0,0.0,10.0,279.0,76.0,0.0
Royal Oak,MI,OAKLAND,2023-05-22,2023,5,22,Spring,1,42.5,-83.1,261.0,193.0,58.0,9.0,1.0,0.0,0.0,169.0,74.0,41.0,0.0,0.0,208.0,53.0,0.0
Royal Oak,MI,OAKLAND,2023-07-20,2023,7,20,Summer,2,42.5,-83.1,261.0,193.0,58.0,9.0,1.0,0.0,0.0,169.0,74.0,41.0,0.0,0.0,208.0,53.0,0.0
Royal Oak,MI,OAKLAND,2023-07-28,2023,7,28,Summer,2,42.5,-83.1,261.0,193.0,58.0,9.0,1.0,0.0,0.0,169.0,74.0,41.0,0.0,0.0,208.0,53.0,0.0
Royal Oak,MI,OAKLAND,2023-09-02,2023,9,2,Fall,1,42.5,-83.1,261.0,193.0,58.0,9.0,1.0,0.0,0.0,169.0,74.0,41.0,0.0,0.0,208.0,53.0,0.0
Royal Palm Beach,FL,PALM BEACH,2023-09-09,2023,9,9,Fall,21,26.7,-80.2,365.0,260.0,104.0,1.0,0.0,0.0,0.0,122.0,58.0,43.0,0.0,0.0,123.0,242.0,0.0
Royersford,PA,MONTGOMERY,2023-08-11,2023,8,11,Summer,3,40.2,-75.5,365.0,232.0,127.0,1.0,3.0,2.0,0.0,284.0,67.0,44.0,0.0,0.0,144.0,221.0,0.0
Ruckersville,VA,GREENE,2023-08-11,2023,8,11,Summer,4,38.3,-78.4,,,,,,,,,,,,,,,
Ruckersville,VA,GREENE,2023-08-27,2023,8,27,Summer,4,38.2,-78.4,,,,,,,,,,,,,,,
Rumney,NH,GRAFTON,2023-08-05,2023,8,5,Summer,4,43.9,-71.8,365.0,311.0,54.0,0.0,0.0,0.0,0.0,100.0,53.0,37.0,0.0,0.0,230.0,135.0,0.0
Sabinsville,PA,TIOGA,2023-09-28,2023,9,28,Fall,4,41.9,-77.6,304.0,254.0,50.0,0.0,0.0,0.0,0.0,100.0,59.0,41.0,0.0,0.0,242.0,62.0,0.0
Sacramento,CA,SACRAMENTO,2023-08-01,2023,8,1,Summer,9,38.7,-121.3,365.0,180.0,173.0,12.0,0.0,0.0,0.0,133.0,86.0,51.0,0.0,0.0,199.0,166.0,0.0
Sacramento,CA,SACRAMENTO,2023-08-21,2023,8,21,Summer,9,38.6,-121.4,365.0,180.0,173.0,12.0,0.0,0.0,0.0,133.0,86.0,51.0,0.0,0.0,199.0,166.0,0.0
Sacramento,CA,SACRAMENTO,2023-09-18,2023,9,18,Fall,9,38.6,-121.4,365.0,180.0,173.0,12.0,0.0,0.0,0.0,133.0,86.0,51.0,0.0,0.0,199.0,166.0,0.0
Sacramento,CA,SACRAMENTO,2023-09-19,2023,9,19,Fall,9,38.6,-121.6,365.0,180.0,173.0,12.0,0.0,0.0,0.0,133.0,86.0,51.0,0.0,0.0,199.0,166.0,0.0
Sacramento,CA,SACRAMENTO,2023-10-05,2023,10,5,Fall,18,38.7,-121.3,365.0,180.0,173.0,12.0,0.0,0.0,0.0,133.0,86.0,51.0,0.0,0.0,199.0,166.0,0.0
Sacramento,CA,SACRAMENTO,2023-10-08,2023,10,8,Fall,9,38.6,-121.3,365.0,180.0,173.0,12.0,0.0,0.0,0.0,133.0,86.0,51.0,0.0,0.0,199.0,166.0,0.0
Sacramento,CA,SACRAMENTO,2023-10-17,2023,10,17,Fall,18,38.7,-121.3,365.0,180.0,173.0,12.0,0.0,0.0,0.0,133.0,86.0,51.0,0.0,0.0,199.0,166.0,0.0
Salado,TX,BELL,2023-09-19,2023,9,19,Fall,6,31.0,-97.6,365.0,231.0,128.0,6.0,0.0,0.0,0.0,133.0,74.0,44.0,0.0,0.0,246.0,119.0,0.0
Salado,TX,BELL,2023-11-05,2023,11,5,Fall,4,30.9,-97.5,365.0,231.0,128.0,6.0,0.0,0.0,0.0,133.0,74.0,44.0,0.0,0.0,246.0,119.0,0.0
Salem,MA,ESSEX,2023-08-02,2023,8,2,Summer,1,42.5,-70.9,365.0,243.0,120.0,2.0,0.0,0.0,0.0,105.0,60.0,44.0,0.0,1.0,160.0,204.0,0.0
Salem,MA,ESSEX,2023-08-05,2023,8,5,Summer,3,42.5,-70.9,365.0,243.0,120.0,2.0,0.0,0.0,0.0,105.0,60.0,44.0,0.0,1.0,160.0,204.0,0.0
Salem,MA,ESSEX,2023-09-07,2023,9,7,Fall,1,42.5,-70.9,365.0,243.0,120.0,2.0,0.0,0.0,0.0,105.0,60.0,44.0,0.0,1.0,160.0,204.0,0.0
Salem,NH,ROCKINGHAM,2023-07-23,2023,7,23,Summer,1,42.8,-71.2,365.0,276.0,89.0,0.0,0.0,0.0,0.0,100.0,59.0,40.0,0.0,0.0,239.0,126.0,0.0
Salem,NH,ROCKINGHAM,2023-07-30,2023,7,30,Summer,1,42.8,-71.2,365.0,276.0,89.0,0.0,0.0,0.0,0.0,100.0,59.0,40.0,0.0,0.0,239.0,126.0,0.0
Salem,NH,ROCKINGHAM,2023-07-31,2023,7,31,Summer,1,42.8,-71.2,365.0,276.0,89.0,0.0,0.0,0.0,0.0,100.0,59.0,40.0,0.0,0.0,239.0,126.0,0.0
Salem,NH,ROCKINGHAM,2023-08-23,2023,8,23,Summer,1,42.8,-71.2,365.0,276.0,89.0,0.0,0.0,0.0,0.0,100.0,59.0,40.0,0.0,0.0,239.0,126.0,0.0
Salem,NH,ROCKINGHAM,2023-08-26,2023,8,26,Summer,2,42.8,-71.2,365.0,276.0,89.0,0.0,0.0,0.0,0.0,100.0,59.0,40.0,0.0,0.0,239.0,126.0,0.0
Salem,NH,ROCKINGHAM,2023-08-31,2023,8,31,Summer,2,42.8,-71.2,365.0,276.0,89.0,0.0,0.0,0.0,0.0,100.0,59.0,40.0,0.0,0.0,239.0,126.0,0.0
Salem,NH,ROCKINGHAM,2023-09-01,2023,9,1,Fall,1,42.8,-71.2,365.0,276.0,89.0,0.0,0.0,0.0,0.0,100.0,59.0,40.0,0.0,0.0,239.0,126.0,0.0
Salem,NH,ROCKINGHAM,2023-09-04,2023,9,4,Fall,1,42.8,-71.2,365.0,276.0,89.0,0.0,0.0,0.0,0.0,100.0,59.0,40.0,0.0,0.0,239.0,126.0,0.0
Salem,NH,ROCKINGHAM,2023-09-17,2023,9,17,Fall,2,42.8,-71.2,365.0,276.0,89.0,0.0,0.0,0.0,0.0,100.0,59.0,40.0,0.0,0.0,239.0,126.0,0.0
Salem,NH,ROCKINGHAM,2023-09-20,2023,9,20,Fall,1,42.8,-71.2,365.0,276.0,89.0,0.0,0.0,0.0,0.0,100.0,59.0,40.0,0.0,0.0,239.0,126.0,0.0
Salem,NH,ROCKINGHAM,2023-10-01,2023,10,1,Fall,1,42.8,-71.2,365.0,276.0,89.0,0.0,0.0,0.0,0.0,100.0,59.0,40.0,0.0,0.0,239.0,126.0,0.0
Salisbury,CT,LITCHFIELD,2023-08-31,2023,8,31,Summer,1,42.0,-73.4,364.0,285.0,72.0,3.0,4.0,0.0,0.0,183.0,59.0,38.0,6.0,0.0,263.0,95.0,0.0
Salisbury,NC,ROWAN,2023-07-27,2023,7,27,Summer,4,35.6,-80.5,363.0,210.0,150.0,3.0,0.0,0.0,0.0,122.0,66.0,47.0,0.0,0.0,177.0,186.0,0.0
Salisbury,NC,ROWAN,2023-07-28,2023,7,28,Summer,4,35.6,-80.5,363.0,210.0,150.0,3.0,0.0,0.0,0.0,122.0,66.0,47.0,0.0,0.0,177.0,186.0,0.0
Salisbury,NC,ROWAN,2023-08-11,2023,8,11,Summer,4,35.6,-80.5,363.0,210.0,150.0,3.0,0.0,0.0,0.0,122.0,66.0,47.0,0.0,0.0,177.0,186.0,0.0
Salisbury,NC,ROWAN,2023-08-23,2023,8,23,Summer,4,35.6,-80.5,363.0,210.0,150.0,3.0,0.0,0.0,0.0,122.0,66.0,47.0,0.0,0.0,177.0,186.0,0.0
Salisbury,NC,ROWAN,2023-08-27,2023,8,27,Summer,4,35.6,-80.5,363.0,210.0,150.0,3.0,0.0,0.0,0.0,122.0,66.0,47.0,0.0,0.0,177.0,186.0,0.0
Salisbury,NC,ROWAN,2023-08-30,2023,8,30,Summer,4,35.6,-80.5,363.0,210.0,150.0,3.0,0.0,0.0,0.0,122.0,66.0,47.0,0.0,0.0,177.0,186.0,0.0
Salisbury,NC,ROWAN,2023-08-31,2023,8,31,Summer,4,35.6,-80.5,363.0,210.0,150.0,3.0,0.0,0.0,0.0,122.0,66.0,47.0,0.0,0.0,177.0,186.0,0.0
Salisbury,NC,ROWAN,2023-09-05,2023,9,5,Fall,12,35.6,-80.5,363.0,210.0,150.0,3.0,0.0,0.0,0.0,122.0,66.0,47.0,0.0,0.0,177.0,186.0,0.0
Salisbury,NC,ROWAN,2023-09-06,2023,9,6,Fall,4,35.6,-80.5,363.0,210.0,150.0,3.0,0.0,0.0,0.0,122.0,66.0,47.0,0.0,0.0,177.0,186.0,0.0
Salisbury,NC,ROWAN,2023-09-17,2023,9,17,Fall,4,35.6,-80.5,363.0,210.0,150.0,3.0,0.0,0.0,0.0,122.0,66.0,47.0,0.0,0.0,177.0,186.0,0.0
Salisbury,NC,ROWAN,2023-10-04,2023,10,4,Fall,12,35.6,-80.5,363.0,210.0,150.0,3.0,0.0,0.0,0.0,122.0,66.0,47.0,0.0,0.0,177.0,186.0,0.0
Salisbury,NC,ROWAN,2023-10-06,2023,10,6,Fall,20,35.6,-80.5,363.0,210.0,150.0,3.0,0.0,0.0,0.0,122.0,66.0,47.0,0.0,0.0,177.0,186.0,0.0
Salisbury,NC,ROWAN,2023-10-07,2023,10,7,Fall,12,35.6,-80.5,363.0,210.0,150.0,3.0,0.0,0.0,0.0,122.0,66.0,47.0,0.0,0.0,177.0,186.0,0.0
Salisbury,NC,ROWAN,2023-10-13,2023,10,13,Fall,8,35.6,-80.5,363.0,210.0,150.0,3.0,0.0,0.0,0.0,122.0,66.0,47.0,0.0,0.0,177.0,186.0,0.0
Salisbury,NC,ROWAN,2023-10-14,2023,10,14,Fall,8,35.6,-80.5,363.0,210.0,150.0,3.0,0.0,0.0,0.0,122.0,66.0,47.0,0.0,0.0,177.0,186.0,0.0
Salisbury,NC,ROWAN,2023-10-18,2023,10,18,Fall,8,35.6,-80.5,363.0,210.0,150.0,3.0,0.0,0.0,0.0,122.0,66.0,47.0,0.0,0.0,177.0,186.0,0.0
Salisbury,NC,ROWAN,2023-10-19,2023,10,19,Fall,8,35.6,-80.5,363.0,210.0,150.0,3.0,0.0,0.0,0.0,122.0,66.0,47.0,0.0,0.0,177.0,186.0,0.0
Salisbury,NC,ROWAN,2023-10-29,2023,10,29,Fall,4,35.6,-80.5,363.0,210.0,150.0,3.0,0.0,0.0,0.0,122.0,66.0,47.0,0.0,0.0,177.0,186.0,0.0
Salisbury,NC,ROWAN,2023-10-30,2023,10,30,Fall,8,35.6,-80.5,363.0,210.0,150.0,3.0,0.0,0.0,0.0,122.0,66.0,47.0,0.0,0.0,177.0,186.0,0.0
Salisbury,NC,ROWAN,2023-11-13,2023,11,13,Fall,4,35.6,-80.5,363.0,210.0,150.0,3.0,0.0,0.0,0.0,122.0,66.0,47.0,0.0,0.0,177.0,186.0,0.0
Salt Lake City,UT,SALT LAKE,2023-06-20,2023,6,20,Summer,40,40.8,-111.9,365.0,150.0,199.0,15.0,1.0,0.0,0.0,154.0,90.0,54.0,0.0,23.0,215.0,120.0,7.0
Salt Lake City,UT,SALT LAKE,2023-07-04,2023,7,4,Summer,40,40.8,-111.9,365.0,150.0,199.0,15.0,1.0,0.0,0.0,154.0,90.0,54.0,0.0,23.0,215.0,120.0,7.0
Salt Lake City,UT,SALT LAKE,2023-07-16,2023,7,16,Summer,40,40.8,-111.9,365.0,150.0,199.0,15.0,1.0,0.0,0.0,154.0,90.0,54.0,0.0,23.0,215.0,120.0,7.0
Salt Lake City,UT,SALT LAKE,2023-07-17,2023,7,17,Summer,40,40.8,-111.9,365.0,150.0,199.0,15.0,1.0,0.0,0.0,154.0,90.0,54.0,0.0,23.0,215.0,120.0,7.0
Salt Lake City,UT,SALT LAKE,2023-07-24,2023,7,24,Summer,40,40.7,-111.8,365.0,150.0,199.0,15.0,1.0,0.0,0.0,154.0,90.0,54.0,0.0,23.0,215.0,120.0,7.0
Salt Lake City,UT,SALT LAKE,2023-07-27,2023,7,27,Summer,40,40.8,-111.9,365.0,150.0,199.0,15.0,1.0,0.0,0.0,154.0,90.0,54.0,0.0,23.0,215.0,120.0,7.0
Salt Lake City,UT,SALT LAKE,2023-07-28,2023,7,28,Summer,40,40.8,-111.9,365.0,150.0,199.0,15.0,1.0,0.0,0.0,154.0,90.0,54.0,0.0,23.0,215.0,120.0,7.0
Salt Lake City,UT,SALT LAKE,2023-07-29,2023,7,29,Summer,80,40.8,-111.9,365.0,150.0,199.0,15.0,1.0,0.0,0.0,154.0,90.0,54.0,0.0,23.0,215.0,120.0,7.0
Salt Lake City,UT,SALT LAKE,2023-07-30,2023,7,30,Summer,80,40.8,-111.9,365.0,150.0,199.0,15.0,1.0,0.0,0.0,154.0,90.0,54.0,0.0,23.0,215.0,120.0,7.0
Salt Lake City,UT,SALT LAKE,2023-07-31,2023,7,31,Summer,80,40.8,-111.9,365.0,150.0,199.0,15.0,1.0,0.0,0.0,154.0,90.0,54.0,0.0,23.0,215.0,120.0,7.0
Salt Lake City,UT,SALT LAKE,2023-08-01,2023,8,1,Summer,80,40.8,-111.9,365.0,150.0,199.0,15.0,1.0,0.0,0.0,154.0,90.0,54.0,0.0,23.0,215.0,120.0,7.0
Salt Lake City,UT,SALT LAKE,2023-08-02,2023,8,2,Summer,40,40.8,-111.9,365.0,150.0,199.0,15.0,1.0,0.0,0.0,154.0,90.0,54.0,0.0,23.0,215.0,120.0,7.0
Salt Lake City,UT,SALT LAKE,2023-08-03,2023,8,3,Summer,40,40.8,-111.9,365.0,150.0,199.0,15.0,1.0,0.0,0.0,154.0,90.0,54.0,0.0,23.0,215.0,120.0,7.0
Salt Lake City,UT,SALT LAKE,2023-08-04,2023,8,4,Summer,40,40.8,-111.9,365.0,150.0,199.0,15.0,1.0,0.0,0.0,154.0,90.0,54.0,0.0,23.0,215.0,120.0,7.0
Salt Lake City,UT,SALT LAKE,2023-08-05,2023,8,5,Summer,40,40.8,-111.9,365.0,150.0,199.0,15.0,1.0,0.0,0.0,154.0,90.0,54.0,0.0,23.0,215.0,120.0,7.0
Salt Lake City,UT,SALT LAKE,2023-08-07,2023,8,7,Summer,40,40.8,-111.9,365.0,150.0,199.0,15.0,1.0,0.0,0.0,154.0,90.0,54.0,0.0,23.0,215.0,120.0,7.0
Salt Lake City,UT,SALT LAKE,2023-08-09,2023,8,9,Summer,160,40.8,-111.8,365.0,150.0,199.0,15.0,1.0,0.0,0.0,154.0,90.0,54.0,0.0,23.0,215.0,120.0,7.0
Salt Lake City,UT,SALT LAKE,2023-08-10,2023,8,10,Summer,40,40.8,-111.9,365.0,150.0,199.0,15.0,1.0,0.0,0.0,154.0,90.0,54.0,0.0,23.0,215.0,120.0,7.0
Salt Lake City,UT,SALT LAKE,2023-08-11,2023,8,11,Summer,40,40.8,-111.9,365.0,150.0,199.0,15.0,1.0,0.0,0.0,154.0,90.0,54.0,0.0,23.0,215.0,120.0,7.0
Salt Lake City,UT,SALT LAKE,2023-08-14,2023,8,14,Summer,40,40.8,-111.9,365.0,150.0,199.0,15.0,1.0,0.0,0.0,154.0,90.0,54.0,0.0,23.0,215.0,120.0,7.0
Salt Lake City,UT,SALT LAKE,2023-08-15,2023,8,15,Summer,40,40.8,-111.9,365.0,150.0,199.0,15.0,1.0,0.0,0.0,154.0,90.0,54.0,0.0,23.0,215.0,120.0,7.0
Salt Lake City,UT,SALT LAKE,2023-08-16,2023,8,16,Summer,40,40.8,-111.9,365.0,150.0,199.0,15.0,1.0,0.0,0.0,154.0,90.0,54.0,0.0,23.0,215.0,120.0,7.0
Salt Lake City,UT,SALT LAKE,2023-08-23,2023,8,23,Summer,120,40.7,-111.9,365.0,150.0,199.0,15.0,1.0,0.0,0.0,154.0,90.0,54.0,0.0,23.0,215.0,120.0,7.0
Salt Lake City,UT,SALT LAKE,2023-08-24,2023,8,24,Summer,120,40.8,-111.9,365.0,150.0,199.0,15.0,1.0,0.0,0.0,154.0,90.0,54.0,0.0,23.0,215.0,120.0,7.0
Salt Lake City,UT,SALT LAKE,2023-08-25,2023,8,25,Summer,120,40.8,-111.9,365.0,150.0,199.0,15.0,1.0,0.0,0.0,154.0,90.0,54.0,0.0,23.0,215.0,120.0,7.0
Salt Lake City,UT,SALT LAKE,2023-08-26,2023,8,26,Summer,120,40.8,-111.9,365.0,150.0,199.0,15.0,1.0,0.0,0.0,154.0,90.0,54.0,0.0,23.0,215.0,120.0,7.0
Salt Lake City,UT,SALT LAKE,2023-08-28,2023,8,28,Summer,80,40.7,-111.9,365.0,150.0,199.0,15.0,1.0,0.0,0.0,154.0,90.0,54.0,0.0,23.0,215.0,120.0,7.0
Salt Lake City,UT,SALT LAKE,2023-08-29,2023,8,29,Summer,40,40.7,-111.9,365.0,150.0,199.0,15.0,1.0,0.0,0.0,154.0,90.0,54.0,0.0,23.0,215.0,120.0,7.0
Salt Lake City,UT,SALT LAKE,2023-09-05,2023,9,5,Fall,40,40.8,-111.9,365.0,150.0,199.0,15.0,1.0,0.0,0.0,154.0,90.0,54.0,0.0,23.0,215.0,120.0,7.0
Salt Lake City,UT,SALT LAKE,2023-09-13,2023,9,13,Fall,40,40.7,-111.8,365.0,150.0,199.0,15.0,1.0,0.0,0.0,154.0,90.0,54.0,0.0,23.0,215.0,120.0,7.0
Salt Lake City,UT,SALT LAKE,2023-09-15,2023,9,15,Fall,40,40.7,-111.8,365.0,150.0,199.0,15.0,1.0,0.0,0.0,154.0,90.0,54.0,0.0,23.0,215.0,120.0,7.0
Salt Lake City,UT,SALT LAKE,2023-09-16,2023,9,16,Fall,120,40.7,-111.8,365.0,150.0,199.0,15.0,1.0,0.0,0.0,154.0,90.0,54.0,0.0,23.0,215.0,120.0,7.0
Salt Lake City,UT,SALT LAKE,2023-09-17,2023,9,17,Fall,240,40.8,-111.9,365.0,150.0,199.0,15.0,1.0,0.0,0.0,154.0,90.0,54.0,0.0,23.0,215.0,120.0,7.0
San Antonio,TX,BEXAR,2023-02-09,2023,2,9,Winter,32,29.5,-98.5,365.0,164.0,189.0,10.0,1.0,0.0,1.0,309.0,79.0,52.0,0.0,1.0,141.0,223.0,0.0
San Antonio,TX,BEXAR,2023-08-31,2023,8,31,Summer,128,29.5,-98.5,365.0,164.0,189.0,10.0,1.0,0.0,1.0,309.0,79.0,52.0,0.0,1.0,141.0,223.0,0.0
San Antonio,TX,BEXAR,2023-09-01,2023,9,1,Fall,64,29.7,-98.5,365.0,164.0,189.0,10.0,1.0,0.0,1.0,309.0,79.0,52.0,0.0,1.0,141.0,223.0,0.0
San Antonio,TX,BEXAR,2023-09-02,2023,9,2,Fall,32,29.5,-98.5,365.0,164.0,189.0,10.0,1.0,0.0,1.0,309.0,79.0,52.0,0.0,1.0,141.0,223.0,0.0
San Antonio,TX,BEXAR,2023-09-04,2023,9,4,Fall,32,29.5,-98.7,365.0,164.0,189.0,10.0,1.0,0.0,1.0,309.0,79.0,52.0,0.0,1.0,141.0,223.0,0.0
San Antonio,TX,BEXAR,2023-09-09,2023,9,9,Fall,32,29.4,-98.5,365.0,164.0,189.0,10.0,1.0,0.0,1.0,309.0,79.0,52.0,0.0,1.0,141.0,223.0,0.0
San Antonio,TX,BEXAR,2023-09-17,2023,9,17,Fall,32,29.5,-98.5,365.0,164.0,189.0,10.0,1.0,0.0,1.0,309.0,79.0,52.0,0.0,1.0,141.0,223.0,0.0
San Antonio,TX,BEXAR,2023-09-18,2023,9,18,Fall,160,29.5,-98.5,365.0,164.0,189.0,10.0,1.0,0.0,1.0,309.0,79.0,52.0,0.0,1.0,141.0,223.0,0.0
San Antonio,TX,BEXAR,2023-09-23,2023,9,23,Fall,32,29.6,-98.5,365.0,164.0,189.0,10.0,1.0,0.0,1.0,309.0,79.0,52.0,0.0,1.0,141.0,223.0,0.0
San Antonio,TX,BEXAR,2023-10-03,2023,10,3,Fall,32,29.5,-98.5,365.0,164.0,189.0,10.0,1.0,0.0,1.0,309.0,79.0,52.0,0.0,1.0,141.0,223.0,0.0
San Antonio,TX,BEXAR,2023-10-17,2023,10,17,Fall,32,29.5,-98.5,365.0,164.0,189.0,10.0,1.0,0.0,1.0,309.0,79.0,52.0,0.0,1.0,141.0,223.0,0.0
San Antonio,TX,BEXAR,2023-10-18,2023,10,18,Fall,32,29.5,-98.5,365.0,164.0,189.0,10.0,1.0,0.0,1.0,309.0,79.0,52.0,0.0,1.0,141.0,223.0,0.0
San Antonio,TX,BEXAR,2023-10-20,2023,10,20,Fall,32,29.5,-98.5,365.0,164.0,189.0,10.0,1.0,0.0,1.0,309.0,79.0,52.0,0.0,1.0,141.0,223.0,0.0
San Antonio,TX,BEXAR,2023-10-21,2023,10,21,Fall,32,29.5,-98.5,365.0,164.0,189.0,10.0,1.0,0.0,1.0,309.0,79.0,52.0,0.0,1.0,141.0,223.0,0.0
San Antonio,TX,BEXAR,2023-10-26,2023,10,26,Fall,32,29.5,-98.5,365.0,164.0,189.0,10.0,1.0,0.0,1.0,309.0,79.0,52.0,0.0,1.0,141.0,223.0,0.0
San Antonio,TX,BEXAR,2023-10-27,2023,10,27,Fall,64,29.5,-98.5,365.0,164.0,189.0,10.0,1.0,0.0,1.0,309.0,79.0,52.0,0.0,1.0,141.0,223.0,0.0
San Antonio,TX,BEXAR,2023-11-03,2023,11,3,Fall,32,29.5,-98.5,365.0,164.0,189.0,10.0,1.0,0.0,1.0,309.0,79.0,52.0,0.0,1.0,141.0,223.0,0.0
San Antonio,TX,BEXAR,2023-11-04,2023,11,4,Fall,32,29.6,-98.6,365.0,164.0,189.0,10.0,1.0,0.0,1.0,309.0,79.0,52.0,0.0,1.0,141.0,223.0,0.0
San Antonio,TX,BEXAR,2023-11-05,2023,11,5,Fall,32,29.4,-98.6,365.0,164.0,189.0,10.0,1.0,0.0,1.0,309.0,79.0,52.0,0.0,1.0,141.0,223.0,0.0
San Antonio,TX,BEXAR,2023-11-08,2023,11,8,Fall,128,29.4,-98.5,365.0,164.0,189.0,10.0,1.0,0.0,1.0,309.0,79.0,52.0,0.0,1.0,141.0,223.0,0.0
San Antonio,TX,BEXAR,2023-11-14,2023,11,14,Fall,704,29.5,-98.5,365.0,164.0,189.0,10.0,1.0,0.0,1.0,309.0,79.0,52.0,0.0,1.0,141.0,223.0,0.0
San Antonio,TX,BEXAR,2023-11-17,2023,11,17,Fall,320,29.5,-98.6,365.0,164.0,189.0,10.0,1.0,0.0,1.0,309.0,79.0,52.0,0.0,1.0,141.0,223.0,0.0
San Antonio,TX,BEXAR,2023-12-05,2023,12,5,Winter,32,29.5,-98.6,365.0,164.0,189.0,10.0,1.0,0.0,1.0,309.0,79.0,52.0,0.0,1.0,141.0,223.0,0.0
San Antonio,TX,BEXAR,2023-12-18,2023,12,18,Winter,32,29.4,-98.5,365.0,164.0,189.0,10.0,1.0,0.0,1.0,309.0,79.0,52.0,0.0,1.0,141.0,223.0,0.0
San Antonio,TX,BEXAR,2023-12-26,2023,12,26,Winter,32,29.6,-98.4,365.0,164.0,189.0,10.0,1.0,0.0,1.0,309.0,79.0,52.0,0.0,1.0,141.0,223.0,0.0
San Antonio,TX,BEXAR,2023-12-30,2023,12,30,Winter,32,29.5,-98.5,365.0,164.0,189.0,10.0,1.0,0.0,1.0,309.0,79.0,52.0,0.0,1.0,141.0,223.0,0.0
San Benito,TX,CAMERON,2023-12-03,2023,12,3,Winter,11,26.1,-97.6,365.0,161.0,198.0,6.0,0.0,0.0,0.0,141.0,77.0,54.0,0.0,0.0,103.0,262.0,0.0
San Diego,CA,SAN DIEGO,2023-01-26,2023,1,26,Winter,20,32.7,-117.2,365.0,61.0,260.0,44.0,0.0,0.0,0.0,150.0,101.0,67.0,0.0,1.0,185.0,151.0,28.0
San Diego,CA,SAN DIEGO,2023-04-25,2023,4,25,Spring,20,32.8,-117.2,365.0,61.0,260.0,44.0,0.0,0.0,0.0,150.0,101.0,67.0,0.0,1.0,185.0,151.0,28.0
San Diego,CA,SAN DIEGO,2023-05-04,2023,5,4,Spring,20,32.9,-117.2,365.0,61.0,260.0,44.0,0.0,0.0,0.0,150.0,101.0,67.0,0.0,1.0,185.0,151.0,28.0
San Diego,CA,SAN DIEGO,2023-08-24,2023,8,24,Summer,20,32.7,-117.2,365.0,61.0,260.0,44.0,0.0,0.0,0.0,150.0,101.0,67.0,0.0,1.0,185.0,151.0,28.0
San Diego,CA,SAN DIEGO,2023-10-31,2023,10,31,Fall,20,32.9,-117.2,365.0,61.0,260.0,44.0,0.0,0.0,0.0,150.0,101.0,67.0,0.0,1.0,185.0,151.0,28.0
San Diego,CA,SAN DIEGO,2023-11-02,2023,11,2,Fall,200,32.9,-117.2,365.0,61.0,260.0,44.0,0.0,0.0,0.0,150.0,101.0,67.0,0.0,1.0,185.0,151.0,28.0
San Diego,CA,SAN DIEGO,2023-11-04,2023,11,4,Fall,60,32.5,-117.1,365.0,61.0,260.0,44.0,0.0,0.0,0.0,150.0,101.0,67.0,0.0,1.0,185.0,151.0,28.0
San Diego,CA,SAN DIEGO,2023-11-11,2023,11,11,Fall,60,32.7,-117.2,365.0,61.0,260.0,44.0,0.0,0.0,0.0,150.0,101.0,67.0,0.0,1.0,185.0,151.0,28.0
San Diego,CA,SAN DIEGO,2023-11-14,2023,11,14,Fall,40,32.9,-117.2,365.0,61.0,260.0,44.0,0.0,0.0,0.0,150.0,101.0,67.0,0.0,1.0,185.0,151.0,28.0
San Diego,TX,DUVAL,2023-05-09,2023,5,9,Spring,2,27.9,-98.4,,,,,,,,,,,,,,,
San Jose,CA,SANTA CLARA,2023-01-28,2023,1,28,Winter,6,37.2,-121.8,365.0,238.0,123.0,4.0,0.0,0.0,0.0,134.0,63.0,43.0,0.0,2.0,181.0,182.0,0.0
San Jose,CA,SANTA CLARA,2023-09-11,2023,9,11,Fall,6,37.3,-121.9,365.0,238.0,123.0,4.0,0.0,0.0,0.0,134.0,63.0,43.0,0.0,2.0,181.0,182.0,0.0
San Jose,CA,SANTA CLARA,2023-09-29,2023,9,29,Fall,6,37.3,-121.8,365.0,238.0,123.0,4.0,0.0,0.0,0.0,134.0,63.0,43.0,0.0,2.0,181.0,182.0,0.0
San Jose,CA,SANTA CLARA,2023-10-06,2023,10,6,Fall,6,37.4,-121.9,365.0,238.0,123.0,4.0,0.0,0.0,0.0,134.0,63.0,43.0,0.0,2.0,181.0,182.0,0.0
San Jose,CA,SANTA CLARA,2023-10-29,2023,10,29,Fall,6,37.3,-121.9,365.0,238.0,123.0,4.0,0.0,0.0,0.0,134.0,63.0,43.0,0.0,2.0,181.0,182.0,0.0
San Leandro,CA,ALAMEDA,2023-02-20,2023,2,20,Winter,10,37.7,-122.2,365.0,198.0,154.0,13.0,0.0,0.0,0.0,130.0,70.0,48.0,1.0,16.0,131.0,217.0,0.0
San Leandro,CA,ALAMEDA,2023-08-10,2023,8,10,Summer,1,37.7,-122.1,365.0,198.0,154.0,13.0,0.0,0.0,0.0,130.0,70.0,48.0,1.0,16.0,131.0,217.0,0.0
San Leandro,CA,ALAMEDA,2023-08-17,2023,8,17,Summer,1,37.7,-122.1,365.0,198.0,154.0,13.0,0.0,0.0,0.0,130.0,70.0,48.0,1.0,16.0,131.0,217.0,0.0
San Leandro,CA,ALAMEDA,2023-10-06,2023,10,6,Fall,4,37.7,-122.2,365.0,198.0,154.0,13.0,0.0,0.0,0.0,130.0,70.0,48.0,1.0,16.0,131.0,217.0,0.0
San Leandro,CA,ALAMEDA,2023-10-21,2023,10,21,Fall,1,37.7,-122.1,365.0,198.0,154.0,13.0,0.0,0.0,0.0,130.0,70.0,48.0,1.0,16.0,131.0,217.0,0.0
San Leandro,CA,ALAMEDA,2023-11-26,2023,11,26,Fall,1,37.7,-122.2,365.0,198.0,154.0,13.0,0.0,0.0,0.0,130.0,70.0,48.0,1.0,16.0,131.0,217.0,0.0
San Leandro,CA,ALAMEDA,2023-12-28,2023,12,28,Winter,1,37.7,-122.1,365.0,198.0,154.0,13.0,0.0,0.0,0.0,130.0,70.0,48.0,1.0,16.0,131.0,217.0,0.0
San Luis Obispo,CA,SAN LUIS OBISPO,2023-02-18,2023,2,18,Winter,7,35.3,-120.7,365.0,207.0,152.0,6.0,0.0,0.0,0.0,122.0,77.0,47.0,0.0,3.0,244.0,115.0,3.0
San Marcos,CA,SAN DIEGO,2023-07-10,2023,7,10,Summer,3,33.1,-117.2,365.0,61.0,260.0,44.0,0.0,0.0,0.0,150.0,101.0,67.0,0.0,1.0,185.0,151.0,28.0
San Marcos,CA,SAN DIEGO,2023-08-01,2023,8,1,Summer,3,33.1,-117.2,365.0,61.0,260.0,44.0,0.0,0.0,0.0,150.0,101.0,67.0,0.0,1.0,185.0,151.0,28.0
San Mateo,CA,SAN MATEO,2023-07-11,2023,7,11,Summer,3,37.6,-122.3,365.0,251.0,113.0,1.0,0.0,0.0,0.0,115.0,58.0,41.0,3.0,9.0,111.0,242.0,0.0
San Rafael,CA,MARIN,2023-06-14,2023,6,14,Summer,6,38.0,-122.6,363.0,314.0,49.0,0.0,0.0,0.0,0.0,99.0,53.0,34.0,0.0,3.0,211.0,148.0,1.0
San Rafael,CA,MARIN,2023-08-04,2023,8,4,Summer,6,38.0,-122.6,363.0,314.0,49.0,0.0,0.0,0.0,0.0,99.0,53.0,34.0,0.0,3.0,211.0,148.0,1.0
San Rafael,CA,MARIN,2023-08-06,2023,8,6,Summer,12,38.0,-122.5,363.0,314.0,49.0,0.0,0.0,0.0,0.0,99.0,53.0,34.0,0.0,3.0,211.0,148.0,1.0
San Rafael,CA,MARIN,2023-08-17,2023,8,17,Summer,6,38.0,-122.6,363.0,314.0,49.0,0.0,0.0,0.0,0.0,99.0,53.0,34.0,0.0,3.0,211.0,148.0,1.0
Sanbornton,NH,BELKNAP,2023-07-30,2023,7,30,Summer,2,43.5,-71.6,365.0,310.0,54.0,1.0,0.0,0.0,0.0,105.0,54.0,35.0,0.0,0.0,147.0,218.0,0.0
Sand Springs,OK,TULSA,2023-08-17,2023,8,17,Summer,9,36.1,-96.2,365.0,142.0,205.0,16.0,2.0,0.0,0.0,197.0,77.0,53.0,0.0,0.0,154.0,204.0,7.0
Sand Springs,OK,TULSA,2023-10-04,2023,10,4,Fall,3,36.1,-96.3,365.0,142.0,205.0,16.0,2.0,0.0,0.0,197.0,77.0,53.0,0.0,0.0,154.0,204.0,7.0
Sand Springs,OK,TULSA,2023-10-10,2023,10,10,Fall,15,36.1,-96.3,365.0,142.0,205.0,16.0,2.0,0.0,0.0,197.0,77.0,53.0,0.0,0.0,154.0,204.0,7.0
Sandwich,MA,BARNSTABLE,2023-08-04,2023,8,4,Summer,1,41.7,-70.5,358.0,331.0,24.0,3.0,0.0,0.0,0.0,140.0,49.0,37.0,0.0,0.0,336.0,22.0,0.0
Sandy,UT,SALT LAKE,2023-09-06,2023,9,6,Fall,30,40.6,-111.9,365.0,150.0,199.0,15.0,1.0,0.0,0.0,154.0,90.0,54.0,0.0,23.0,215.0,120.0,7.0
Sandy,UT,SALT LAKE,2023-09-17,2023,9,17,Fall,10,40.6,-111.9,365.0,150.0,199.0,15.0,1.0,0.0,0.0,154.0,90.0,54.0,0.0,23.0,215.0,120.0,7.0
Sanibel,FL,LEE,2023-01-04,2023,1,4,Winter,2,26.4,-82.0,364.0,343.0,20.0,1.0,0.0,0.0,0.0,101.0,46.0,35.0,0.0,0.0,364.0,0.0,0.0
Sanibel,FL,LEE,2023-11-06,2023,11,6,Fall,2,26.4,-82.0,364.0,343.0,20.0,1.0,0.0,0.0,0.0,101.0,46.0,35.0,0.0,0.0,364.0,0.0,0.0
Santa Ana,CA,ORANGE,2023-02-10,2023,2,10,Winter,9,33.8,-117.8,365.0,160.0,195.0,9.0,1.0,0.0,0.0,166.0,77.0,52.0,0.0,14.0,142.0,204.0,5.0
Santa Ana,CA,ORANGE,2023-04-20,2023,4,20,Spring,9,33.8,-117.8,365.0,160.0,195.0,9.0,1.0,0.0,0.0,166.0,77.0,52.0,0.0,14.0,142.0,204.0,5.0
Santa Cruz,CA,SANTA CRUZ,2023-02-19,2023,2,19,Winter,4,37.0,-122.0,365.0,300.0,64.0,1.0,0.0,0.0,0.0,130.0,53.0,36.0,0.0,0.0,176.0,189.0,0.0
Santa Cruz,CA,SANTA CRUZ,2023-04-06,2023,4,6,Spring,12,37.0,-122.0,365.0,300.0,64.0,1.0,0.0,0.0,0.0,130.0,53.0,36.0,0.0,0.0,176.0,189.0,0.0
Santa Cruz,CA,SANTA CRUZ,2023-07-24,2023,7,24,Summer,8,37.0,-122.0,365.0,300.0,64.0,1.0,0.0,0.0,0.0,130.0,53.0,36.0,0.0,0.0,176.0,189.0,0.0
Santa Cruz,CA,SANTA CRUZ,2023-07-28,2023,7,28,Summer,8,37.0,-122.0,365.0,300.0,64.0,1.0,0.0,0.0,0.0,130.0,53.0,36.0,0.0,0.0,176.0,189.0,0.0
Santa Cruz,CA,SANTA CRUZ,2023-08-01,2023,8,1,Summer,4,37.0,-122.0,365.0,300.0,64.0,1.0,0.0,0.0,0.0,130.0,53.0,36.0,0.0,0.0,176.0,189.0,0.0
Santa Cruz,CA,SANTA CRUZ,2023-08-05,2023,8,5,Summer,8,37.0,-122.0,365.0,300.0,64.0,1.0,0.0,0.0,0.0,130.0,53.0,36.0,0.0,0.0,176.0,189.0,0.0
Santa Cruz,CA,SANTA CRUZ,2023-11-25,2023,11,25,Fall,28,37.0,-122.0,365.0,300.0,64.0,1.0,0.0,0.0,0.0,130.0,53.0,36.0,0.0,0.0,176.0,189.0,0.0
Santa Fe,NM,SANTA FE,2023-08-15,2023,8,15,Summer,32,35.6,-106.1,362.0,284.0,78.0,0.0,0.0,0.0,0.0,84.0,64.0,44.0,0.0,0.0,332.0,30.0,0.0
Santa Fe,NM,SANTA FE,2023-09-20,2023,9,20,Fall,16,35.7,-106.0,362.0,284.0,78.0,0.0,0.0,0.0,0.0,84.0,64.0,44.0,0.0,0.0,332.0,30.0,0.0
Santa Fe,TX,GALVESTON,2023-03-25,2023,3,25,Spring,3,29.4,-95.1,362.0,177.0,164.0,19.0,2.0,0.0,0.0,159.0,74.0,51.0,0.0,5.0,170.0,187.0,0.0
Santa Margarita,CA,SAN LUIS OBISPO,2023-06-25,2023,6,25,Summer,8,35.4,-120.6,365.0,207.0,152.0,6.0,0.0,0.0,0.0,122.0,77.0,47.0,0.0,3.0,244.0,115.0,3.0
Santa Margarita,CA,SAN LUIS OBISPO,2023-08-12,2023,8,12,Summer,4,35.4,-120.6,365.0,207.0,152.0,6.0,0.0,0.0,0.0,122.0,77.0,47.0,0.0,3.0,244.0,115.0,3.0
Santa Maria,CA,SANTA BARBARA,2023-10-04,2023,10,4,Fall,10,35.0,-120.4,365.0,232.0,133.0,0.0,0.0,0.0,0.0,95.0,59.0,45.0,0.0,0.0,170.0,186.0,9.0
Santa Monica,CA,LOS ANGELES,2023-08-31,2023,8,31,Summer,5,34.0,-118.5,365.0,41.0,237.0,52.0,32.0,3.0,0.0,210.0,147.0,67.0,0.0,5.0,150.0,203.0,7.0
Santa Rosa,CA,SONOMA,2023-09-13,2023,9,13,Fall,4,38.5,-122.7,365.0,323.0,40.0,2.0,0.0,0.0,0.0,117.0,51.0,33.0,1.0,0.0,237.0,126.0,1.0
Santa Rosa,CA,SONOMA,2023-10-03,2023,10,3,Fall,4,38.5,-122.8,365.0,323.0,40.0,2.0,0.0,0.0,0.0,117.0,51.0,33.0,1.0,0.0,237.0,126.0,1.0
Sarasota,FL,MANATEE,2023-03-07,2023,3,7,Spring,2,27.4,-82.6,362.0,338.0,24.0,0.0,0.0,0.0,0.0,90.0,48.0,35.0,0.0,0.0,362.0,0.0,0.0
Sarasota,FL,MANATEE,2023-03-14,2023,3,14,Spring,2,27.2,-82.5,362.0,338.0,24.0,0.0,0.0,0.0,0.0,90.0,48.0,35.0,0.0,0.0,362.0,0.0,0.0
Sarasota,FL,MANATEE,2023-06-14,2023,6,14,Summer,2,27.2,-82.5,362.0,338.0,24.0,0.0,0.0,0.0,0.0,90.0,48.0,35.0,0.0,0.0,362.0,0.0,0.0
Sarasota,FL,SARASOTA,2023-03-07,2023,3,7,Spring,6,27.4,-82.6,365.0,232.0,132.0,1.0,0.0,0.0,0.0,143.0,61.0,47.0,0.0,0.0,141.0,224.0,0.0
Sarasota,FL,SARASOTA,2023-03-14,2023,3,14,Spring,6,27.2,-82.5,365.0,232.0,132.0,1.0,0.0,0.0,0.0,143.0,61.0,47.0,0.0,0.0,141.0,224.0,0.0
Sarasota,FL,SARASOTA,2023-06-14,2023,6,14,Summer,6,27.2,-82.5,365.0,232.0,132.0,1.0,0.0,0.0,0.0,143.0,61.0,47.0,0.0,0.0,141.0,224.0,0.0
Saratoga Springs,NY,SARATOGA,2023-07-29,2023,7,29,Summer,4,43.1,-73.8,365.0,352.0,12.0,1.0,0.0,0.0,0.0,122.0,44.0,31.0,0.0,0.0,365.0,0.0,0.0
Saratoga Springs,UT,UTAH,2023-07-30,2023,7,30,Summer,39,40.3,-111.9,365.0,201.0,163.0,1.0,0.0,0.0,0.0,104.0,74.0,48.0,0.0,1.0,231.0,133.0,0.0
Saratoga Springs,UT,UTAH,2023-08-25,2023,8,25,Summer,3,40.3,-111.9,365.0,201.0,163.0,1.0,0.0,0.0,0.0,104.0,74.0,48.0,0.0,1.0,231.0,133.0,0.0
Satellite Beach,FL,BREVARD,2023-07-24,2023,7,24,Summer,6,28.2,-80.6,365.0,279.0,85.0,1.0,0.0,0.0,0.0,130.0,58.0,43.0,0.0,0.0,222.0,143.0,0.0
Satellite Beach,FL,BREVARD,2023-11-25,2023,11,25,Fall,6,28.2,-80.6,365.0,279.0,85.0,1.0,0.0,0.0,0.0,130.0,58.0,43.0,0.0,0.0,222.0,143.0,0.0
Saugatuck,MI,ALLEGAN,2023-08-01,2023,8,1,Summer,1,42.7,-86.2,360.0,246.0,102.0,11.0,1.0,0.0,0.0,161.0,80.0,42.0,0.0,0.0,200.0,160.0,0.0
Saugatuck,MI,ALLEGAN,2023-08-04,2023,8,4,Summer,1,42.7,-86.2,360.0,246.0,102.0,11.0,1.0,0.0,0.0,161.0,80.0,42.0,0.0,0.0,200.0,160.0,0.0
Saugatuck,MI,ALLEGAN,2023-09-10,2023,9,10,Fall,1,42.7,-86.2,360.0,246.0,102.0,11.0,1.0,0.0,0.0,161.0,80.0,42.0,0.0,0.0,200.0,160.0,0.0
Sauk Centre,MN,STEARNS,2023-09-18,2023,9,18,Fall,2,45.7,-94.9,365.0,199.0,152.0,11.0,3.0,0.0,0.0,184.0,83.0,48.0,0.0,0.0,112.0,253.0,0.0
Sauk Centre,MN,STEARNS,2023-10-02,2023,10,2,Fall,8,45.7,-94.9,365.0,199.0,152.0,11.0,3.0,0.0,0.0,184.0,83.0,48.0,0.0,0.0,112.0,253.0,0.0
Sauk Centre,MN,STEARNS,2023-10-09,2023,10,9,Fall,2,45.7,-95.0,365.0,199.0,152.0,11.0,3.0,0.0,0.0,184.0,83.0,48.0,0.0,0.0,112.0,253.0,0.0
Sausalito,CA,MARIN,2023-10-05,2023,10,5,Fall,27,37.9,-122.5,363.0,314.0,49.0,0.0,0.0,0.0,0.0,99.0,53.0,34.0,0.0,3.0,211.0,148.0,1.0
Sausalito,CA,MARIN,2023-10-14,2023,10,14,Fall,15,37.9,-122.5,363.0,314.0,49.0,0.0,0.0,0.0,0.0,99.0,53.0,34.0,0.0,3.0,211.0,148.0,1.0
Sausalito,CA,MARIN,2023-10-20,2023,10,20,Fall,3,37.9,-122.5,363.0,314.0,49.0,0.0,0.0,0.0,0.0,99.0,53.0,34.0,0.0,3.0,211.0,148.0,1.0
Savannah,GA,CHATHAM,2023-01-13,2023,1,13,Winter,10,32.0,-81.1,352.0,197.0,153.0,2.0,0.0,0.0,0.0,108.0,63.0,48.0,0.0,0.0,52.0,300.0,0.0
Savannah,GA,CHATHAM,2023-02-21,2023,2,21,Winter,10,32.0,-81.3,352.0,197.0,153.0,2.0,0.0,0.0,0.0,108.0,63.0,48.0,0.0,0.0,52.0,300.0,0.0
Savannah,GA,CHATHAM,2023-05-01,2023,5,1,Spring,10,32.0,-81.1,352.0,197.0,153.0,2.0,0.0,0.0,0.0,108.0,63.0,48.0,0.0,0.0,52.0,300.0,0.0
Savannah,GA,CHATHAM,2023-05-11,2023,5,11,Spring,20,31.9,-81.1,352.0,197.0,153.0,2.0,0.0,0.0,0.0,108.0,63.0,48.0,0.0,0.0,52.0,300.0,0.0
Savannah,GA,CHATHAM,2023-05-12,2023,5,12,Spring,10,32.0,-81.1,352.0,197.0,153.0,2.0,0.0,0.0,0.0,108.0,63.0,48.0,0.0,0.0,52.0,300.0,0.0
Savannah,GA,CHATHAM,2023-05-13,2023,5,13,Spring,10,31.9,-81.0,352.0,197.0,153.0,2.0,0.0,0.0,0.0,108.0,63.0,48.0,0.0,0.0,52.0,300.0,0.0
Savannah,GA,CHATHAM,2023-05-17,2023,5,17,Spring,10,31.9,-81.1,352.0,197.0,153.0,2.0,0.0,0.0,0.0,108.0,63.0,48.0,0.0,0.0,52.0,300.0,0.0
Savannah,GA,CHATHAM,2023-07-02,2023,7,2,Summer,20,31.9,-81.1,352.0,197.0,153.0,2.0,0.0,0.0,0.0,108.0,63.0,48.0,0.0,0.0,52.0,300.0,0.0
Savannah,GA,CHATHAM,2023-08-04,2023,8,4,Summer,10,31.9,-81.1,352.0,197.0,153.0,2.0,0.0,0.0,0.0,108.0,63.0,48.0,0.0,0.0,52.0,300.0,0.0
Savannah,GA,CHATHAM,2023-08-12,2023,8,12,Summer,10,31.9,-81.1,352.0,197.0,153.0,2.0,0.0,0.0,0.0,108.0,63.0,48.0,0.0,0.0,52.0,300.0,0.0
Savannah,GA,CHATHAM,2023-08-14,2023,8,14,Summer,40,31.9,-81.1,352.0,197.0,153.0,2.0,0.0,0.0,0.0,108.0,63.0,48.0,0.0,0.0,52.0,300.0,0.0
Savannah,GA,CHATHAM,2023-09-12,2023,9,12,Fall,10,31.9,-81.1,352.0,197.0,153.0,2.0,0.0,0.0,0.0,108.0,63.0,48.0,0.0,0.0,52.0,300.0,0.0
Savannah,GA,CHATHAM,2023-09-16,2023,9,16,Fall,10,31.9,-81.1,352.0,197.0,153.0,2.0,0.0,0.0,0.0,108.0,63.0,48.0,0.0,0.0,52.0,300.0,0.0
Savannah,GA,CHATHAM,2023-09-21,2023,9,21,Fall,10,31.9,-81.1,352.0,197.0,153.0,2.0,0.0,0.0,0.0,108.0,63.0,48.0,0.0,0.0,52.0,300.0,0.0
Savannah,GA,CHATHAM,2023-09-29,2023,9,29,Fall,10,31.9,-81.1,352.0,197.0,153.0,2.0,0.0,0.0,0.0,108.0,63.0,48.0,0.0,0.0,52.0,300.0,0.0
Savannah,GA,CHATHAM,2023-09-30,2023,9,30,Fall,10,31.9,-81.1,352.0,197.0,153.0,2.0,0.0,0.0,0.0,108.0,63.0,48.0,0.0,0.0,52.0,300.0,0.0
Savannah,GA,CHATHAM,2023-10-01,2023,10,1,Fall,10,31.9,-81.1,352.0,197.0,153.0,2.0,0.0,0.0,0.0,108.0,63.0,48.0,0.0,0.0,52.0,300.0,0.0
Savannah,GA,CHATHAM,2023-10-03,2023,10,3,Fall,10,31.9,-81.1,352.0,197.0,153.0,2.0,0.0,0.0,0.0,108.0,63.0,48.0,0.0,0.0,52.0,300.0,0.0
Savannah,GA,CHATHAM,2023-10-10,2023,10,10,Fall,10,31.9,-81.1,352.0,197.0,153.0,2.0,0.0,0.0,0.0,108.0,63.0,48.0,0.0,0.0,52.0,300.0,0.0
Savannah,GA,CHATHAM,2023-10-13,2023,10,13,Fall,60,32.1,-81.1,352.0,197.0,153.0,2.0,0.0,0.0,0.0,108.0,63.0,48.0,0.0,0.0,52.0,300.0,0.0
Savannah,GA,CHATHAM,2023-10-29,2023,10,29,Fall,40,32.1,-81.1,352.0,197.0,153.0,2.0,0.0,0.0,0.0,108.0,63.0,48.0,0.0,0.0,52.0,300.0,0.0
Savannah,GA,CHATHAM,2023-11-09,2023,11,9,Fall,10,31.9,-81.1,352.0,197.0,153.0,2.0,0.0,0.0,0.0,108.0,63.0,48.0,0.0,0.0,52.0,300.0,0.0
Savannah,GA,CHATHAM,2023-11-17,2023,11,17,Fall,20,31.9,-81.1,352.0,197.0,153.0,2.0,0.0,0.0,0.0,108.0,63.0,48.0,0.0,0.0,52.0,300.0,0.0
Savannah,GA,CHATHAM,2023-12-08,2023,12,8,Winter,10,32.1,-81.1,352.0,197.0,153.0,2.0,0.0,0.0,0.0,108.0,63.0,48.0,0.0,0.0,52.0,300.0,0.0
Savannah,GA,CHATHAM,2023-12-09,2023,12,9,Winter,10,32.0,-81.2,352.0,197.0,153.0,2.0,0.0,0.0,0.0,108.0,63.0,48.0,0.0,0.0,52.0,300.0,0.0
Savannah,GA,CHATHAM,2023-12-10,2023,12,10,Winter,30,32.0,-81.0,352.0,197.0,153.0,2.0,0.0,0.0,0.0,108.0,63.0,48.0,0.0,0.0,52.0,300.0,0.0
Savannah,GA,CHATHAM,2023-12-16,2023,12,16,Winter,10,32.0,-81.1,352.0,197.0,153.0,2.0,0.0,0.0,0.0,108.0,63.0,48.0,0.0,0.0,52.0,300.0,0.0
Savannah,GA,CHATHAM,2023-12-23,2023,12,23,Winter,20,31.9,-81.1,352.0,197.0,153.0,2.0,0.0,0.0,0.0,108.0,63.0,48.0,0.0,0.0,52.0,300.0,0.0
Savannah,GA,CHATHAM,2023-12-31,2023,12,31,Winter,10,32.1,-81.1,352.0,197.0,153.0,2.0,0.0,0.0,0.0,108.0,63.0,48.0,0.0,0.0,52.0,300.0,0.0
Sayre,PA,BRADFORD,2023-08-19,2023,8,19,Summer,3,42.0,-76.5,289.0,237.0,51.0,1.0,0.0,0.0,0.0,108.0,57.0,40.0,0.0,0.0,196.0,93.0,0.0
Sayre,PA,BRADFORD,2023-10-26,2023,10,26,Fall,3,42.0,-76.5,289.0,237.0,51.0,1.0,0.0,0.0,0.0,108.0,57.0,40.0,0.0,0.0,196.0,93.0,0.0
Scarborough,ME,CUMBERLAND,2023-08-03,2023,8,3,Summer,4,43.6,-70.3,365.0,266.0,96.0,3.0,0.0,0.0,0.0,120.0,64.0,40.0,0.0,7.0,179.0,175.0,4.0
Scarborough,ME,CUMBERLAND,2023-08-28,2023,8,28,Summer,4,43.6,-70.4,365.0,266.0,96.0,3.0,0.0,0.0,0.0,120.0,64.0,40.0,0.0,7.0,179.0,175.0,4.0
Schaumburg,IL,COOK,2023-06-29,2023,6,29,Summer,4,42.0,-88.1,365.0,104.0,227.0,27.0,5.0,2.0,0.0,223.0,93.0,57.0,0.0,8.0,97.0,252.0,8.0
Schaumburg,IL,COOK,2023-07-30,2023,7,30,Summer,4,42.0,-88.1,365.0,104.0,227.0,27.0,5.0,2.0,0.0,223.0,93.0,57.0,0.0,8.0,97.0,252.0,8.0
Schaumburg,IL,COOK,2023-07-31,2023,7,31,Summer,4,42.0,-88.1,365.0,104.0,227.0,27.0,5.0,2.0,0.0,223.0,93.0,57.0,0.0,8.0,97.0,252.0,8.0
Schaumburg,IL,COOK,2023-08-01,2023,8,1,Summer,4,42.0,-88.1,365.0,104.0,227.0,27.0,5.0,2.0,0.0,223.0,93.0,57.0,0.0,8.0,97.0,252.0,8.0
Schaumburg,IL,COOK,2023-08-04,2023,8,4,Summer,16,42.0,-88.1,365.0,104.0,227.0,27.0,5.0,2.0,0.0,223.0,93.0,57.0,0.0,8.0,97.0,252.0,8.0
Schaumburg,IL,COOK,2023-09-29,2023,9,29,Fall,12,42.0,-88.1,365.0,104.0,227.0,27.0,5.0,2.0,0.0,223.0,93.0,57.0,0.0,8.0,97.0,252.0,8.0
Schererville,IN,LAKE,2023-07-20,2023,7,20,Summer,5,41.5,-87.4,365.0,125.0,222.0,16.0,1.0,1.0,0.0,215.0,80.0,55.0,0.0,0.0,69.0,294.0,2.0
Schnecksville,PA,LEHIGH,2023-08-15,2023,8,15,Summer,2,40.6,-75.7,363.0,230.0,126.0,2.0,4.0,0.0,1.0,337.0,67.0,43.0,0.0,0.0,134.0,229.0,0.0
Schwenksville,PA,MONTGOMERY,2023-10-01,2023,10,1,Fall,5,40.3,-75.5,365.0,232.0,127.0,1.0,3.0,2.0,0.0,284.0,67.0,44.0,0.0,0.0,144.0,221.0,0.0
Scottsdale,AZ,MARICOPA,2023-09-14,2023,9,14,Fall,1,33.5,-111.9,365.0,41.0,255.0,62.0,7.0,0.0,0.0,183.0,119.0,72.0,0.0,0.0,193.0,91.0,81.0
Scottsdale,AZ,MARICOPA,2023-09-16,2023,9,16,Fall,1,33.9,-111.8,365.0,41.0,255.0,62.0,7.0,0.0,0.0,183.0,119.0,72.0,0.0,0.0,193.0,91.0,81.0
Scottsdale,AZ,MARICOPA,2023-10-07,2023,10,7,Fall,1,33.9,-111.8,365.0,41.0,255.0,62.0,7.0,0.0,0.0,183.0,119.0,72.0,0.0,0.0,193.0,91.0,81.0
Scottsdale,AZ,MARICOPA,2023-12-01,2023,12,1,Winter,5,33.6,-111.9,365.0,41.0,255.0,62.0,7.0,0.0,0.0,183.0,119.0,72.0,0.0,0.0,193.0,91.0,81.0
Scottsville,VA,ALBEMARLE,2023-10-12,2023,10,12,Fall,1,37.8,-78.5,364.0,254.0,104.0,3.0,3.0,0.0,0.0,168.0,64.0,44.0,0.0,0.0,125.0,239.0,0.0
Scurry,TX,KAUFMAN,2023-12-14,2023,12,14,Winter,4,32.5,-96.4,364.0,222.0,133.0,8.0,1.0,0.0,0.0,159.0,71.0,46.0,0.0,0.0,213.0,151.0,0.0
Sea Girt,NJ,MONMOUTH,2023-08-26,2023,8,26,Summer,8,40.1,-74.0,247.0,210.0,35.0,2.0,0.0,0.0,0.0,140.0,61.0,39.0,0.0,0.0,247.0,0.0,0.0
Sea Girt,NJ,MONMOUTH,2023-10-11,2023,10,11,Fall,4,40.1,-74.1,247.0,210.0,35.0,2.0,0.0,0.0,0.0,140.0,61.0,39.0,0.0,0.0,247.0,0.0,0.0
Seabrook,TX,HARRIS,2023-01-08,2023,1,8,Winter,18,29.6,-95.0,365.0,44.0,273.0,38.0,9.0,1.0,0.0,205.0,121.0,64.0,0.0,1.0,102.0,239.0,23.0
Seabrook,TX,HARRIS,2023-03-30,2023,3,30,Spring,12,29.6,-95.0,365.0,44.0,273.0,38.0,9.0,1.0,0.0,205.0,121.0,64.0,0.0,1.0,102.0,239.0,23.0
Seaford,NY,NASSAU,2023-08-03,2023,8,3,Summer,1,40.7,-73.5,365.0,275.0,86.0,1.0,3.0,0.0,0.0,197.0,57.0,31.0,0.0,0.0,0.0,365.0,0.0
Sebastian,FL,BREVARD,2023-02-10,2023,2,10,Winter,6,27.9,-80.5,365.0,279.0,85.0,1.0,0.0,0.0,0.0,130.0,58.0,43.0,0.0,0.0,222.0,143.0,0.0
Sebastian,FL,INDIAN RIVER,2023-02-10,2023,2,10,Winter,2,27.9,-80.5,358.0,350.0,8.0,0.0,0.0,0.0,0.0,74.0,44.0,34.0,0.0,0.0,358.0,0.0,0.0
Sebring,FL,HIGHLANDS,2023-02-28,2023,2,28,Winter,5,27.5,-81.4,361.0,346.0,14.0,1.0,0.0,0.0,0.0,108.0,45.0,35.0,0.0,0.0,361.0,0.0,0.0
Secaucus,NJ,HUDSON,2023-09-20,2023,9,20,Fall,9,40.8,-74.1,365.0,218.0,142.0,1.0,3.0,1.0,0.0,203.0,64.0,44.0,0.0,73.0,99.0,193.0,0.0
Sedona,AZ,COCONINO,2023-08-30,2023,8,30,Summer,4,34.8,-111.8,365.0,243.0,118.0,1.0,2.0,1.0,0.0,203.0,80.0,46.0,0.0,0.0,356.0,9.0,0.0
Sedona,AZ,YAVAPAI,2023-08-30,2023,8,30,Summer,4,34.8,-111.8,364.0,298.0,66.0,0.0,0.0,0.0,0.0,87.0,61.0,43.0,0.0,0.0,357.0,7.0,0.0
Severna Park,MD,ANNE ARUNDEL,2023-07-03,2023,7,3,Summer,1,39.1,-76.5,263.0,225.0,36.0,2.0,0.0,0.0,0.0,150.0,58.0,40.0,0.0,0.0,244.0,0.0,19.0
Severna Park,MD,ANNE ARUNDEL,2023-07-31,2023,7,31,Summer,1,39.1,-76.5,263.0,225.0,36.0,2.0,0.0,0.0,0.0,150.0,58.0,40.0,0.0,0.0,244.0,0.0,19.0
Severna Park,MD,ANNE ARUNDEL,2023-08-01,2023,8,1,Summer,1,39.1,-76.5,263.0,225.0,36.0,2.0,0.0,0.0,0.0,150.0,58.0,40.0,0.0,0.0,244.0,0.0,19.0
Severna Park,MD,ANNE ARUNDEL,2023-08-02,2023,8,2,Summer,1,39.1,-76.5,263.0,225.0,36.0,2.0,0.0,0.0,0.0,150.0,58.0,40.0,0.0,0.0,244.0,0.0,19.0
Severna Park,MD,ANNE ARUNDEL,2023-08-03,2023,8,3,Summer,1,39.1,-76.5,263.0,225.0,36.0,2.0,0.0,0.0,0.0,150.0,58.0,40.0,0.0,0.0,244.0,0.0,19.0
Severna Park,MD,ANNE ARUNDEL,2023-08-04,2023,8,4,Summer,1,39.1,-76.5,263.0,225.0,36.0,2.0,0.0,0.0,0.0,150.0,58.0,40.0,0.0,0.0,244.0,0.0,19.0
Severna Park,MD,ANNE ARUNDEL,2023-08-05,2023,8,5,Summer,1,39.1,-76.5,263.0,225.0,36.0,2.0,0.0,0.0,0.0,150.0,58.0,40.0,0.0,0.0,244.0,0.0,19.0
Severna Park,MD,ANNE ARUNDEL,2023-08-06,2023,8,6,Summer,1,39.1,-76.5,263.0,225.0,36.0,2.0,0.0,0.0,0.0,150.0,58.0,40.0,0.0,0.0,244.0,0.0,19.0
Severna Park,MD,ANNE ARUNDEL,2023-08-07,2023,8,7,Summer,1,39.1,-76.5,263.0,225.0,36.0,2.0,0.0,0.0,0.0,150.0,58.0,40.0,0.0,0.0,244.0,0.0,19.0
Severna Park,MD,ANNE ARUNDEL,2023-08-09,2023,8,9,Summer,1,39.1,-76.5,263.0,225.0,36.0,2.0,0.0,0.0,0.0,150.0,58.0,40.0,0.0,0.0,244.0,0.0,19.0
Severna Park,MD,ANNE ARUNDEL,2023-08-11,2023,8,11,Summer,1,39.1,-76.5,263.0,225.0,36.0,2.0,0.0,0.0,0.0,150.0,58.0,40.0,0.0,0.0,244.0,0.0,19.0
Severna Park,MD,ANNE ARUNDEL,2023-08-13,2023,8,13,Summer,1,39.1,-76.5,263.0,225.0,36.0,2.0,0.0,0.0,0.0,150.0,58.0,40.0,0.0,0.0,244.0,0.0,19.0
Severna Park,MD,ANNE ARUNDEL,2023-08-14,2023,8,14,Summer,1,39.1,-76.5,263.0,225.0,36.0,2.0,0.0,0.0,0.0,150.0,58.0,40.0,0.0,0.0,244.0,0.0,19.0
Severna Park,MD,ANNE ARUNDEL,2023-08-18,2023,8,18,Summer,1,39.1,-76.5,263.0,225.0,36.0,2.0,0.0,0.0,0.0,150.0,58.0,40.0,0.0,0.0,244.0,0.0,19.0
Severna Park,MD,ANNE ARUNDEL,2023-08-19,2023,8,19,Summer,1,39.1,-76.5,263.0,225.0,36.0,2.0,0.0,0.0,0.0,150.0,58.0,40.0,0.0,0.0,244.0,0.0,19.0
Severna Park,MD,ANNE ARUNDEL,2023-08-21,2023,8,21,Summer,1,39.1,-76.5,263.0,225.0,36.0,2.0,0.0,0.0,0.0,150.0,58.0,40.0,0.0,0.0,244.0,0.0,19.0
Severna Park,MD,ANNE ARUNDEL,2023-08-24,2023,8,24,Summer,1,39.1,-76.5,263.0,225.0,36.0,2.0,0.0,0.0,0.0,150.0,58.0,40.0,0.0,0.0,244.0,0.0,19.0
Sewickley,PA,ALLEGHENY,2023-08-19,2023,8,19,Summer,2,40.6,-80.2,365.0,121.0,227.0,15.0,1.0,1.0,0.0,237.0,84.0,56.0,0.0,0.0,71.0,294.0,0.0
Sewickley,PA,ALLEGHENY,2023-08-22,2023,8,22,Summer,4,40.6,-80.2,365.0,121.0,227.0,15.0,1.0,1.0,0.0,237.0,84.0,56.0,0.0,0.0,71.0,294.0,0.0
Seymour,CT,NEW HAVEN,2023-10-08,2023,10,8,Fall,1,41.4,-73.1,365.0,205.0,148.0,9.0,2.0,1.0,0.0,208.0,74.0,47.0,0.0,9.0,158.0,198.0,0.0
Seymour,IN,JACKSON,2023-08-08,2023,8,8,Summer,2,38.9,-85.8,,,,,,,,,,,,,,,
Seymour,TN,SEVIER,2023-08-17,2023,8,17,Summer,1,35.9,-83.7,268.0,205.0,60.0,3.0,0.0,0.0,0.0,115.0,64.0,45.0,0.0,0.0,268.0,0.0,0.0
Seymour,TN,SEVIER,2023-09-07,2023,9,7,Fall,1,35.9,-83.7,268.0,205.0,60.0,3.0,0.0,0.0,0.0,115.0,64.0,45.0,0.0,0.0,268.0,0.0,0.0
Seymour,TN,SEVIER,2023-10-12,2023,10,12,Fall,1,35.9,-83.7,268.0,205.0,60.0,3.0,0.0,0.0,0.0,115.0,64.0,45.0,0.0,0.0,268.0,0.0,0.0
Seymour,TN,SEVIER,2023-10-20,2023,10,20,Fall,1,35.9,-83.7,268.0,205.0,60.0,3.0,0.0,0.0,0.0,115.0,64.0,45.0,0.0,0.0,268.0,0.0,0.0
Seymour,WI,OUTAGAMIE,2023-07-30,2023,7,30,Summer,76,44.5,-88.4,360.0,195.0,152.0,8.0,5.0,0.0,0.0,186.0,78.0,48.0,0.0,0.0,85.0,275.0,0.0
Seymour,WI,OUTAGAMIE,2023-10-02,2023,10,2,Fall,4,44.5,-88.4,360.0,195.0,152.0,8.0,5.0,0.0,0.0,186.0,78.0,48.0,0.0,0.0,85.0,275.0,0.0
Shakopee,MN,SCOTT,2023-05-20,2023,5,20,Spring,2,44.8,-93.5,365.0,173.0,175.0,12.0,5.0,0.0,0.0,179.0,88.0,51.0,0.0,0.0,146.0,219.0,0.0
Shakopee,MN,SCOTT,2023-08-01,2023,8,1,Summer,2,44.8,-93.5,365.0,173.0,175.0,12.0,5.0,0.0,0.0,179.0,88.0,51.0,0.0,0.0,146.0,219.0,0.0
Shakopee,MN,SCOTT,2023-08-03,2023,8,3,Summer,12,44.8,-93.5,365.0,173.0,175.0,12.0,5.0,0.0,0.0,179.0,88.0,51.0,0.0,0.0,146.0,219.0,0.0
Shakopee,MN,SCOTT,2023-08-15,2023,8,15,Summer,6,44.8,-93.5,365.0,173.0,175.0,12.0,5.0,0.0,0.0,179.0,88.0,51.0,0.0,0.0,146.0,219.0,0.0
Shakopee,MN,SCOTT,2023-08-24,2023,8,24,Summer,10,44.8,-93.5,365.0,173.0,175.0,12.0,5.0,0.0,0.0,179.0,88.0,51.0,0.0,0.0,146.0,219.0,0.0
Shakopee,MN,SCOTT,2023-08-25,2023,8,25,Summer,14,44.8,-93.5,365.0,173.0,175.0,12.0,5.0,0.0,0.0,179.0,88.0,51.0,0.0,0.0,146.0,219.0,0.0
Shakopee,MN,SCOTT,2023-08-28,2023,8,28,Summer,20,44.8,-93.5,365.0,173.0,175.0,12.0,5.0,0.0,0.0,179.0,88.0,51.0,0.0,0.0,146.0,219.0,0.0
Shakopee,MN,SCOTT,2023-08-29,2023,8,29,Summer,12,44.8,-93.5,365.0,173.0,175.0,12.0,5.0,0.0,0.0,179.0,88.0,51.0,0.0,0.0,146.0,219.0,0.0
Shakopee,MN,SCOTT,2023-08-30,2023,8,30,Summer,18,44.8,-93.5,365.0,173.0,175.0,12.0,5.0,0.0,0.0,179.0,88.0,51.0,0.0,0.0,146.0,219.0,0.0
Shakopee,MN,SCOTT,2023-08-31,2023,8,31,Summer,6,44.8,-93.5,365.0,173.0,175.0,12.0,5.0,0.0,0.0,179.0,88.0,51.0,0.0,0.0,146.0,219.0,0.0
Shakopee,MN,SCOTT,2023-09-01,2023,9,1,Fall,10,44.8,-93.5,365.0,173.0,175.0,12.0,5.0,0.0,0.0,179.0,88.0,51.0,0.0,0.0,146.0,219.0,0.0
Shakopee,MN,SCOTT,2023-09-02,2023,9,2,Fall,26,44.8,-93.5,365.0,173.0,175.0,12.0,5.0,0.0,0.0,179.0,88.0,51.0,0.0,0.0,146.0,219.0,0.0
Shakopee,MN,SCOTT,2023-09-17,2023,9,17,Fall,6,44.8,-93.5,365.0,173.0,175.0,12.0,5.0,0.0,0.0,179.0,88.0,51.0,0.0,0.0,146.0,219.0,0.0
Shakopee,MN,SCOTT,2023-09-20,2023,9,20,Fall,8,44.8,-93.5,365.0,173.0,175.0,12.0,5.0,0.0,0.0,179.0,88.0,51.0,0.0,0.0,146.0,219.0,0.0
Shanksville,PA,SOMERSET,2023-08-20,2023,8,20,Summer,2,40.0,-78.9,365.0,333.0,32.0,0.0,0.0,0.0,0.0,93.0,49.0,35.0,0.0,0.0,365.0,0.0,0.0
Sharon,PA,MERCER,2023-07-29,2023,7,29,Summer,2,41.2,-80.5,364.0,237.0,122.0,3.0,2.0,0.0,0.0,196.0,67.0,44.0,0.0,0.0,219.0,145.0,0.0
Shawnee,KS,JOHNSON,2023-07-31,2023,7,31,Summer,9,39.0,-94.7,365.0,189.0,166.0,7.0,3.0,0.0,0.0,165.0,70.0,49.0,0.0,0.0,148.0,210.0,7.0
Shawnee,KS,JOHNSON,2023-08-09,2023,8,9,Summer,9,39.0,-94.7,365.0,189.0,166.0,7.0,3.0,0.0,0.0,165.0,70.0,49.0,0.0,0.0,148.0,210.0,7.0
Shawnee,KS,JOHNSON,2023-08-23,2023,8,23,Summer,54,39.0,-94.7,365.0,189.0,166.0,7.0,3.0,0.0,0.0,165.0,70.0,49.0,0.0,0.0,148.0,210.0,7.0
Shawnee,KS,JOHNSON,2023-08-24,2023,8,24,Summer,9,39.0,-94.7,365.0,189.0,166.0,7.0,3.0,0.0,0.0,165.0,70.0,49.0,0.0,0.0,148.0,210.0,7.0
Shawnee,KS,JOHNSON,2023-08-25,2023,8,25,Summer,18,39.0,-94.7,365.0,189.0,166.0,7.0,3.0,0.0,0.0,165.0,70.0,49.0,0.0,0.0,148.0,210.0,7.0
Shawnee,KS,JOHNSON,2023-08-26,2023,8,26,Summer,18,39.0,-94.7,365.0,189.0,166.0,7.0,3.0,0.0,0.0,165.0,70.0,49.0,0.0,0.0,148.0,210.0,7.0
Shawnee,KS,JOHNSON,2023-08-27,2023,8,27,Summer,36,39.0,-94.7,365.0,189.0,166.0,7.0,3.0,0.0,0.0,165.0,70.0,49.0,0.0,0.0,148.0,210.0,7.0
Shawnee,KS,JOHNSON,2023-09-25,2023,9,25,Fall,27,39.0,-94.8,365.0,189.0,166.0,7.0,3.0,0.0,0.0,165.0,70.0,49.0,0.0,0.0,148.0,210.0,7.0
Shawnee,KS,JOHNSON,2023-09-30,2023,9,30,Fall,9,39.0,-94.7,365.0,189.0,166.0,7.0,3.0,0.0,0.0,165.0,70.0,49.0,0.0,0.0,148.0,210.0,7.0
Sheboygan,WI,SHEBOYGAN,2023-08-03,2023,8,3,Summer,12,43.8,-87.8,203.0,132.0,53.0,16.0,1.0,1.0,0.0,207.0,100.0,45.0,0.0,0.0,203.0,0.0,0.0
Sheboygan,WI,SHEBOYGAN,2023-08-05,2023,8,5,Summer,8,43.8,-87.7,203.0,132.0,53.0,16.0,1.0,1.0,0.0,207.0,100.0,45.0,0.0,0.0,203.0,0.0,0.0
Shelby,NC,CLEVELAND,2023-08-20,2023,8,20,Summer,3,35.2,-81.7,,,,,,,,,,,,,,,
Shelby,NC,CLEVELAND,2023-09-24,2023,9,24,Fall,3,35.3,-81.4,,,,,,,,,,,,,,,
Shelby,NC,CLEVELAND,2023-10-29,2023,10,29,Fall,3,35.2,-81.7,,,,,,,,,,,,,,,
Shepherdstown,WV,JEFFERSON,2023-07-06,2023,7,6,Summer,1,39.4,-77.8,,,,,,,,,,,,,,,
Sheridan,WY,SHERIDAN,2023-07-19,2023,7,19,Summer,2,44.8,-107.0,365.0,283.0,79.0,2.0,1.0,0.0,0.0,175.0,59.0,43.0,0.0,0.0,247.0,112.0,6.0
Sheridan,WY,SHERIDAN,2023-08-18,2023,8,18,Summer,1,44.8,-107.0,365.0,283.0,79.0,2.0,1.0,0.0,0.0,175.0,59.0,43.0,0.0,0.0,247.0,112.0,6.0
Shingle Springs,CA,EL DORADO,2023-11-17,2023,11,17,Fall,4,38.6,-121.0,365.0,259.0,101.0,5.0,0.0,0.0,0.0,119.0,77.0,44.0,0.0,0.0,349.0,11.0,5.0
Shorewood,IL,WILL,2023-08-01,2023,8,1,Summer,10,41.5,-88.2,365.0,155.0,191.0,14.0,3.0,2.0,0.0,246.0,78.0,53.0,0.0,0.0,85.0,280.0,0.0
Shrewsbury,NJ,MONMOUTH,2023-09-20,2023,9,20,Fall,2,40.3,-74.1,247.0,210.0,35.0,2.0,0.0,0.0,0.0,140.0,61.0,39.0,0.0,0.0,247.0,0.0,0.0
Shrewsbury,NJ,MONMOUTH,2023-10-12,2023,10,12,Fall,10,40.3,-74.0,247.0,210.0,35.0,2.0,0.0,0.0,0.0,140.0,61.0,39.0,0.0,0.0,247.0,0.0,0.0
Shrewsbury,NJ,MONMOUTH,2023-10-26,2023,10,26,Fall,2,40.3,-74.0,247.0,210.0,35.0,2.0,0.0,0.0,0.0,140.0,61.0,39.0,0.0,0.0,247.0,0.0,0.0
Shutesbury,MA,FRANKLIN,2023-08-21,2023,8,21,Summer,1,42.5,-72.4,365.0,246.0,113.0,5.0,1.0,0.0,0.0,154.0,61.0,43.0,0.0,0.0,139.0,226.0,0.0
Side Lake,MN,SAINT LOUIS,2023-08-03,2023,8,3,Summer,2,47.7,-93.0,365.0,221.0,136.0,6.0,1.0,1.0,0.0,286.0,74.0,44.0,0.0,1.0,168.0,190.0,6.0
Sierra Vista,AZ,COCHISE,2023-07-31,2023,7,31,Summer,2,31.5,-110.3,365.0,272.0,90.0,3.0,0.0,0.0,0.0,108.0,64.0,44.0,0.0,0.0,317.0,1.0,47.0
Sierra Vista,AZ,COCHISE,2023-09-01,2023,9,1,Fall,2,31.5,-110.3,365.0,272.0,90.0,3.0,0.0,0.0,0.0,108.0,64.0,44.0,0.0,0.0,317.0,1.0,47.0
Sierra Vista,AZ,COCHISE,2023-09-21,2023,9,21,Fall,2,31.5,-110.3,365.0,272.0,90.0,3.0,0.0,0.0,0.0,108.0,64.0,44.0,0.0,0.0,317.0,1.0,47.0
Sierra Vista,AZ,COCHISE,2023-10-07,2023,10,7,Fall,2,31.5,-110.3,365.0,272.0,90.0,3.0,0.0,0.0,0.0,108.0,64.0,44.0,0.0,0.0,317.0,1.0,47.0
Signal Mountain,TN,HAMILTON,2023-04-12,2023,4,12,Spring,3,35.1,-85.3,365.0,175.0,187.0,3.0,0.0,0.0,0.0,137.0,71.0,51.0,0.0,0.0,107.0,258.0,0.0
Sikeston,MO,SCOTT,2023-07-20,2023,7,20,Summer,2,36.9,-89.6,,,,,,,,,,,,,,,
Silver Spring,MD,MONTGOMERY,2023-07-29,2023,7,29,Summer,39,39.1,-77.0,357.0,291.0,61.0,2.0,3.0,0.0,0.0,165.0,61.0,42.0,0.0,0.0,195.0,162.0,0.0
Silver Star,MT,MADISON,2023-08-06,2023,8,6,Summer,18,45.7,-112.3,,,,,,,,,,,,,,,
Simpsonville,KY,SHELBY,2023-07-29,2023,7,29,Summer,1,38.2,-85.4,,,,,,,,,,,,,,,
Simpsonville,KY,SHELBY,2023-07-31,2023,7,31,Summer,2,38.2,-85.4,,,,,,,,,,,,,,,
Simpsonville,SC,GREENVILLE,2023-09-23,2023,9,23,Fall,1,34.7,-82.3,365.0,167.0,196.0,2.0,0.0,0.0,0.0,126.0,70.0,52.0,0.0,2.0,134.0,229.0,0.0
Simpsonville,SC,GREENVILLE,2023-09-24,2023,9,24,Fall,1,34.7,-82.3,365.0,167.0,196.0,2.0,0.0,0.0,0.0,126.0,70.0,52.0,0.0,2.0,134.0,229.0,0.0
Simpsonville,SC,GREENVILLE,2023-09-25,2023,9,25,Fall,17,34.7,-82.3,365.0,167.0,196.0,2.0,0.0,0.0,0.0,126.0,70.0,52.0,0.0,2.0,134.0,229.0,0.0
Simpsonville,SC,GREENVILLE,2023-09-28,2023,9,28,Fall,1,34.7,-82.3,365.0,167.0,196.0,2.0,0.0,0.0,0.0,126.0,70.0,52.0,0.0,2.0,134.0,229.0,0.0
Simpsonville,SC,GREENVILLE,2023-10-02,2023,10,2,Fall,1,34.7,-82.3,365.0,167.0,196.0,2.0,0.0,0.0,0.0,126.0,70.0,52.0,0.0,2.0,134.0,229.0,0.0
Simpsonville,SC,GREENVILLE,2023-10-04,2023,10,4,Fall,1,34.8,-82.3,365.0,167.0,196.0,2.0,0.0,0.0,0.0,126.0,70.0,52.0,0.0,2.0,134.0,229.0,0.0
Simpsonville,SC,GREENVILLE,2023-10-06,2023,10,6,Fall,2,34.7,-82.3,365.0,167.0,196.0,2.0,0.0,0.0,0.0,126.0,70.0,52.0,0.0,2.0,134.0,229.0,0.0
Simpsonville,SC,GREENVILLE,2023-10-21,2023,10,21,Fall,2,34.7,-82.3,365.0,167.0,196.0,2.0,0.0,0.0,0.0,126.0,70.0,52.0,0.0,2.0,134.0,229.0,0.0
Simsbury,CT,HARTFORD,2023-08-08,2023,8,8,Summer,2,41.9,-72.8,365.0,226.0,132.0,4.0,3.0,0.0,0.0,166.0,64.0,43.0,0.0,19.0,156.0,190.0,0.0
Sioux City,IA,WOODBURY,2023-10-23,2023,10,23,Fall,4,42.5,-96.4,118.0,71.0,45.0,0.0,2.0,0.0,0.0,169.0,64.0,43.0,0.0,0.0,0.0,118.0,0.0
Sioux Falls,SD,LINCOLN,2023-09-08,2023,9,8,Fall,6,43.6,-96.8,,,,,,,,,,,,,,,
Sioux Falls,SD,LINCOLN,2023-09-27,2023,9,27,Fall,1,43.5,-96.8,,,,,,,,,,,,,,,
Sioux Falls,SD,LINCOLN,2023-09-30,2023,9,30,Fall,1,43.5,-96.8,,,,,,,,,,,,,,,
Sioux Falls,SD,MINNEHAHA,2023-09-08,2023,9,8,Fall,48,43.6,-96.8,365.0,235.0,103.0,23.0,4.0,0.0,0.0,181.0,93.0,44.0,0.0,6.0,254.0,96.0,9.0
Sioux Falls,SD,MINNEHAHA,2023-09-27,2023,9,27,Fall,8,43.5,-96.8,365.0,235.0,103.0,23.0,4.0,0.0,0.0,181.0,93.0,44.0,0.0,6.0,254.0,96.0,9.0
Sioux Falls,SD,MINNEHAHA,2023-09-30,2023,9,30,Fall,8,43.5,-96.8,365.0,235.0,103.0,23.0,4.0,0.0,0.0,181.0,93.0,44.0,0.0,6.0,254.0,96.0,9.0
Skaneateles,NY,ONONDAGA,2023-08-03,2023,8,3,Summer,12,42.9,-76.4,361.0,273.0,80.0,4.0,3.0,1.0,0.0,258.0,59.0,40.0,0.0,0.0,184.0,177.0,0.0
Skiatook,OK,TULSA,2023-07-14,2023,7,14,Summer,1,36.4,-96.0,365.0,142.0,205.0,16.0,2.0,0.0,0.0,197.0,77.0,53.0,0.0,0.0,154.0,204.0,7.0
Skokie,IL,COOK,2023-07-04,2023,7,4,Summer,1,42.0,-87.8,365.0,104.0,227.0,27.0,5.0,2.0,0.0,223.0,93.0,57.0,0.0,8.0,97.0,252.0,8.0
Skokie,IL,COOK,2023-07-05,2023,7,5,Summer,1,42.0,-87.8,365.0,104.0,227.0,27.0,5.0,2.0,0.0,223.0,93.0,57.0,0.0,8.0,97.0,252.0,8.0
Skokie,IL,COOK,2023-07-08,2023,7,8,Summer,1,42.0,-87.8,365.0,104.0,227.0,27.0,5.0,2.0,0.0,223.0,93.0,57.0,0.0,8.0,97.0,252.0,8.0
Skokie,IL,COOK,2023-07-09,2023,7,9,Summer,6,42.0,-87.8,365.0,104.0,227.0,27.0,5.0,2.0,0.0,223.0,93.0,57.0,0.0,8.0,97.0,252.0,8.0
Skokie,IL,COOK,2023-07-11,2023,7,11,Summer,2,42.0,-87.8,365.0,104.0,227.0,27.0,5.0,2.0,0.0,223.0,93.0,57.0,0.0,8.0,97.0,252.0,8.0
Skokie,IL,COOK,2023-07-13,2023,7,13,Summer,1,42.0,-87.8,365.0,104.0,227.0,27.0,5.0,2.0,0.0,223.0,93.0,57.0,0.0,8.0,97.0,252.0,8.0
Skokie,IL,COOK,2023-07-14,2023,7,14,Summer,2,42.0,-87.8,365.0,104.0,227.0,27.0,5.0,2.0,0.0,223.0,93.0,57.0,0.0,8.0,97.0,252.0,8.0
Skokie,IL,COOK,2023-07-15,2023,7,15,Summer,2,42.0,-87.8,365.0,104.0,227.0,27.0,5.0,2.0,0.0,223.0,93.0,57.0,0.0,8.0,97.0,252.0,8.0
Skokie,IL,COOK,2023-07-16,2023,7,16,Summer,3,42.0,-87.8,365.0,104.0,227.0,27.0,5.0,2.0,0.0,223.0,93.0,57.0,0.0,8.0,97.0,252.0,8.0
Skokie,IL,COOK,2023-07-17,2023,7,17,Summer,7,42.0,-87.8,365.0,104.0,227.0,27.0,5.0,2.0,0.0,223.0,93.0,57.0,0.0,8.0,97.0,252.0,8.0
Skokie,IL,COOK,2023-07-18,2023,7,18,Summer,3,42.0,-87.8,365.0,104.0,227.0,27.0,5.0,2.0,0.0,223.0,93.0,57.0,0.0,8.0,97.0,252.0,8.0
Slidell,LA,SAINT TAMMANY,2023-03-12,2023,3,12,Spring,2,30.3,-89.7,365.0,248.0,116.0,1.0,0.0,0.0,0.0,105.0,61.0,42.0,0.0,0.0,199.0,166.0,0.0
Slidell,LA,SAINT TAMMANY,2023-09-12,2023,9,12,Fall,4,30.3,-89.8,365.0,248.0,116.0,1.0,0.0,0.0,0.0,105.0,61.0,42.0,0.0,0.0,199.0,166.0,0.0
Slidell,LA,SAINT TAMMANY,2023-10-20,2023,10,20,Fall,2,30.3,-89.8,365.0,248.0,116.0,1.0,0.0,0.0,0.0,105.0,61.0,42.0,0.0,0.0,199.0,166.0,0.0
Slidell,LA,SAINT TAMMANY,2023-10-29,2023,10,29,Fall,2,30.3,-89.7,365.0,248.0,116.0,1.0,0.0,0.0,0.0,105.0,61.0,42.0,0.0,0.0,199.0,166.0,0.0
Slidell,LA,SAINT TAMMANY,2023-11-21,2023,11,21,Fall,2,30.3,-89.8,365.0,248.0,116.0,1.0,0.0,0.0,0.0,105.0,61.0,42.0,0.0,0.0,199.0,166.0,0.0
Slidell,LA,SAINT TAMMANY,2023-11-22,2023,11,22,Fall,2,30.3,-89.8,365.0,248.0,116.0,1.0,0.0,0.0,0.0,105.0,61.0,42.0,0.0,0.0,199.0,166.0,0.0
Slidell,LA,SAINT TAMMANY,2023-12-23,2023,12,23,Winter,2,30.3,-89.8,365.0,248.0,116.0,1.0,0.0,0.0,0.0,105.0,61.0,42.0,0.0,0.0,199.0,166.0,0.0
Smithfield,PA,FAYETTE,2023-09-11,2023,9,11,Fall,1,39.8,-79.9,304.0,220.0,82.0,2.0,0.0,0.0,0.0,129.0,64.0,44.0,0.0,0.0,232.0,72.0,0.0
Smithfield,PA,FAYETTE,2023-10-04,2023,10,4,Fall,1,39.8,-79.8,304.0,220.0,82.0,2.0,0.0,0.0,0.0,129.0,64.0,44.0,0.0,0.0,232.0,72.0,0.0
Smithfield,PA,FAYETTE,2023-10-11,2023,10,11,Fall,1,39.8,-79.8,304.0,220.0,82.0,2.0,0.0,0.0,0.0,129.0,64.0,44.0,0.0,0.0,232.0,72.0,0.0
Smithfield,PA,FAYETTE,2023-10-12,2023,10,12,Fall,1,39.8,-79.8,304.0,220.0,82.0,2.0,0.0,0.0,0.0,129.0,64.0,44.0,0.0,0.0,232.0,72.0,0.0
Smithfield,PA,FAYETTE,2023-10-27,2023,10,27,Fall,1,39.8,-79.8,304.0,220.0,82.0,2.0,0.0,0.0,0.0,129.0,64.0,44.0,0.0,0.0,232.0,72.0,0.0
Smithtown,NY,SUFFOLK,2023-10-18,2023,10,18,Fall,4,40.9,-73.3,365.0,278.0,74.0,11.0,2.0,0.0,0.0,195.0,62.0,41.0,0.0,1.0,278.0,86.0,0.0
Smithville,MO,CLAY,2023-09-12,2023,9,12,Fall,2,39.4,-94.5,350.0,228.0,105.0,16.0,1.0,0.0,0.0,153.0,80.0,43.0,0.0,0.0,212.0,138.0,0.0
Smithville,MS,MONROE,2023-10-27,2023,10,27,Fall,2,34.1,-88.4,,,,,,,,,,,,,,,
Smyrna,GA,COBB,2023-08-17,2023,8,17,Summer,1,33.9,-84.5,323.0,215.0,105.0,3.0,0.0,0.0,0.0,125.0,65.0,43.0,0.0,0.0,183.0,140.0,0.0
Smyrna,GA,COBB,2023-08-26,2023,8,26,Summer,2,33.9,-84.5,323.0,215.0,105.0,3.0,0.0,0.0,0.0,125.0,65.0,43.0,0.0,0.0,183.0,140.0,0.0
Smyrna,GA,COBB,2023-08-27,2023,8,27,Summer,1,33.9,-84.5,323.0,215.0,105.0,3.0,0.0,0.0,0.0,125.0,65.0,43.0,0.0,0.0,183.0,140.0,0.0
Snow Hill,MD,WORCESTER,2023-06-19,2023,6,19,Summer,1,38.2,-75.4,,,,,,,,,,,,,,,
Solon Springs,WI,DOUGLAS,2023-07-14,2023,7,14,Summer,3,46.4,-91.5,,,,,,,,,,,,,,,
Solon Springs,WI,DOUGLAS,2023-07-24,2023,7,24,Summer,3,46.4,-91.5,,,,,,,,,,,,,,,
Solon Springs,WI,DOUGLAS,2023-07-28,2023,7,28,Summer,6,46.5,-91.8,,,,,,,,,,,,,,,
Somerdale,NJ,CAMDEN,2023-08-20,2023,8,20,Summer,2,39.8,-75.0,365.0,184.0,174.0,4.0,2.0,1.0,0.0,211.0,69.0,50.0,0.0,7.0,149.0,209.0,0.0
Somerset,KY,PULASKI,2023-08-01,2023,8,1,Summer,18,37.0,-84.7,363.0,232.0,129.0,2.0,0.0,0.0,0.0,120.0,61.0,45.0,0.0,0.0,95.0,268.0,0.0
South Bend,IN,ST JOSEPH,2023-07-27,2023,7,27,Summer,7,41.7,-86.2,365.0,175.0,177.0,10.0,2.0,1.0,0.0,223.0,73.0,51.0,0.0,0.0,126.0,239.0,0.0
South Bend,IN,ST JOSEPH,2023-07-30,2023,7,30,Summer,7,41.7,-86.2,365.0,175.0,177.0,10.0,2.0,1.0,0.0,223.0,73.0,51.0,0.0,0.0,126.0,239.0,0.0
South Bend,IN,ST JOSEPH,2023-08-04,2023,8,4,Summer,7,41.6,-86.2,365.0,175.0,177.0,10.0,2.0,1.0,0.0,223.0,73.0,51.0,0.0,0.0,126.0,239.0,0.0
South Bend,IN,ST JOSEPH,2023-08-20,2023,8,20,Summer,14,41.6,-86.3,365.0,175.0,177.0,10.0,2.0,1.0,0.0,223.0,73.0,51.0,0.0,0.0,126.0,239.0,0.0
South Bend,IN,ST JOSEPH,2023-08-21,2023,8,21,Summer,7,41.7,-86.3,365.0,175.0,177.0,10.0,2.0,1.0,0.0,223.0,73.0,51.0,0.0,0.0,126.0,239.0,0.0
South Bend,IN,ST JOSEPH,2023-08-28,2023,8,28,Summer,14,41.7,-86.3,365.0,175.0,177.0,10.0,2.0,1.0,0.0,223.0,73.0,51.0,0.0,0.0,126.0,239.0,0.0
South Bend,IN,ST JOSEPH,2023-08-29,2023,8,29,Summer,7,41.7,-86.3,365.0,175.0,177.0,10.0,2.0,1.0,0.0,223.0,73.0,51.0,0.0,0.0,126.0,239.0,0.0
South Bend,IN,ST JOSEPH,2023-09-09,2023,9,9,Fall,84,41.7,-86.2,365.0,175.0,177.0,10.0,2.0,1.0,0.0,223.0,73.0,51.0,0.0,0.0,126.0,239.0,0.0
South Bend,IN,ST JOSEPH,2023-09-15,2023,9,15,Fall,7,41.7,-86.3,365.0,175.0,177.0,10.0,2.0,1.0,0.0,223.0,73.0,51.0,0.0,0.0,126.0,239.0,0.0
South Bend,IN,ST JOSEPH,2023-09-16,2023,9,16,Fall,7,41.7,-86.3,365.0,175.0,177.0,10.0,2.0,1.0,0.0,223.0,73.0,51.0,0.0,0.0,126.0,239.0,0.0
South Bend,IN,ST JOSEPH,2023-09-22,2023,9,22,Fall,7,41.7,-86.3,365.0,175.0,177.0,10.0,2.0,1.0,0.0,223.0,73.0,51.0,0.0,0.0,126.0,239.0,0.0
South Bend,IN,ST JOSEPH,2023-10-16,2023,10,16,Fall,7,41.6,-86.3,365.0,175.0,177.0,10.0,2.0,1.0,0.0,223.0,73.0,51.0,0.0,0.0,126.0,239.0,0.0
South Burlington,VT,CHITTENDEN,2023-08-22,2023,8,22,Summer,6,44.5,-73.2,365.0,259.0,100.0,4.0,2.0,0.0,0.0,160.0,59.0,42.0,2.0,0.0,192.0,171.0,0.0
South Elgin,IL,KANE,2023-08-17,2023,8,17,Summer,3,42.0,-88.3,288.0,178.0,89.0,16.0,5.0,0.0,0.0,174.0,87.0,46.0,0.0,0.0,198.0,90.0,0.0
South Glens Falls,NY,SARATOGA,2023-07-20,2023,7,20,Summer,3,43.3,-73.6,365.0,352.0,12.0,1.0,0.0,0.0,0.0,122.0,44.0,31.0,0.0,0.0,365.0,0.0,0.0
South Haven,MI,VAN BUREN,2023-09-12,2023,9,12,Fall,10,42.4,-86.3,,,,,,,,,,,,,,,
South Haven,MI,VAN BUREN,2023-09-13,2023,9,13,Fall,12,42.4,-86.3,,,,,,,,,,,,,,,
South Jordan,UT,SALT LAKE,2023-05-25,2023,5,25,Spring,4,40.5,-112.0,365.0,150.0,199.0,15.0,1.0,0.0,0.0,154.0,90.0,54.0,0.0,23.0,215.0,120.0,7.0
South Lake Tahoe,CA,EL DORADO,2023-09-25,2023,9,25,Fall,36,38.9,-120.0,365.0,259.0,101.0,5.0,0.0,0.0,0.0,119.0,77.0,44.0,0.0,0.0,349.0,11.0,5.0
South Padre Island,TX,CAMERON,2023-11-03,2023,11,3,Fall,21,26.1,-97.2,365.0,161.0,198.0,6.0,0.0,0.0,0.0,141.0,77.0,54.0,0.0,0.0,103.0,262.0,0.0
South Portland,ME,CUMBERLAND,2023-09-20,2023,9,20,Fall,40,43.6,-70.2,365.0,266.0,96.0,3.0,0.0,0.0,0.0,120.0,64.0,40.0,0.0,7.0,179.0,175.0,4.0
South Portland,ME,CUMBERLAND,2023-09-21,2023,9,21,Fall,4,43.6,-70.2,365.0,266.0,96.0,3.0,0.0,0.0,0.0,120.0,64.0,40.0,0.0,7.0,179.0,175.0,4.0
South Shore,KY,GREENUP,2023-09-17,2023,9,17,Fall,2,38.7,-83.0,241.0,221.0,20.0,0.0,0.0,0.0,0.0,84.0,50.0,39.0,0.0,0.0,241.0,0.0,0.0
Southampton,PA,BUCKS,2023-10-28,2023,10,28,Fall,3,40.2,-75.0,296.0,241.0,50.0,4.0,1.0,0.0,0.0,200.0,71.0,39.0,0.0,0.0,296.0,0.0,0.0
Southfield,MI,OAKLAND,2023-08-01,2023,8,1,Summer,3,42.5,-83.2,261.0,193.0,58.0,9.0,1.0,0.0,0.0,169.0,74.0,41.0,0.0,0.0,208.0,53.0,0.0
Southfield,MI,OAKLAND,2023-10-04,2023,10,4,Fall,12,42.5,-83.3,261.0,193.0,58.0,9.0,1.0,0.0,0.0,169.0,74.0,41.0,0.0,0.0,208.0,53.0,0.0
Southgate,MI,WAYNE,2023-08-29,2023,8,29,Summer,42,42.2,-83.2,365.0,70.0,272.0,19.0,3.0,1.0,0.0,226.0,89.0,61.0,0.0,2.0,33.0,329.0,1.0
Southgate,MI,WAYNE,2023-10-02,2023,10,2,Fall,1,42.2,-83.2,365.0,70.0,272.0,19.0,3.0,1.0,0.0,226.0,89.0,61.0,0.0,2.0,33.0,329.0,1.0
Southgate,MI,WAYNE,2023-10-11,2023,10,11,Fall,4,42.2,-83.2,365.0,70.0,272.0,19.0,3.0,1.0,0.0,226.0,89.0,61.0,0.0,2.0,33.0,329.0,1.0
Southlake,TX,TARRANT,2023-10-09,2023,10,9,Fall,3,32.9,-97.2,365.0,99.0,239.0,23.0,4.0,0.0,0.0,172.0,93.0,57.0,0.0,4.0,122.0,239.0,0.0
Southport,ME,LINCOLN,2023-10-03,2023,10,3,Fall,2,43.8,-69.7,,,,,,,,,,,,,,,
Spanish Fort,AL,BALDWIN,2023-03-21,2023,3,21,Spring,4,30.7,-87.9,347.0,236.0,111.0,0.0,0.0,0.0,0.0,90.0,60.0,43.0,0.0,0.0,108.0,239.0,0.0
Sparks,NV,WASHOE,2023-08-03,2023,8,3,Summer,11,39.6,-119.7,365.0,191.0,174.0,0.0,0.0,0.0,0.0,97.0,71.0,50.0,0.0,4.0,248.0,112.0,1.0
Spartanburg,SC,SPARTANBURG,2023-08-22,2023,8,22,Summer,3,34.9,-81.9,365.0,166.0,194.0,5.0,0.0,0.0,0.0,136.0,71.0,51.0,0.0,0.0,100.0,265.0,0.0
Spartanburg,SC,SPARTANBURG,2023-10-29,2023,10,29,Fall,3,34.9,-81.9,365.0,166.0,194.0,5.0,0.0,0.0,0.0,136.0,71.0,51.0,0.0,0.0,100.0,265.0,0.0
Spencer,OK,OKLAHOMA,2023-09-15,2023,9,15,Fall,2,35.6,-97.4,365.0,150.0,210.0,5.0,0.0,0.0,0.0,136.0,74.0,53.0,0.0,12.0,140.0,208.0,5.0
Spicewood,TX,TRAVIS,2023-03-25,2023,3,25,Spring,4,30.5,-98.2,365.0,147.0,207.0,11.0,0.0,0.0,0.0,122.0,79.0,54.0,0.0,4.0,107.0,254.0,0.0
Spokane,WA,SPOKANE,2023-08-11,2023,8,11,Summer,16,47.8,-117.5,365.0,257.0,104.0,1.0,1.0,1.0,1.0,447.0,65.0,42.0,0.0,0.0,127.0,232.0,6.0
Spring,TX,HARRIS,2023-01-03,2023,1,3,Winter,4,30.2,-95.5,365.0,44.0,273.0,38.0,9.0,1.0,0.0,205.0,121.0,64.0,0.0,1.0,102.0,239.0,23.0
Spring,TX,HARRIS,2023-06-15,2023,6,15,Summer,4,30.1,-95.4,365.0,44.0,273.0,38.0,9.0,1.0,0.0,205.0,121.0,64.0,0.0,1.0,102.0,239.0,23.0
Spring,TX,MONTGOMERY,2023-01-03,2023,1,3,Winter,6,30.2,-95.5,364.0,151.0,204.0,9.0,0.0,0.0,0.0,122.0,75.0,53.0,0.0,0.0,148.0,216.0,0.0
Spring,TX,MONTGOMERY,2023-06-15,2023,6,15,Summer,6,30.1,-95.4,364.0,151.0,204.0,9.0,0.0,0.0,0.0,122.0,75.0,53.0,0.0,0.0,148.0,216.0,0.0
Spring City,PA,CHESTER,2023-09-21,2023,9,21,Fall,1,40.2,-75.6,361.0,220.0,134.0,3.0,2.0,2.0,0.0,248.0,66.0,45.0,0.0,0.0,126.0,235.0,0.0
Spring Green,WI,SAUK,2023-07-14,2023,7,14,Summer,1,43.2,-90.1,362.0,218.0,123.0,16.0,4.0,1.0,0.0,271.0,77.0,44.0,0.0,0.0,124.0,237.0,1.0
Spring Hill,TN,MAURY,2023-09-27,2023,9,27,Fall,6,35.8,-86.9,358.0,277.0,81.0,0.0,0.0,0.0,0.0,96.0,58.0,36.0,0.0,0.0,0.0,358.0,0.0
Spring Lake,MI,OTTAWA,2023-07-07,2023,7,7,Summer,4,43.1,-86.3,356.0,176.0,172.0,5.0,2.0,1.0,0.0,227.0,74.0,51.0,0.0,0.0,105.0,251.0,0.0
Spring Lake,MI,OTTAWA,2023-07-14,2023,7,14,Summer,2,43.1,-86.2,356.0,176.0,172.0,5.0,2.0,1.0,0.0,227.0,74.0,51.0,0.0,0.0,105.0,251.0,0.0
Spring Lake,MI,OTTAWA,2023-09-27,2023,9,27,Fall,2,43.1,-86.2,356.0,176.0,172.0,5.0,2.0,1.0,0.0,227.0,74.0,51.0,0.0,0.0,105.0,251.0,0.0
Spring Lake,NJ,MONMOUTH,2023-07-29,2023,7,29,Summer,6,40.2,-74.0,247.0,210.0,35.0,2.0,0.0,0.0,0.0,140.0,61.0,39.0,0.0,0.0,247.0,0.0,0.0
Springboro,OH,WARREN,2023-07-30,2023,7,30,Summer,1,39.6,-84.2,364.0,230.0,127.0,5.0,2.0,0.0,0.0,183.0,72.0,44.0,0.0,0.0,162.0,202.0,0.0
Springdale,AR,WASHINGTON,2023-10-05,2023,10,5,Fall,4,36.2,-94.2,365.0,265.0,95.0,5.0,0.0,0.0,0.0,119.0,64.0,44.0,0.0,0.0,323.0,42.0,0.0
Springerville,AZ,APACHE,2023-08-20,2023,8,20,Summer,16,34.2,-109.3,365.0,362.0,2.0,1.0,0.0,0.0,0.0,106.0,26.0,13.0,0.0,0.0,0.0,65.0,300.0
Springfield,IL,SANGAMON,2023-07-29,2023,7,29,Summer,37,39.8,-89.7,365.0,182.0,163.0,17.0,2.0,1.0,0.0,247.0,74.0,51.0,0.0,0.0,112.0,253.0,0.0
Springfield,IL,SANGAMON,2023-08-26,2023,8,26,Summer,37,39.8,-89.5,365.0,182.0,163.0,17.0,2.0,1.0,0.0,247.0,74.0,51.0,0.0,0.0,112.0,253.0,0.0
Springfield,IL,SANGAMON,2023-08-31,2023,8,31,Summer,74,39.8,-89.7,365.0,182.0,163.0,17.0,2.0,1.0,0.0,247.0,74.0,51.0,0.0,0.0,112.0,253.0,0.0
Springfield,IL,SANGAMON,2023-09-02,2023,9,2,Fall,37,39.8,-89.5,365.0,182.0,163.0,17.0,2.0,1.0,0.0,247.0,74.0,51.0,0.0,0.0,112.0,253.0,0.0
Springfield,IL,SANGAMON,2023-09-04,2023,9,4,Fall,74,39.8,-89.5,365.0,182.0,163.0,17.0,2.0,1.0,0.0,247.0,74.0,51.0,0.0,0.0,112.0,253.0,0.0
Springfield,IL,SANGAMON,2023-10-12,2023,10,12,Fall,111,39.8,-89.8,365.0,182.0,163.0,17.0,2.0,1.0,0.0,247.0,74.0,51.0,0.0,0.0,112.0,253.0,0.0
Springfield,IL,SANGAMON,2023-11-06,2023,11,6,Fall,37,39.8,-89.7,365.0,182.0,163.0,17.0,2.0,1.0,0.0,247.0,74.0,51.0,0.0,0.0,112.0,253.0,0.0
Springfield,MO,GREENE,2023-04-03,2023,4,3,Spring,6,37.2,-93.3,365.0,188.0,171.0,6.0,0.0,0.0,0.0,122.0,68.0,49.0,0.0,0.0,111.0,254.0,0.0
Springfield,MO,GREENE,2023-04-15,2023,4,15,Spring,12,37.2,-93.2,365.0,188.0,171.0,6.0,0.0,0.0,0.0,122.0,68.0,49.0,0.0,0.0,111.0,254.0,0.0
Springfield,MO,GREENE,2023-04-19,2023,4,19,Spring,6,37.2,-93.3,365.0,188.0,171.0,6.0,0.0,0.0,0.0,122.0,68.0,49.0,0.0,0.0,111.0,254.0,0.0
Springfield,MO,GREENE,2023-05-30,2023,5,30,Spring,12,37.2,-93.3,365.0,188.0,171.0,6.0,0.0,0.0,0.0,122.0,68.0,49.0,0.0,0.0,111.0,254.0,0.0
Springfield,MO,GREENE,2023-07-27,2023,7,27,Summer,12,37.2,-93.3,365.0,188.0,171.0,6.0,0.0,0.0,0.0,122.0,68.0,49.0,0.0,0.0,111.0,254.0,0.0
Springfield,MO,GREENE,2023-07-29,2023,7,29,Summer,6,37.2,-93.2,365.0,188.0,171.0,6.0,0.0,0.0,0.0,122.0,68.0,49.0,0.0,0.0,111.0,254.0,0.0
Springfield,MO,GREENE,2023-07-30,2023,7,30,Summer,6,37.2,-93.2,365.0,188.0,171.0,6.0,0.0,0.0,0.0,122.0,68.0,49.0,0.0,0.0,111.0,254.0,0.0
Springfield,MO,GREENE,2023-07-31,2023,7,31,Summer,6,37.2,-93.2,365.0,188.0,171.0,6.0,0.0,0.0,0.0,122.0,68.0,49.0,0.0,0.0,111.0,254.0,0.0
Springfield,MO,GREENE,2023-08-02,2023,8,2,Summer,6,37.2,-93.2,365.0,188.0,171.0,6.0,0.0,0.0,0.0,122.0,68.0,49.0,0.0,0.0,111.0,254.0,0.0
Springfield,MO,GREENE,2023-08-30,2023,8,30,Summer,18,37.2,-93.3,365.0,188.0,171.0,6.0,0.0,0.0,0.0,122.0,68.0,49.0,0.0,0.0,111.0,254.0,0.0
Springfield,MO,GREENE,2023-09-03,2023,9,3,Fall,30,37.2,-93.3,365.0,188.0,171.0,6.0,0.0,0.0,0.0,122.0,68.0,49.0,0.0,0.0,111.0,254.0,0.0
Springfield,MO,GREENE,2023-09-04,2023,9,4,Fall,6,37.2,-93.3,365.0,188.0,171.0,6.0,0.0,0.0,0.0,122.0,68.0,49.0,0.0,0.0,111.0,254.0,0.0
Springfield,MO,GREENE,2023-09-18,2023,9,18,Fall,24,37.1,-93.3,365.0,188.0,171.0,6.0,0.0,0.0,0.0,122.0,68.0,49.0,0.0,0.0,111.0,254.0,0.0
Springfield,MO,GREENE,2023-09-21,2023,9,21,Fall,12,37.2,-93.4,365.0,188.0,171.0,6.0,0.0,0.0,0.0,122.0,68.0,49.0,0.0,0.0,111.0,254.0,0.0
Springfield,MO,GREENE,2023-09-29,2023,9,29,Fall,12,37.2,-93.3,365.0,188.0,171.0,6.0,0.0,0.0,0.0,122.0,68.0,49.0,0.0,0.0,111.0,254.0,0.0
Springfield,MO,GREENE,2023-09-30,2023,9,30,Fall,12,37.2,-93.3,365.0,188.0,171.0,6.0,0.0,0.0,0.0,122.0,68.0,49.0,0.0,0.0,111.0,254.0,0.0
Springfield,MO,GREENE,2023-10-01,2023,10,1,Fall,6,37.2,-93.3,365.0,188.0,171.0,6.0,0.0,0.0,0.0,122.0,68.0,49.0,0.0,0.0,111.0,254.0,0.0
Springfield,MO,GREENE,2023-10-02,2023,10,2,Fall,24,37.1,-93.3,365.0,188.0,171.0,6.0,0.0,0.0,0.0,122.0,68.0,49.0,0.0,0.0,111.0,254.0,0.0
Springfield,MO,GREENE,2023-10-03,2023,10,3,Fall,30,37.1,-93.3,365.0,188.0,171.0,6.0,0.0,0.0,0.0,122.0,68.0,49.0,0.0,0.0,111.0,254.0,0.0
Springfield,MO,GREENE,2023-10-04,2023,10,4,Fall,6,37.2,-93.3,365.0,188.0,171.0,6.0,0.0,0.0,0.0,122.0,68.0,49.0,0.0,0.0,111.0,254.0,0.0
Springfield,MO,GREENE,2023-10-06,2023,10,6,Fall,6,37.2,-93.3,365.0,188.0,171.0,6.0,0.0,0.0,0.0,122.0,68.0,49.0,0.0,0.0,111.0,254.0,0.0
Springfield,MO,GREENE,2023-10-07,2023,10,7,Fall,6,37.2,-93.3,365.0,188.0,171.0,6.0,0.0,0.0,0.0,122.0,68.0,49.0,0.0,0.0,111.0,254.0,0.0
Springfield,MO,GREENE,2023-10-08,2023,10,8,Fall,6,37.2,-93.2,365.0,188.0,171.0,6.0,0.0,0.0,0.0,122.0,68.0,49.0,0.0,0.0,111.0,254.0,0.0
Springfield,MO,GREENE,2023-10-10,2023,10,10,Fall,54,37.2,-93.3,365.0,188.0,171.0,6.0,0.0,0.0,0.0,122.0,68.0,49.0,0.0,0.0,111.0,254.0,0.0
Springfield,MO,GREENE,2023-10-16,2023,10,16,Fall,6,37.2,-93.3,365.0,188.0,171.0,6.0,0.0,0.0,0.0,122.0,68.0,49.0,0.0,0.0,111.0,254.0,0.0
Springfield,NH,SULLIVAN,2023-07-15,2023,7,15,Summer,3,43.5,-72.0,,,,,,,,,,,,,,,
Springfield,OH,CLARK,2023-07-31,2023,7,31,Summer,2,40.0,-83.9,365.0,187.0,170.0,5.0,3.0,0.0,0.0,196.0,71.0,50.0,0.0,0.0,103.0,262.0,0.0
Springfield,OR,LANE,2023-08-16,2023,8,16,Summer,3,44.1,-122.7,365.0,190.0,159.0,9.0,6.0,1.0,0.0,211.0,79.0,49.0,0.0,0.0,78.0,287.0,0.0
Springfield,PA,DELAWARE,2023-09-27,2023,9,27,Fall,1,39.9,-75.3,365.0,187.0,169.0,5.0,2.0,2.0,0.0,271.0,74.0,50.0,0.0,1.0,111.0,253.0,0.0
Stafford,VA,STAFFORD,2023-08-27,2023,8,27,Summer,1,38.5,-77.4,365.0,332.0,31.0,1.0,1.0,0.0,0.0,169.0,50.0,37.0,0.0,0.0,365.0,0.0,0.0
Star,ID,ADA,2023-07-18,2023,7,18,Summer,1,43.7,-116.5,365.0,251.0,111.0,3.0,0.0,0.0,0.0,120.0,64.0,44.0,0.0,5.0,245.0,114.0,1.0
State College,PA,CENTRE,2023-07-10,2023,7,10,Summer,1,40.9,-77.9,365.0,239.0,118.0,3.0,5.0,0.0,0.0,199.0,68.0,45.0,0.0,0.0,188.0,177.0,0.0
State College,PA,CENTRE,2023-08-06,2023,8,6,Summer,4,40.8,-77.9,365.0,239.0,118.0,3.0,5.0,0.0,0.0,199.0,68.0,45.0,0.0,0.0,188.0,177.0,0.0
State College,PA,CENTRE,2023-08-17,2023,8,17,Summer,1,40.8,-77.8,365.0,239.0,118.0,3.0,5.0,0.0,0.0,199.0,68.0,45.0,0.0,0.0,188.0,177.0,0.0
State College,PA,CENTRE,2023-09-21,2023,9,21,Fall,5,40.8,-77.9,365.0,239.0,118.0,3.0,5.0,0.0,0.0,199.0,68.0,45.0,0.0,0.0,188.0,177.0,0.0
Steinhatchee,FL,TAYLOR,2023-12-22,2023,12,22,Winter,2,29.7,-83.4,,,,,,,,,,,,,,,
Sterling,MA,WORCESTER,2023-07-29,2023,7,29,Summer,12,42.4,-71.7,365.0,268.0,93.0,4.0,0.0,0.0,0.0,148.0,58.0,39.0,0.0,5.0,190.0,170.0,0.0
Sterling,VA,LOUDOUN,2023-11-06,2023,11,6,Fall,3,39.0,-77.4,364.0,306.0,54.0,2.0,2.0,0.0,0.0,167.0,58.0,39.0,0.0,20.0,303.0,41.0,0.0
Sterling Heights,MI,MACOMB,2023-08-09,2023,8,9,Summer,3,42.6,-83.1,364.0,182.0,170.0,8.0,4.0,0.0,0.0,195.0,75.0,51.0,0.0,0.0,120.0,244.0,0.0
Sterling Heights,MI,MACOMB,2023-09-01,2023,9,1,Fall,3,42.6,-83.1,364.0,182.0,170.0,8.0,4.0,0.0,0.0,195.0,75.0,51.0,0.0,0.0,120.0,244.0,0.0
Sterling Heights,MI,MACOMB,2023-09-03,2023,9,3,Fall,3,42.6,-83.1,364.0,182.0,170.0,8.0,4.0,0.0,0.0,195.0,75.0,51.0,0.0,0.0,120.0,244.0,0.0
Sterling Heights,MI,MACOMB,2023-09-10,2023,9,10,Fall,6,42.6,-83.1,364.0,182.0,170.0,8.0,4.0,0.0,0.0,195.0,75.0,51.0,0.0,0.0,120.0,244.0,0.0
Sterling Heights,MI,MACOMB,2023-09-11,2023,9,11,Fall,12,42.6,-83.1,364.0,182.0,170.0,8.0,4.0,0.0,0.0,195.0,75.0,51.0,0.0,0.0,120.0,244.0,0.0
Sterling Heights,MI,MACOMB,2023-09-14,2023,9,14,Fall,15,42.6,-83.1,364.0,182.0,170.0,8.0,4.0,0.0,0.0,195.0,75.0,51.0,0.0,0.0,120.0,244.0,0.0
Sterling Heights,MI,MACOMB,2023-09-15,2023,9,15,Fall,9,42.6,-83.1,364.0,182.0,170.0,8.0,4.0,0.0,0.0,195.0,75.0,51.0,0.0,0.0,120.0,244.0,0.0
Sterling Heights,MI,MACOMB,2023-09-16,2023,9,16,Fall,6,42.6,-83.1,364.0,182.0,170.0,8.0,4.0,0.0,0.0,195.0,75.0,51.0,0.0,0.0,120.0,244.0,0.0
Sterling Heights,MI,MACOMB,2023-09-19,2023,9,19,Fall,9,42.6,-83.1,364.0,182.0,170.0,8.0,4.0,0.0,0.0,195.0,75.0,51.0,0.0,0.0,120.0,244.0,0.0
Sterling Heights,MI,MACOMB,2023-09-20,2023,9,20,Fall,3,42.6,-83.0,364.0,182.0,170.0,8.0,4.0,0.0,0.0,195.0,75.0,51.0,0.0,0.0,120.0,244.0,0.0
Sterling Heights,MI,MACOMB,2023-10-18,2023,10,18,Fall,3,42.6,-83.1,364.0,182.0,170.0,8.0,4.0,0.0,0.0,195.0,75.0,51.0,0.0,0.0,120.0,244.0,0.0
Sterling Heights,MI,MACOMB,2023-10-26,2023,10,26,Fall,3,42.6,-83.0,364.0,182.0,170.0,8.0,4.0,0.0,0.0,195.0,75.0,51.0,0.0,0.0,120.0,244.0,0.0
Stevens Point,WI,PORTAGE,2023-09-20,2023,9,20,Fall,11,44.5,-89.5,,,,,,,,,,,,,,,
Stevens Point,WI,PORTAGE,2023-09-24,2023,9,24,Fall,11,44.5,-89.5,,,,,,,,,,,,,,,
Stevens Point,WI,PORTAGE,2023-09-28,2023,9,28,Fall,11,44.5,-89.5,,,,,,,,,,,,,,,
Stevens Point,WI,PORTAGE,2023-10-01,2023,10,1,Fall,11,44.5,-89.5,,,,,,,,,,,,,,,
Stevens Point,WI,PORTAGE,2023-10-03,2023,10,3,Fall,22,44.5,-89.5,,,,,,,,,,,,,,,
Stillwater,MN,WASHINGTON,2023-05-26,2023,5,26,Spring,7,45.1,-92.9,240.0,194.0,38.0,8.0,0.0,0.0,0.0,140.0,77.0,42.0,0.0,0.0,240.0,0.0,0.0
Stockbridge,MI,INGHAM,2023-08-27,2023,8,27,Summer,1,42.5,-84.2,363.0,229.0,123.0,7.0,4.0,0.0,0.0,194.0,73.0,43.0,0.0,2.0,178.0,183.0,0.0
Stockbridge,MI,INGHAM,2023-09-09,2023,9,9,Fall,3,42.4,-84.1,363.0,229.0,123.0,7.0,4.0,0.0,0.0,194.0,73.0,43.0,0.0,2.0,178.0,183.0,0.0
Stockton,CA,SAN JOAQUIN,2023-06-09,2023,6,9,Summer,14,38.0,-121.3,365.0,208.0,148.0,9.0,0.0,0.0,0.0,119.0,78.0,47.0,0.0,0.0,161.0,194.0,10.0
Stockton,CA,SAN JOAQUIN,2023-06-15,2023,6,15,Summer,7,38.0,-121.3,365.0,208.0,148.0,9.0,0.0,0.0,0.0,119.0,78.0,47.0,0.0,0.0,161.0,194.0,10.0
Stockton,CA,SAN JOAQUIN,2023-06-17,2023,6,17,Summer,7,38.0,-121.3,365.0,208.0,148.0,9.0,0.0,0.0,0.0,119.0,78.0,47.0,0.0,0.0,161.0,194.0,10.0
Stockton,CA,SAN JOAQUIN,2023-08-17,2023,8,17,Summer,21,38.0,-121.3,365.0,208.0,148.0,9.0,0.0,0.0,0.0,119.0,78.0,47.0,0.0,0.0,161.0,194.0,10.0
Stockton,CA,SAN JOAQUIN,2023-09-08,2023,9,8,Fall,7,38.0,-121.3,365.0,208.0,148.0,9.0,0.0,0.0,0.0,119.0,78.0,47.0,0.0,0.0,161.0,194.0,10.0
Stockton,CA,SAN JOAQUIN,2023-09-09,2023,9,9,Fall,7,38.0,-121.3,365.0,208.0,148.0,9.0,0.0,0.0,0.0,119.0,78.0,47.0,0.0,0.0,161.0,194.0,10.0
Stockton,CA,SAN JOAQUIN,2023-09-27,2023,9,27,Fall,7,38.0,-121.3,365.0,208.0,148.0,9.0,0.0,0.0,0.0,119.0,78.0,47.0,0.0,0.0,161.0,194.0,10.0
Stockton,CA,SAN JOAQUIN,2023-09-30,2023,9,30,Fall,7,38.0,-121.3,365.0,208.0,148.0,9.0,0.0,0.0,0.0,119.0,78.0,47.0,0.0,0.0,161.0,194.0,10.0
Stockton,NJ,HUNTERDON,2023-09-14,2023,9,14,Fall,1,40.4,-74.9,364.0,233.0,121.0,6.0,3.0,1.0,0.0,262.0,64.0,44.0,0.0,0.0,184.0,180.0,0.0
Stonington,CT,NEW LONDON,2023-07-12,2023,7,12,Summer,3,41.3,-71.9,363.0,258.0,95.0,7.0,3.0,0.0,0.0,166.0,61.0,41.0,0.0,0.0,137.0,226.0,0.0
Stonington,CT,NEW LONDON,2023-07-13,2023,7,13,Summer,3,41.3,-71.8,363.0,258.0,95.0,7.0,3.0,0.0,0.0,166.0,61.0,41.0,0.0,0.0,137.0,226.0,0.0
Stonington,CT,NEW LONDON,2023-08-01,2023,8,1,Summer,39,41.4,-71.9,363.0,258.0,95.0,7.0,3.0,0.0,0.0,166.0,61.0,41.0,0.0,0.0,137.0,226.0,0.0
Stonington,CT,NEW LONDON,2023-08-05,2023,8,5,Summer,18,41.4,-71.9,363.0,258.0,95.0,7.0,3.0,0.0,0.0,166.0,61.0,41.0,0.0,0.0,137.0,226.0,0.0
Stonington,CT,NEW LONDON,2023-08-09,2023,8,9,Summer,6,41.4,-72.0,363.0,258.0,95.0,7.0,3.0,0.0,0.0,166.0,61.0,41.0,0.0,0.0,137.0,226.0,0.0
Stonington,CT,NEW LONDON,2023-08-22,2023,8,22,Summer,3,41.4,-72.0,363.0,258.0,95.0,7.0,3.0,0.0,0.0,166.0,61.0,41.0,0.0,0.0,137.0,226.0,0.0
Stonington,CT,NEW LONDON,2023-08-26,2023,8,26,Summer,9,41.4,-71.9,363.0,258.0,95.0,7.0,3.0,0.0,0.0,166.0,61.0,41.0,0.0,0.0,137.0,226.0,0.0
Stonington,CT,NEW LONDON,2023-09-17,2023,9,17,Fall,3,41.4,-71.9,363.0,258.0,95.0,7.0,3.0,0.0,0.0,166.0,61.0,41.0,0.0,0.0,137.0,226.0,0.0
Stonington,CT,NEW LONDON,2023-09-19,2023,9,19,Fall,3,41.4,-72.0,363.0,258.0,95.0,7.0,3.0,0.0,0.0,166.0,61.0,41.0,0.0,0.0,137.0,226.0,0.0
Stonington,CT,NEW LONDON,2023-09-20,2023,9,20,Fall,24,41.4,-72.0,363.0,258.0,95.0,7.0,3.0,0.0,0.0,166.0,61.0,41.0,0.0,0.0,137.0,226.0,0.0
Stonington,CT,NEW LONDON,2023-09-21,2023,9,21,Fall,21,41.4,-72.0,363.0,258.0,95.0,7.0,3.0,0.0,0.0,166.0,61.0,41.0,0.0,0.0,137.0,226.0,0.0
Stonington,CT,NEW LONDON,2023-10-11,2023,10,11,Fall,3,41.4,-72.0,363.0,258.0,95.0,7.0,3.0,0.0,0.0,166.0,61.0,41.0,0.0,0.0,137.0,226.0,0.0
Stonington,CT,NEW LONDON,2023-10-26,2023,10,26,Fall,6,41.3,-71.9,363.0,258.0,95.0,7.0,3.0,0.0,0.0,166.0,61.0,41.0,0.0,0.0,137.0,226.0,0.0
Story,WY,SHERIDAN,2023-09-12,2023,9,12,Fall,2,44.6,-106.9,365.0,283.0,79.0,2.0,1.0,0.0,0.0,175.0,59.0,43.0,0.0,0.0,247.0,112.0,6.0
Story,WY,SHERIDAN,2023-10-17,2023,10,17,Fall,1,44.6,-106.9,365.0,283.0,79.0,2.0,1.0,0.0,0.0,175.0,59.0,43.0,0.0,0.0,247.0,112.0,6.0
Stoughton,WI,DANE,2023-07-13,2023,7,13,Summer,2,42.9,-89.2,365.0,184.0,157.0,20.0,1.0,3.0,0.0,268.0,80.0,50.0,0.0,0.0,105.0,260.0,0.0
Stoughton,WI,DANE,2023-08-27,2023,8,27,Summer,1,43.0,-89.2,365.0,184.0,157.0,20.0,1.0,3.0,0.0,268.0,80.0,50.0,0.0,0.0,105.0,260.0,0.0
Stoughton,WI,DANE,2023-09-15,2023,9,15,Fall,1,42.9,-89.2,365.0,184.0,157.0,20.0,1.0,3.0,0.0,268.0,80.0,50.0,0.0,0.0,105.0,260.0,0.0
Stoughton,WI,DANE,2023-10-04,2023,10,4,Fall,1,43.0,-89.2,365.0,184.0,157.0,20.0,1.0,3.0,0.0,268.0,80.0,50.0,0.0,0.0,105.0,260.0,0.0
Strawberry,CA,TUOLUMNE,2023-10-03,2023,10,3,Fall,4,37.9,-122.5,290.0,237.0,51.0,2.0,0.0,0.0,0.0,112.0,61.0,43.0,0.0,0.0,290.0,0.0,0.0
Streamwood,IL,COOK,2023-08-04,2023,8,4,Summer,1,42.0,-88.2,365.0,104.0,227.0,27.0,5.0,2.0,0.0,223.0,93.0,57.0,0.0,8.0,97.0,252.0,8.0
Streamwood,IL,COOK,2023-10-04,2023,10,4,Fall,1,42.0,-88.2,365.0,104.0,227.0,27.0,5.0,2.0,0.0,223.0,93.0,57.0,0.0,8.0,97.0,252.0,8.0
Street,MD,HARFORD,2023-08-18,2023,8,18,Summer,1,39.7,-76.5,359.0,238.0,111.0,7.0,3.0,0.0,0.0,200.0,74.0,45.0,0.0,0.0,189.0,170.0,0.0
Strongsville,OH,CUYAHOGA,2023-07-31,2023,7,31,Summer,2,41.3,-81.8,365.0,117.0,235.0,9.0,3.0,1.0,0.0,234.0,83.0,57.0,2.0,0.0,83.0,276.0,4.0
Strongsville,OH,CUYAHOGA,2023-09-11,2023,9,11,Fall,6,41.3,-81.8,365.0,117.0,235.0,9.0,3.0,1.0,0.0,234.0,83.0,57.0,2.0,0.0,83.0,276.0,4.0
Stroudsburg,PA,MONROE,2023-08-28,2023,8,28,Summer,1,41.0,-75.2,294.0,270.0,21.0,3.0,0.0,0.0,0.0,126.0,48.0,34.0,0.0,0.0,294.0,0.0,0.0
Stroudsburg,PA,MONROE,2023-09-03,2023,9,3,Fall,1,41.0,-75.2,294.0,270.0,21.0,3.0,0.0,0.0,0.0,126.0,48.0,34.0,0.0,0.0,294.0,0.0,0.0
Stroudsburg,PA,MONROE,2023-10-10,2023,10,10,Fall,1,41.0,-75.2,294.0,270.0,21.0,3.0,0.0,0.0,0.0,126.0,48.0,34.0,0.0,0.0,294.0,0.0,0.0
Stuart,FL,MARTIN,2023-03-11,2023,3,11,Spring,2,27.2,-80.2,365.0,283.0,81.0,1.0,0.0,0.0,0.0,127.0,55.0,41.0,0.0,0.0,158.0,207.0,0.0
Sturbridge,MA,WORCESTER,2023-09-20,2023,9,20,Fall,1,42.1,-72.1,365.0,268.0,93.0,4.0,0.0,0.0,0.0,148.0,58.0,39.0,0.0,5.0,190.0,170.0,0.0
Sturtevant,WI,RACINE,2023-07-07,2023,7,7,Summer,3,42.7,-87.9,203.0,138.0,49.0,14.0,2.0,0.0,0.0,200.0,97.0,44.0,0.0,0.0,203.0,0.0,0.0
Stuyvesant,NY,COLUMBIA,2023-09-17,2023,9,17,Fall,2,42.4,-73.8,,,,,,,,,,,,,,,
Stuyvesant,NY,COLUMBIA,2023-10-10,2023,10,10,Fall,2,42.4,-73.8,,,,,,,,,,,,,,,
Stuyvesant,NY,COLUMBIA,2023-10-11,2023,10,11,Fall,6,42.4,-73.7,,,,,,,,,,,,,,,
Suffolk,VA,SUFFOLK CITY,2023-08-14,2023,8,14,Summer,12,36.7,-76.6,245.0,230.0,14.0,1.0,0.0,0.0,0.0,115.0,48.0,40.0,0.0,0.0,245.0,0.0,0.0
Suffolk,VA,SUFFOLK CITY,2023-09-09,2023,9,9,Fall,6,36.7,-76.6,245.0,230.0,14.0,1.0,0.0,0.0,0.0,115.0,48.0,40.0,0.0,0.0,245.0,0.0,0.0
Suffolk,VA,SUFFOLK CITY,2023-09-11,2023,9,11,Fall,6,36.7,-76.6,245.0,230.0,14.0,1.0,0.0,0.0,0.0,115.0,48.0,40.0,0.0,0.0,245.0,0.0,0.0
Sugar Grove,IL,KANE,2023-05-25,2023,5,25,Spring,1,41.8,-88.5,288.0,178.0,89.0,16.0,5.0,0.0,0.0,174.0,87.0,46.0,0.0,0.0,198.0,90.0,0.0
Sugar Grove,PA,WARREN,2023-06-29,2023,6,29,Summer,2,42.0,-79.3,,,,,,,,,,,,,,,
Sullivan's Island,SC,CHARLESTON,2023-11-08,2023,11,8,Fall,10,32.8,-79.9,365.0,212.0,153.0,0.0,0.0,0.0,0.0,93.0,64.0,47.0,0.0,0.0,68.0,295.0,2.0
Sulphur,OK,MURRAY,2023-10-05,2023,10,5,Fall,4,34.5,-97.0,,,,,,,,,,,,,,,
Summerdale,AL,BALDWIN,2023-02-06,2023,2,6,Winter,1,30.5,-87.7,347.0,236.0,111.0,0.0,0.0,0.0,0.0,90.0,60.0,43.0,0.0,0.0,108.0,239.0,0.0
Summerdale,AL,BALDWIN,2023-02-08,2023,2,8,Winter,1,30.5,-87.7,347.0,236.0,111.0,0.0,0.0,0.0,0.0,90.0,60.0,43.0,0.0,0.0,108.0,239.0,0.0
Summerdale,AL,BALDWIN,2023-02-15,2023,2,15,Winter,1,30.5,-87.7,347.0,236.0,111.0,0.0,0.0,0.0,0.0,90.0,60.0,43.0,0.0,0.0,108.0,239.0,0.0
Summerfield,FL,MARION,2023-01-03,2023,1,3,Winter,1,29.0,-82.0,365.0,241.0,124.0,0.0,0.0,0.0,0.0,99.0,57.0,45.0,0.0,0.0,117.0,248.0,0.0
Summerfield,FL,MARION,2023-01-22,2023,1,22,Winter,1,29.0,-82.0,365.0,241.0,124.0,0.0,0.0,0.0,0.0,99.0,57.0,45.0,0.0,0.0,117.0,248.0,0.0
Summerfield,FL,MARION,2023-01-25,2023,1,25,Winter,1,29.0,-82.0,365.0,241.0,124.0,0.0,0.0,0.0,0.0,99.0,57.0,45.0,0.0,0.0,117.0,248.0,0.0
Summerfield,FL,MARION,2023-01-31,2023,1,31,Winter,1,29.0,-82.0,365.0,241.0,124.0,0.0,0.0,0.0,0.0,99.0,57.0,45.0,0.0,0.0,117.0,248.0,0.0
Summerfield,FL,MARION,2023-03-07,2023,3,7,Spring,1,29.0,-82.0,365.0,241.0,124.0,0.0,0.0,0.0,0.0,99.0,57.0,45.0,0.0,0.0,117.0,248.0,0.0
Summerfield,FL,MARION,2023-03-14,2023,3,14,Spring,1,29.0,-82.0,365.0,241.0,124.0,0.0,0.0,0.0,0.0,99.0,57.0,45.0,0.0,0.0,117.0,248.0,0.0
Summerfield,FL,MARION,2023-03-16,2023,3,16,Spring,2,29.0,-82.0,365.0,241.0,124.0,0.0,0.0,0.0,0.0,99.0,57.0,45.0,0.0,0.0,117.0,248.0,0.0
Summerfield,FL,MARION,2023-04-07,2023,4,7,Spring,2,29.0,-82.0,365.0,241.0,124.0,0.0,0.0,0.0,0.0,99.0,57.0,45.0,0.0,0.0,117.0,248.0,0.0
Summerfield,FL,MARION,2023-06-12,2023,6,12,Summer,1,29.0,-82.0,365.0,241.0,124.0,0.0,0.0,0.0,0.0,99.0,57.0,45.0,0.0,0.0,117.0,248.0,0.0
Summerfield,FL,MARION,2023-07-11,2023,7,11,Summer,5,29.0,-82.0,365.0,241.0,124.0,0.0,0.0,0.0,0.0,99.0,57.0,45.0,0.0,0.0,117.0,248.0,0.0
Summerfield,FL,MARION,2023-11-01,2023,11,1,Fall,2,29.0,-82.0,365.0,241.0,124.0,0.0,0.0,0.0,0.0,99.0,57.0,45.0,0.0,0.0,117.0,248.0,0.0
Summerfield,FL,MARION,2023-11-22,2023,11,22,Fall,7,29.0,-82.0,365.0,241.0,124.0,0.0,0.0,0.0,0.0,99.0,57.0,45.0,0.0,0.0,117.0,248.0,0.0
Summerfield,FL,MARION,2023-12-01,2023,12,1,Winter,5,29.0,-82.0,365.0,241.0,124.0,0.0,0.0,0.0,0.0,99.0,57.0,45.0,0.0,0.0,117.0,248.0,0.0
Summerfield,FL,MARION,2023-12-18,2023,12,18,Winter,4,29.0,-82.0,365.0,241.0,124.0,0.0,0.0,0.0,0.0,99.0,57.0,45.0,0.0,0.0,117.0,248.0,0.0
Summerfield,FL,MARION,2023-12-26,2023,12,26,Winter,2,29.0,-82.0,365.0,241.0,124.0,0.0,0.0,0.0,0.0,99.0,57.0,45.0,0.0,0.0,117.0,248.0,0.0
Sun City,AZ,MARICOPA,2023-03-28,2023,3,28,Spring,1,33.6,-112.3,365.0,41.0,255.0,62.0,7.0,0.0,0.0,183.0,119.0,72.0,0.0,0.0,193.0,91.0,81.0
Sun City,AZ,MARICOPA,2023-11-22,2023,11,22,Fall,1,33.7,-112.3,365.0,41.0,255.0,62.0,7.0,0.0,0.0,183.0,119.0,72.0,0.0,0.0,193.0,91.0,81.0
Sun Prairie,WI,DANE,2023-06-18,2023,6,18,Summer,2,43.2,-89.3,365.0,184.0,157.0,20.0,1.0,3.0,0.0,268.0,80.0,50.0,0.0,0.0,105.0,260.0,0.0
Sun Prairie,WI,DANE,2023-07-08,2023,7,8,Summer,2,43.2,-89.3,365.0,184.0,157.0,20.0,1.0,3.0,0.0,268.0,80.0,50.0,0.0,0.0,105.0,260.0,0.0
Sunbury,OH,DELAWARE,2023-08-31,2023,8,31,Summer,2,40.2,-82.8,245.0,211.0,33.0,1.0,0.0,0.0,0.0,108.0,54.0,41.0,0.0,0.0,245.0,0.0,0.0
Sunbury,OH,DELAWARE,2023-09-29,2023,9,29,Fall,1,40.2,-82.8,245.0,211.0,33.0,1.0,0.0,0.0,0.0,108.0,54.0,41.0,0.0,0.0,245.0,0.0,0.0
Superior,WI,DOUGLAS,2023-06-13,2023,6,13,Summer,4,46.7,-92.1,,,,,,,,,,,,,,,
Surprise,AZ,MARICOPA,2023-10-14,2023,10,14,Fall,3,33.6,-112.4,365.0,41.0,255.0,62.0,7.0,0.0,0.0,183.0,119.0,72.0,0.0,0.0,193.0,91.0,81.0
Swampscott,MA,ESSEX,2023-07-21,2023,7,21,Summer,1,42.5,-70.9,365.0,243.0,120.0,2.0,0.0,0.0,0.0,105.0,60.0,44.0,0.0,1.0,160.0,204.0,0.0
Swampscott,MA,ESSEX,2023-07-22,2023,7,22,Summer,1,42.5,-70.9,365.0,243.0,120.0,2.0,0.0,0.0,0.0,105.0,60.0,44.0,0.0,1.0,160.0,204.0,0.0
Swampscott,MA,ESSEX,2023-07-24,2023,7,24,Summer,2,42.5,-70.9,365.0,243.0,120.0,2.0,0.0,0.0,0.0,105.0,60.0,44.0,0.0,1.0,160.0,204.0,0.0
Swampscott,MA,ESSEX,2023-07-25,2023,7,25,Summer,1,42.5,-70.9,365.0,243.0,120.0,2.0,0.0,0.0,0.0,105.0,60.0,44.0,0.0,1.0,160.0,204.0,0.0
Swampscott,MA,ESSEX,2023-07-31,2023,7,31,Summer,1,42.5,-70.9,365.0,243.0,120.0,2.0,0.0,0.0,0.0,105.0,60.0,44.0,0.0,1.0,160.0,204.0,0.0
Swampscott,MA,ESSEX,2023-08-05,2023,8,5,Summer,1,42.5,-70.9,365.0,243.0,120.0,2.0,0.0,0.0,0.0,105.0,60.0,44.0,0.0,1.0,160.0,204.0,0.0
Swampscott,MA,ESSEX,2023-08-09,2023,8,9,Summer,1,42.5,-70.9,365.0,243.0,120.0,2.0,0.0,0.0,0.0,105.0,60.0,44.0,0.0,1.0,160.0,204.0,0.0
Swampscott,MA,ESSEX,2023-08-11,2023,8,11,Summer,1,42.5,-70.9,365.0,243.0,120.0,2.0,0.0,0.0,0.0,105.0,60.0,44.0,0.0,1.0,160.0,204.0,0.0
Swampscott,MA,ESSEX,2023-08-17,2023,8,17,Summer,1,42.5,-70.9,365.0,243.0,120.0,2.0,0.0,0.0,0.0,105.0,60.0,44.0,0.0,1.0,160.0,204.0,0.0
Swampscott,MA,ESSEX,2023-08-18,2023,8,18,Summer,1,42.5,-70.9,365.0,243.0,120.0,2.0,0.0,0.0,0.0,105.0,60.0,44.0,0.0,1.0,160.0,204.0,0.0
Swampscott,MA,ESSEX,2023-08-21,2023,8,21,Summer,1,42.5,-70.9,365.0,243.0,120.0,2.0,0.0,0.0,0.0,105.0,60.0,44.0,0.0,1.0,160.0,204.0,0.0
Swampscott,MA,ESSEX,2023-08-26,2023,8,26,Summer,1,42.5,-70.9,365.0,243.0,120.0,2.0,0.0,0.0,0.0,105.0,60.0,44.0,0.0,1.0,160.0,204.0,0.0
Swampscott,MA,ESSEX,2023-08-30,2023,8,30,Summer,1,42.5,-70.9,365.0,243.0,120.0,2.0,0.0,0.0,0.0,105.0,60.0,44.0,0.0,1.0,160.0,204.0,0.0
Swampscott,MA,ESSEX,2023-09-17,2023,9,17,Fall,1,42.5,-70.9,365.0,243.0,120.0,2.0,0.0,0.0,0.0,105.0,60.0,44.0,0.0,1.0,160.0,204.0,0.0
Sycamore,IL,DEKALB,2023-10-10,2023,10,10,Fall,1,42.0,-88.7,,,,,,,,,,,,,,,
Sykesville,MD,CARROLL,2023-08-13,2023,8,13,Summer,3,39.4,-77.0,244.0,183.0,57.0,4.0,0.0,0.0,0.0,143.0,74.0,44.0,0.0,0.0,244.0,0.0,0.0
Sylvan Beach,NY,ONEIDA,2023-08-05,2023,8,5,Summer,2,43.2,-75.7,351.0,275.0,70.0,3.0,3.0,0.0,0.0,190.0,56.0,32.0,0.0,0.0,0.0,351.0,0.0
Syracuse,NY,ONONDAGA,2023-08-06,2023,8,6,Summer,25,43.0,-76.2,361.0,273.0,80.0,4.0,3.0,1.0,0.0,258.0,59.0,40.0,0.0,0.0,184.0,177.0,0.0
Syracuse,NY,ONONDAGA,2023-08-14,2023,8,14,Summer,25,43.0,-76.2,361.0,273.0,80.0,4.0,3.0,1.0,0.0,258.0,59.0,40.0,0.0,0.0,184.0,177.0,0.0
Syracuse,NY,ONONDAGA,2023-08-29,2023,8,29,Summer,25,43.0,-76.2,361.0,273.0,80.0,4.0,3.0,1.0,0.0,258.0,59.0,40.0,0.0,0.0,184.0,177.0,0.0
Syracuse,NY,ONONDAGA,2023-09-03,2023,9,3,Fall,25,43.0,-76.2,361.0,273.0,80.0,4.0,3.0,1.0,0.0,258.0,59.0,40.0,0.0,0.0,184.0,177.0,0.0
Syracuse,NY,ONONDAGA,2023-09-09,2023,9,9,Fall,25,43.0,-76.2,361.0,273.0,80.0,4.0,3.0,1.0,0.0,258.0,59.0,40.0,0.0,0.0,184.0,177.0,0.0
Syracuse,NY,ONONDAGA,2023-09-28,2023,9,28,Fall,25,43.0,-76.2,361.0,273.0,80.0,4.0,3.0,1.0,0.0,258.0,59.0,40.0,0.0,0.0,184.0,177.0,0.0
Syracuse,NY,ONONDAGA,2023-10-01,2023,10,1,Fall,25,43.0,-76.3,361.0,273.0,80.0,4.0,3.0,1.0,0.0,258.0,59.0,40.0,0.0,0.0,184.0,177.0,0.0
Talent,OR,JACKSON,2023-08-03,2023,8,3,Summer,1,42.2,-122.8,365.0,216.0,135.0,2.0,7.0,5.0,0.0,237.0,69.0,45.0,0.0,0.0,98.0,267.0,0.0
Talent,OR,JACKSON,2023-08-19,2023,8,19,Summer,1,42.2,-122.8,365.0,216.0,135.0,2.0,7.0,5.0,0.0,237.0,69.0,45.0,0.0,0.0,98.0,267.0,0.0
Tallahassee,FL,LEON,2023-07-23,2023,7,23,Summer,12,30.6,-84.3,361.0,204.0,156.0,1.0,0.0,0.0,0.0,124.0,61.0,47.0,0.0,0.0,71.0,290.0,0.0
Tallahassee,FL,LEON,2023-09-20,2023,9,20,Fall,12,30.6,-84.2,361.0,204.0,156.0,1.0,0.0,0.0,0.0,124.0,61.0,47.0,0.0,0.0,71.0,290.0,0.0
Tallahassee,FL,LEON,2023-12-18,2023,12,18,Winter,24,30.6,-84.2,361.0,204.0,156.0,1.0,0.0,0.0,0.0,124.0,61.0,47.0,0.0,0.0,71.0,290.0,0.0
Tallassee,AL,ELMORE,2023-10-29,2023,10,29,Fall,1,32.5,-86.0,238.0,221.0,17.0,0.0,0.0,0.0,0.0,90.0,49.0,38.0,0.0,0.0,238.0,0.0,0.0
Tampa,FL,HILLSBOROUGH,2023-01-03,2023,1,3,Winter,84,27.9,-82.5,365.0,156.0,206.0,3.0,0.0,0.0,0.0,114.0,69.0,51.0,0.0,0.0,102.0,261.0,2.0
Tampa,FL,HILLSBOROUGH,2023-01-12,2023,1,12,Winter,84,28.1,-82.6,365.0,156.0,206.0,3.0,0.0,0.0,0.0,114.0,69.0,51.0,0.0,0.0,102.0,261.0,2.0
Tampa,FL,HILLSBOROUGH,2023-01-15,2023,1,15,Winter,28,28.1,-82.4,365.0,156.0,206.0,3.0,0.0,0.0,0.0,114.0,69.0,51.0,0.0,0.0,102.0,261.0,2.0
Tampa,FL,HILLSBOROUGH,2023-02-14,2023,2,14,Winter,84,28.0,-82.6,365.0,156.0,206.0,3.0,0.0,0.0,0.0,114.0,69.0,51.0,0.0,0.0,102.0,261.0,2.0
Tampa,FL,HILLSBOROUGH,2023-03-04,2023,3,4,Spring,28,28.0,-82.5,365.0,156.0,206.0,3.0,0.0,0.0,0.0,114.0,69.0,51.0,0.0,0.0,102.0,261.0,2.0
Tampa,FL,HILLSBOROUGH,2023-07-28,2023,7,28,Summer,56,27.9,-82.5,365.0,156.0,206.0,3.0,0.0,0.0,0.0,114.0,69.0,51.0,0.0,0.0,102.0,261.0,2.0
Tamworth,NH,CARROLL,2023-08-06,2023,8,6,Summer,2,43.9,-71.4,,,,,,,,,,,,,,,
Tamworth,NH,CARROLL,2023-08-28,2023,8,28,Summer,6,43.8,-71.3,,,,,,,,,,,,,,,
Tamworth,NH,CARROLL,2023-09-02,2023,9,2,Fall,2,43.8,-71.3,,,,,,,,,,,,,,,
Tamworth,NH,CARROLL,2023-09-04,2023,9,4,Fall,5,43.9,-71.3,,,,,,,,,,,,,,,
Tamworth,NH,CARROLL,2023-09-05,2023,9,5,Fall,3,43.8,-71.3,,,,,,,,,,,,,,,
Tamworth,NH,CARROLL,2023-09-09,2023,9,9,Fall,9,43.8,-71.3,,,,,,,,,,,,,,,
Tamworth,NH,CARROLL,2023-09-14,2023,9,14,Fall,9,43.8,-71.3,,,,,,,,,,,,,,,
Tarpon Springs,FL,PINELLAS,2023-03-29,2023,3,29,Spring,15,28.2,-82.8,365.0,217.0,145.0,3.0,0.0,0.0,0.0,113.0,62.0,47.0,0.0,0.0,125.0,237.0,3.0
Tarpon Springs,FL,PINELLAS,2023-08-05,2023,8,5,Summer,6,28.1,-82.7,365.0,217.0,145.0,3.0,0.0,0.0,0.0,113.0,62.0,47.0,0.0,0.0,125.0,237.0,3.0
Taunton,MN,LYON,2023-06-04,2023,6,4,Summer,3,44.6,-96.1,361.0,206.0,142.0,10.0,3.0,0.0,0.0,173.0,78.0,46.0,0.0,0.0,120.0,241.0,0.0
Tavernier,FL,MONROE,2023-03-25,2023,3,25,Spring,2,25.0,-80.5,,,,,,,,,,,,,,,
Taylor,ND,STARK,2023-07-30,2023,7,30,Summer,1,46.9,-102.4,,,,,,,,,,,,,,,
Taylor,TX,WILLIAMSON,2023-10-28,2023,10,28,Fall,60,30.6,-97.5,,,,,,,,,,,,,,,
Taylors,SC,GREENVILLE,2023-02-23,2023,2,23,Winter,1,34.9,-82.3,365.0,167.0,196.0,2.0,0.0,0.0,0.0,126.0,70.0,52.0,0.0,2.0,134.0,229.0,0.0
Taylorville,IL,CHRISTIAN,2023-07-28,2023,7,28,Summer,18,39.5,-89.2,,,,,,,,,,,,,,,
Taylorville,IL,CHRISTIAN,2023-09-20,2023,9,20,Fall,54,39.5,-89.2,,,,,,,,,,,,,,,
Taylorville,IL,CHRISTIAN,2023-09-22,2023,9,22,Fall,24,39.5,-89.2,,,,,,,,,,,,,,,
Teaneck,NJ,BERGEN,2023-09-17,2023,9,17,Fall,8,40.9,-74.0,365.0,204.0,152.0,5.0,4.0,0.0,0.0,197.0,69.0,48.0,0.0,29.0,91.0,245.0,0.0
Teaneck,NJ,BERGEN,2023-09-19,2023,9,19,Fall,14,40.9,-74.0,365.0,204.0,152.0,5.0,4.0,0.0,0.0,197.0,69.0,48.0,0.0,29.0,91.0,245.0,0.0
Teaneck,NJ,BERGEN,2023-10-08,2023,10,8,Fall,2,40.9,-74.0,365.0,204.0,152.0,5.0,4.0,0.0,0.0,197.0,69.0,48.0,0.0,29.0,91.0,245.0,0.0
Tell City,IN,PERRY,2023-09-13,2023,9,13,Fall,9,38.0,-86.8,357.0,318.0,37.0,2.0,0.0,0.0,0.0,112.0,51.0,38.0,0.0,0.0,357.0,0.0,0.0
Tell City,IN,PERRY,2023-09-16,2023,9,16,Fall,9,38.0,-86.8,357.0,318.0,37.0,2.0,0.0,0.0,0.0,112.0,51.0,38.0,0.0,0.0,357.0,0.0,0.0
Temecula,CA,RIVERSIDE,2023-08-01,2023,8,1,Summer,8,33.5,-117.1,365.0,62.0,189.0,73.0,31.0,6.0,4.0,660.0,154.0,77.0,0.0,1.0,202.0,101.0,61.0
Temecula,CA,RIVERSIDE,2023-09-03,2023,9,3,Fall,8,33.5,-117.1,365.0,62.0,189.0,73.0,31.0,6.0,4.0,660.0,154.0,77.0,0.0,1.0,202.0,101.0,61.0
Temecula,CA,RIVERSIDE,2023-10-04,2023,10,4,Fall,2,33.5,-117.1,365.0,62.0,189.0,73.0,31.0,6.0,4.0,660.0,154.0,77.0,0.0,1.0,202.0,101.0,61.0
Tempe,AZ,MARICOPA,2023-11-02,2023,11,2,Fall,8,33.4,-111.9,365.0,41.0,255.0,62.0,7.0,0.0,0.0,183.0,119.0,72.0,0.0,0.0,193.0,91.0,81.0
Tempe,AZ,MARICOPA,2023-11-28,2023,11,28,Fall,8,33.4,-111.9,365.0,41.0,255.0,62.0,7.0,0.0,0.0,183.0,119.0,72.0,0.0,0.0,193.0,91.0,81.0
Temperance,MI,MONROE,2023-10-09,2023,10,9,Fall,1,41.7,-83.6,65.0,59.0,6.0,0.0,0.0,0.0,0.0,82.0,45.0,25.0,0.0,0.0,0.0,0.0,65.0
Temple,TX,BELL,2023-09-15,2023,9,15,Fall,8,31.1,-97.4,365.0,231.0,128.0,6.0,0.0,0.0,0.0,133.0,74.0,44.0,0.0,0.0,246.0,119.0,0.0
Temple,TX,BELL,2023-09-18,2023,9,18,Fall,8,31.1,-97.4,365.0,231.0,128.0,6.0,0.0,0.0,0.0,133.0,74.0,44.0,0.0,0.0,246.0,119.0,0.0
Temple,TX,BELL,2023-09-19,2023,9,19,Fall,16,31.1,-97.4,365.0,231.0,128.0,6.0,0.0,0.0,0.0,133.0,74.0,44.0,0.0,0.0,246.0,119.0,0.0
Temple,TX,BELL,2023-09-22,2023,9,22,Fall,8,31.1,-97.4,365.0,231.0,128.0,6.0,0.0,0.0,0.0,133.0,74.0,44.0,0.0,0.0,246.0,119.0,0.0
Temple,TX,BELL,2023-10-13,2023,10,13,Fall,8,31.1,-97.4,365.0,231.0,128.0,6.0,0.0,0.0,0.0,133.0,74.0,44.0,0.0,0.0,246.0,119.0,0.0
Temple,TX,BELL,2023-10-19,2023,10,19,Fall,8,31.0,-97.3,365.0,231.0,128.0,6.0,0.0,0.0,0.0,133.0,74.0,44.0,0.0,0.0,246.0,119.0,0.0
Temple,TX,BELL,2023-10-31,2023,10,31,Fall,8,31.1,-97.3,365.0,231.0,128.0,6.0,0.0,0.0,0.0,133.0,74.0,44.0,0.0,0.0,246.0,119.0,0.0
Temple City,CA,LOS ANGELES,2023-07-25,2023,7,25,Summer,6,34.1,-118.1,365.0,41.0,237.0,52.0,32.0,3.0,0.0,210.0,147.0,67.0,0.0,5.0,150.0,203.0,7.0
Terre Haute,IN,VIGO,2023-09-25,2023,9,25,Fall,43,39.5,-87.4,365.0,182.0,175.0,6.0,1.0,1.0,0.0,232.0,69.0,51.0,0.0,0.0,144.0,221.0,0.0
Terre Haute,IN,VIGO,2023-10-10,2023,10,10,Fall,43,39.5,-87.3,365.0,182.0,175.0,6.0,1.0,1.0,0.0,232.0,69.0,51.0,0.0,0.0,144.0,221.0,0.0
Texico,IL,JEFFERSON,2023-08-19,2023,8,19,Summer,2,38.4,-88.9,,,,,,,,,,,,,,,
The Colony,TX,DENTON,2023-08-31,2023,8,31,Summer,2,33.0,-96.9,365.0,200.0,133.0,27.0,5.0,0.0,0.0,177.0,93.0,49.0,0.0,2.0,247.0,116.0,0.0
The Colony,TX,DENTON,2023-09-02,2023,9,2,Fall,4,33.1,-96.9,365.0,200.0,133.0,27.0,5.0,0.0,0.0,177.0,93.0,49.0,0.0,2.0,247.0,116.0,0.0
The Villages,FL,SUMTER,2023-02-01,2023,2,1,Winter,2,28.9,-82.0,,,,,,,,,,,,,,,
The Villages,FL,SUMTER,2023-03-07,2023,3,7,Spring,2,28.9,-82.0,,,,,,,,,,,,,,,
The Villages,FL,SUMTER,2023-03-24,2023,3,24,Spring,4,28.9,-82.0,,,,,,,,,,,,,,,
The Villages,FL,SUMTER,2023-04-20,2023,4,20,Spring,12,28.9,-82.0,,,,,,,,,,,,,,,
The Villages,FL,SUMTER,2023-08-05,2023,8,5,Summer,2,28.9,-82.0,,,,,,,,,,,,,,,
The Villages,FL,SUMTER,2023-08-15,2023,8,15,Summer,2,28.9,-82.0,,,,,,,,,,,,,,,
Thibodaux,LA,LAFOURCHE,2023-04-24,2023,4,24,Spring,4,29.8,-90.8,365.0,153.0,211.0,1.0,0.0,0.0,0.0,101.0,69.0,53.0,0.0,0.0,80.0,285.0,0.0
Thibodaux,LA,LAFOURCHE,2023-07-28,2023,7,28,Summer,2,29.8,-90.8,365.0,153.0,211.0,1.0,0.0,0.0,0.0,101.0,69.0,53.0,0.0,0.0,80.0,285.0,0.0
Thornton,CO,ADAMS,2023-07-23,2023,7,23,Summer,5,39.9,-105.0,365.0,179.0,181.0,3.0,2.0,0.0,0.0,174.0,71.0,51.0,0.0,34.0,180.0,112.0,39.0
Thornton,CO,ADAMS,2023-07-28,2023,7,28,Summer,5,39.9,-105.0,365.0,179.0,181.0,3.0,2.0,0.0,0.0,174.0,71.0,51.0,0.0,34.0,180.0,112.0,39.0
Thornton,CO,ADAMS,2023-07-30,2023,7,30,Summer,10,40.0,-104.9,365.0,179.0,181.0,3.0,2.0,0.0,0.0,174.0,71.0,51.0,0.0,34.0,180.0,112.0,39.0
Thornton,CO,ADAMS,2023-09-30,2023,9,30,Fall,5,39.9,-104.9,365.0,179.0,181.0,3.0,2.0,0.0,0.0,174.0,71.0,51.0,0.0,34.0,180.0,112.0,39.0
Thornton,CO,ADAMS,2023-10-01,2023,10,1,Fall,5,39.9,-105.0,365.0,179.0,181.0,3.0,2.0,0.0,0.0,174.0,71.0,51.0,0.0,34.0,180.0,112.0,39.0
Thornwood,NY,WESTCHESTER,2023-07-15,2023,7,15,Summer,1,41.1,-73.8,365.0,287.0,71.0,4.0,3.0,0.0,0.0,198.0,58.0,39.0,0.0,0.0,221.0,144.0,0.0
Thousand Oaks,CA,VENTURA,2023-03-03,2023,3,3,Spring,3,34.2,-118.9,365.0,220.0,133.0,12.0,0.0,0.0,0.0,136.0,80.0,46.0,0.0,0.0,239.0,121.0,5.0
Thousand Oaks,CA,VENTURA,2023-07-10,2023,7,10,Summer,3,34.2,-118.9,365.0,220.0,133.0,12.0,0.0,0.0,0.0,136.0,80.0,46.0,0.0,0.0,239.0,121.0,5.0
Thousand Oaks,CA,VENTURA,2023-08-07,2023,8,7,Summer,6,34.2,-118.9,365.0,220.0,133.0,12.0,0.0,0.0,0.0,136.0,80.0,46.0,0.0,0.0,239.0,121.0,5.0
Thousand Oaks,CA,VENTURA,2023-08-08,2023,8,8,Summer,3,34.2,-118.9,365.0,220.0,133.0,12.0,0.0,0.0,0.0,136.0,80.0,46.0,0.0,0.0,239.0,121.0,5.0
Thousand Oaks,CA,VENTURA,2023-11-11,2023,11,11,Fall,3,34.2,-118.9,365.0,220.0,133.0,12.0,0.0,0.0,0.0,136.0,80.0,46.0,0.0,0.0,239.0,121.0,5.0
Three Lakes,WI,ONEIDA,2023-08-04,2023,8,4,Summer,9,45.8,-89.1,,,,,,,,,,,,,,,
Three Lakes,WI,ONEIDA,2023-08-05,2023,8,5,Summer,3,45.8,-89.1,,,,,,,,,,,,,,,
Tipp City,OH,MIAMI,2023-07-31,2023,7,31,Summer,3,40.0,-84.2,244.0,193.0,48.0,3.0,0.0,0.0,0.0,112.0,67.0,43.0,0.0,0.0,244.0,0.0,0.0
Toledo,OH,LUCAS,2023-07-31,2023,7,31,Summer,16,41.7,-83.7,365.0,217.0,133.0,13.0,2.0,0.0,0.0,190.0,79.0,45.0,0.0,0.0,162.0,203.0,0.0
Toledo,OH,LUCAS,2023-08-07,2023,8,7,Summer,16,41.7,-83.7,365.0,217.0,133.0,13.0,2.0,0.0,0.0,190.0,79.0,45.0,0.0,0.0,162.0,203.0,0.0
Toledo,OH,LUCAS,2023-09-09,2023,9,9,Fall,32,41.7,-83.6,365.0,217.0,133.0,13.0,2.0,0.0,0.0,190.0,79.0,45.0,0.0,0.0,162.0,203.0,0.0
Toledo,OH,WOOD,2023-07-31,2023,7,31,Summer,2,41.7,-83.7,241.0,198.0,39.0,4.0,0.0,0.0,0.0,126.0,61.0,40.0,0.0,0.0,241.0,0.0,0.0
Toledo,OH,WOOD,2023-08-07,2023,8,7,Summer,2,41.7,-83.7,241.0,198.0,39.0,4.0,0.0,0.0,0.0,126.0,61.0,40.0,0.0,0.0,241.0,0.0,0.0
Toledo,OH,WOOD,2023-09-09,2023,9,9,Fall,4,41.7,-83.6,241.0,198.0,39.0,4.0,0.0,0.0,0.0,126.0,61.0,40.0,0.0,0.0,241.0,0.0,0.0
Tolland,CT,TOLLAND,2023-07-05,2023,7,5,Summer,1,41.9,-72.3,212.0,178.0,31.0,2.0,1.0,0.0,0.0,156.0,58.0,41.0,0.0,0.0,212.0,0.0,0.0
Tollesboro,KY,LEWIS,2023-08-12,2023,8,12,Summer,5,38.5,-83.5,,,,,,,,,,,,,,,
Tomahawk,WI,LINCOLN,2023-06-07,2023,6,7,Summer,4,45.5,-89.7,,,,,,,,,,,,,,,
Tomahawk,WI,LINCOLN,2023-07-02,2023,7,2,Summer,48,45.5,-89.7,,,,,,,,,,,,,,,
Tomball,TX,HARRIS,2023-01-07,2023,1,7,Winter,3,30.0,-95.6,365.0,44.0,273.0,38.0,9.0,1.0,0.0,205.0,121.0,64.0,0.0,1.0,102.0,239.0,23.0
Tomball,TX,HARRIS,2023-11-27,2023,11,27,Fall,3,30.0,-95.6,365.0,44.0,273.0,38.0,9.0,1.0,0.0,205.0,121.0,64.0,0.0,1.0,102.0,239.0,23.0
Toms River,NJ,OCEAN,2023-07-27,2023,7,27,Summer,8,40.0,-74.2,365.0,261.0,95.0,7.0,1.0,1.0,0.0,248.0,64.0,42.0,0.0,0.0,165.0,200.0,0.0
Toms River,NJ,OCEAN,2023-08-05,2023,8,5,Summer,16,40.0,-74.2,365.0,261.0,95.0,7.0,1.0,1.0,0.0,248.0,64.0,42.0,0.0,0.0,165.0,200.0,0.0
Toms River,NJ,OCEAN,2023-08-18,2023,8,18,Summer,8,40.0,-74.1,365.0,261.0,95.0,7.0,1.0,1.0,0.0,248.0,64.0,42.0,0.0,0.0,165.0,200.0,0.0
Toms River,NJ,OCEAN,2023-10-12,2023,10,12,Fall,48,40.0,-74.2,365.0,261.0,95.0,7.0,1.0,1.0,0.0,248.0,64.0,42.0,0.0,0.0,165.0,200.0,0.0
Tonawanda,NY,ERIE,2023-07-01,2023,7,1,Summer,1,43.0,-78.9,365.0,198.0,159.0,5.0,3.0,0.0,0.0,176.0,69.0,48.0,0.0,4.0,86.0,275.0,0.0
Topanga,CA,LOS ANGELES,2023-09-21,2023,9,21,Fall,2,34.1,-118.6,365.0,41.0,237.0,52.0,32.0,3.0,0.0,210.0,147.0,67.0,0.0,5.0,150.0,203.0,7.0
Topeka,KS,SHAWNEE,2023-05-03,2023,5,3,Spring,10,39.1,-95.9,363.0,196.0,159.0,6.0,2.0,0.0,0.0,164.0,71.0,48.0,0.0,0.0,176.0,185.0,2.0
Topeka,KS,SHAWNEE,2023-05-24,2023,5,24,Spring,10,39.0,-95.8,363.0,196.0,159.0,6.0,2.0,0.0,0.0,164.0,71.0,48.0,0.0,0.0,176.0,185.0,2.0
Topeka,KS,SHAWNEE,2023-10-05,2023,10,5,Fall,10,39.2,-95.6,363.0,196.0,159.0,6.0,2.0,0.0,0.0,164.0,71.0,48.0,0.0,0.0,176.0,185.0,2.0
Topsham,ME,SAGADAHOC,2023-07-30,2023,7,30,Summer,2,44.0,-70.0,208.0,193.0,15.0,0.0,0.0,0.0,0.0,100.0,49.0,39.0,0.0,0.0,208.0,0.0,0.0
Torrance,CA,LOS ANGELES,2023-06-20,2023,6,20,Summer,3,33.8,-118.3,365.0,41.0,237.0,52.0,32.0,3.0,0.0,210.0,147.0,67.0,0.0,5.0,150.0,203.0,7.0
Torrance,CA,LOS ANGELES,2023-08-11,2023,8,11,Summer,2,33.9,-118.3,365.0,41.0,237.0,52.0,32.0,3.0,0.0,210.0,147.0,67.0,0.0,5.0,150.0,203.0,7.0
Townsend,TN,BLOUNT,2023-08-04,2023,8,4,Summer,1,35.7,-83.8,365.0,224.0,133.0,8.0,0.0,0.0,0.0,137.0,67.0,46.0,0.0,0.0,203.0,162.0,0.0
Townsend,TN,BLOUNT,2023-08-17,2023,8,17,Summer,3,35.6,-83.8,365.0,224.0,133.0,8.0,0.0,0.0,0.0,137.0,67.0,46.0,0.0,0.0,203.0,162.0,0.0
Townsend,TN,BLOUNT,2023-09-24,2023,9,24,Fall,40,35.6,-83.8,365.0,224.0,133.0,8.0,0.0,0.0,0.0,137.0,67.0,46.0,0.0,0.0,203.0,162.0,0.0
Travelers Rest,SC,GREENVILLE,2023-07-12,2023,7,12,Summer,2,35.0,-82.4,365.0,167.0,196.0,2.0,0.0,0.0,0.0,126.0,70.0,52.0,0.0,2.0,134.0,229.0,0.0
Travelers Rest,SC,GREENVILLE,2023-10-11,2023,10,11,Fall,2,35.0,-82.4,365.0,167.0,196.0,2.0,0.0,0.0,0.0,126.0,70.0,52.0,0.0,2.0,134.0,229.0,0.0
Trenton,OH,BUTLER,2023-07-29,2023,7,29,Summer,2,39.5,-84.5,365.0,107.0,242.0,12.0,4.0,0.0,0.0,197.0,80.0,56.0,0.0,0.0,71.0,287.0,7.0
Trenton,OH,BUTLER,2023-08-01,2023,8,1,Summer,1,39.5,-84.5,365.0,107.0,242.0,12.0,4.0,0.0,0.0,197.0,80.0,56.0,0.0,0.0,71.0,287.0,7.0
Trevor,WI,KENOSHA,2023-10-02,2023,10,2,Fall,1,42.5,-88.2,365.0,201.0,139.0,20.0,4.0,1.0,0.0,206.0,87.0,48.0,0.0,0.0,166.0,199.0,0.0
Triadelphia,WV,OHIO,2023-08-18,2023,8,18,Summer,1,40.1,-80.6,280.0,224.0,52.0,3.0,1.0,0.0,0.0,184.0,61.0,41.0,0.0,0.0,207.0,73.0,0.0
Trinity,NC,RANDOLPH,2023-10-01,2023,10,1,Fall,1,35.9,-80.0,,,,,,,,,,,,,,,
Troup,TX,SMITH,2023-09-03,2023,9,3,Fall,6,32.1,-95.2,364.0,296.0,64.0,4.0,0.0,0.0,0.0,119.0,67.0,38.0,0.0,3.0,361.0,0.0,0.0
Troy,MI,OAKLAND,2023-08-22,2023,8,22,Summer,1,42.6,-83.2,261.0,193.0,58.0,9.0,1.0,0.0,0.0,169.0,74.0,41.0,0.0,0.0,208.0,53.0,0.0
Troy,MO,LINCOLN,2023-08-31,2023,8,31,Summer,4,38.9,-91.0,245.0,177.0,53.0,15.0,0.0,0.0,0.0,140.0,80.0,44.0,0.0,0.0,245.0,0.0,0.0
Trumbull,CT,FAIRFIELD,2023-10-19,2023,10,19,Fall,1,41.2,-73.2,365.0,210.0,135.0,12.0,7.0,1.0,0.0,242.0,79.0,46.0,0.0,12.0,146.0,206.0,1.0
Tryon,NC,POLK,2023-09-23,2023,9,23,Fall,10,35.2,-82.3,,,,,,,,,,,,,,,
Tucker,GA,DEKALB,2023-08-29,2023,8,29,Summer,1,33.9,-84.2,365.0,140.0,218.0,7.0,0.0,0.0,0.0,136.0,70.0,53.0,0.0,20.0,63.0,282.0,0.0
Tuckerton,NJ,OCEAN,2023-10-16,2023,10,16,Fall,18,39.6,-74.3,365.0,261.0,95.0,7.0,1.0,1.0,0.0,248.0,64.0,42.0,0.0,0.0,165.0,200.0,0.0
Tuckerton,NJ,OCEAN,2023-10-22,2023,10,22,Fall,9,39.6,-74.3,365.0,261.0,95.0,7.0,1.0,1.0,0.0,248.0,64.0,42.0,0.0,0.0,165.0,200.0,0.0
Tucson,AZ,PIMA,2023-01-04,2023,1,4,Winter,95,32.3,-111.0,365.0,123.0,235.0,7.0,0.0,0.0,0.0,147.0,84.0,54.0,0.0,0.0,179.0,123.0,63.0
Tucson,AZ,PIMA,2023-01-08,2023,1,8,Winter,38,32.2,-110.9,365.0,123.0,235.0,7.0,0.0,0.0,0.0,147.0,84.0,54.0,0.0,0.0,179.0,123.0,63.0
Tucson,AZ,PIMA,2023-01-09,2023,1,9,Winter,114,32.2,-110.9,365.0,123.0,235.0,7.0,0.0,0.0,0.0,147.0,84.0,54.0,0.0,0.0,179.0,123.0,63.0
Tucson,AZ,PIMA,2023-01-11,2023,1,11,Winter,76,32.2,-110.9,365.0,123.0,235.0,7.0,0.0,0.0,0.0,147.0,84.0,54.0,0.0,0.0,179.0,123.0,63.0
Tucson,AZ,PIMA,2023-01-13,2023,1,13,Winter,38,32.3,-111.0,365.0,123.0,235.0,7.0,0.0,0.0,0.0,147.0,84.0,54.0,0.0,0.0,179.0,123.0,63.0
Tucson,AZ,PIMA,2023-05-20,2023,5,20,Spring,19,32.1,-110.8,365.0,123.0,235.0,7.0,0.0,0.0,0.0,147.0,84.0,54.0,0.0,0.0,179.0,123.0,63.0
Tucson,AZ,PIMA,2023-08-26,2023,8,26,Summer,19,32.2,-110.8,365.0,123.0,235.0,7.0,0.0,0.0,0.0,147.0,84.0,54.0,0.0,0.0,179.0,123.0,63.0
Tucson,AZ,PIMA,2023-10-10,2023,10,10,Fall,19,32.2,-111.2,365.0,123.0,235.0,7.0,0.0,0.0,0.0,147.0,84.0,54.0,0.0,0.0,179.0,123.0,63.0
Tucson,AZ,PIMA,2023-10-14,2023,10,14,Fall,19,32.2,-110.8,365.0,123.0,235.0,7.0,0.0,0.0,0.0,147.0,84.0,54.0,0.0,0.0,179.0,123.0,63.0
Tucson,AZ,PIMA,2023-10-16,2023,10,16,Fall,19,32.2,-110.8,365.0,123.0,235.0,7.0,0.0,0.0,0.0,147.0,84.0,54.0,0.0,0.0,179.0,123.0,63.0
Tucson,AZ,PIMA,2023-10-21,2023,10,21,Fall,19,32.2,-110.8,365.0,123.0,235.0,7.0,0.0,0.0,0.0,147.0,84.0,54.0,0.0,0.0,179.0,123.0,63.0
Tucson,AZ,PIMA,2023-10-28,2023,10,28,Fall,19,32.2,-110.8,365.0,123.0,235.0,7.0,0.0,0.0,0.0,147.0,84.0,54.0,0.0,0.0,179.0,123.0,63.0
Tucson,AZ,PIMA,2023-11-03,2023,11,3,Fall,57,32.2,-111.0,365.0,123.0,235.0,7.0,0.0,0.0,0.0,147.0,84.0,54.0,0.0,0.0,179.0,123.0,63.0
Tucson,AZ,PIMA,2023-11-04,2023,11,4,Fall,19,32.3,-110.9,365.0,123.0,235.0,7.0,0.0,0.0,0.0,147.0,84.0,54.0,0.0,0.0,179.0,123.0,63.0
Tucson,AZ,PIMA,2023-11-05,2023,11,5,Fall,19,32.2,-110.8,365.0,123.0,235.0,7.0,0.0,0.0,0.0,147.0,84.0,54.0,0.0,0.0,179.0,123.0,63.0
Tucson,AZ,PIMA,2023-11-07,2023,11,7,Fall,38,32.2,-111.2,365.0,123.0,235.0,7.0,0.0,0.0,0.0,147.0,84.0,54.0,0.0,0.0,179.0,123.0,63.0
Tucson,AZ,PIMA,2023-11-08,2023,11,8,Fall,19,32.2,-110.8,365.0,123.0,235.0,7.0,0.0,0.0,0.0,147.0,84.0,54.0,0.0,0.0,179.0,123.0,63.0
Tucson,AZ,PIMA,2023-11-09,2023,11,9,Fall,19,32.2,-110.8,365.0,123.0,235.0,7.0,0.0,0.0,0.0,147.0,84.0,54.0,0.0,0.0,179.0,123.0,63.0
Tucson,AZ,PIMA,2023-11-10,2023,11,10,Fall,19,32.3,-111.1,365.0,123.0,235.0,7.0,0.0,0.0,0.0,147.0,84.0,54.0,0.0,0.0,179.0,123.0,63.0
Tucson,AZ,PIMA,2023-11-15,2023,11,15,Fall,19,32.2,-111.2,365.0,123.0,235.0,7.0,0.0,0.0,0.0,147.0,84.0,54.0,0.0,0.0,179.0,123.0,63.0
Tucson,AZ,PIMA,2023-12-03,2023,12,3,Winter,19,32.2,-110.9,365.0,123.0,235.0,7.0,0.0,0.0,0.0,147.0,84.0,54.0,0.0,0.0,179.0,123.0,63.0
Tucson,AZ,PIMA,2023-12-17,2023,12,17,Winter,38,32.2,-110.8,365.0,123.0,235.0,7.0,0.0,0.0,0.0,147.0,84.0,54.0,0.0,0.0,179.0,123.0,63.0
Tucson,AZ,PIMA,2023-12-18,2023,12,18,Winter,19,32.2,-110.8,365.0,123.0,235.0,7.0,0.0,0.0,0.0,147.0,84.0,54.0,0.0,0.0,179.0,123.0,63.0
Tulsa,OK,CREEK,2023-04-04,2023,4,4,Spring,2,36.0,-95.9,249.0,196.0,50.0,3.0,0.0,0.0,0.0,136.0,64.0,44.0,0.0,0.0,249.0,0.0,0.0
Tulsa,OK,CREEK,2023-04-06,2023,4,6,Spring,1,36.1,-96.0,249.0,196.0,50.0,3.0,0.0,0.0,0.0,136.0,64.0,44.0,0.0,0.0,249.0,0.0,0.0
Tulsa,OK,CREEK,2023-04-09,2023,4,9,Spring,1,36.1,-95.9,249.0,196.0,50.0,3.0,0.0,0.0,0.0,136.0,64.0,44.0,0.0,0.0,249.0,0.0,0.0
Tulsa,OK,CREEK,2023-04-11,2023,4,11,Spring,4,36.0,-95.9,249.0,196.0,50.0,3.0,0.0,0.0,0.0,136.0,64.0,44.0,0.0,0.0,249.0,0.0,0.0
Tulsa,OK,CREEK,2023-04-13,2023,4,13,Spring,1,36.2,-96.0,249.0,196.0,50.0,3.0,0.0,0.0,0.0,136.0,64.0,44.0,0.0,0.0,249.0,0.0,0.0
Tulsa,OK,CREEK,2023-04-17,2023,4,17,Spring,2,36.2,-96.0,249.0,196.0,50.0,3.0,0.0,0.0,0.0,136.0,64.0,44.0,0.0,0.0,249.0,0.0,0.0
Tulsa,OK,CREEK,2023-04-18,2023,4,18,Spring,2,36.1,-95.9,249.0,196.0,50.0,3.0,0.0,0.0,0.0,136.0,64.0,44.0,0.0,0.0,249.0,0.0,0.0
Tulsa,OK,CREEK,2023-05-05,2023,5,5,Spring,2,36.1,-96.0,249.0,196.0,50.0,3.0,0.0,0.0,0.0,136.0,64.0,44.0,0.0,0.0,249.0,0.0,0.0
Tulsa,OK,CREEK,2023-06-09,2023,6,9,Summer,1,36.1,-95.9,249.0,196.0,50.0,3.0,0.0,0.0,0.0,136.0,64.0,44.0,0.0,0.0,249.0,0.0,0.0
Tulsa,OK,CREEK,2023-07-21,2023,7,21,Summer,1,36.1,-96.0,249.0,196.0,50.0,3.0,0.0,0.0,0.0,136.0,64.0,44.0,0.0,0.0,249.0,0.0,0.0
Tulsa,OK,CREEK,2023-07-23,2023,7,23,Summer,1,36.1,-95.9,249.0,196.0,50.0,3.0,0.0,0.0,0.0,136.0,64.0,44.0,0.0,0.0,249.0,0.0,0.0
Tulsa,OK,CREEK,2023-07-31,2023,7,31,Summer,1,36.2,-95.9,249.0,196.0,50.0,3.0,0.0,0.0,0.0,136.0,64.0,44.0,0.0,0.0,249.0,0.0,0.0
Tulsa,OK,CREEK,2023-08-08,2023,8,8,Summer,3,36.1,-96.0,249.0,196.0,50.0,3.0,0.0,0.0,0.0,136.0,64.0,44.0,0.0,0.0,249.0,0.0,0.0
Tulsa,OK,CREEK,2023-08-10,2023,8,10,Summer,1,36.0,-95.9,249.0,196.0,50.0,3.0,0.0,0.0,0.0,136.0,64.0,44.0,0.0,0.0,249.0,0.0,0.0
Tulsa,OK,CREEK,2023-08-11,2023,8,11,Summer,1,36.1,-95.9,249.0,196.0,50.0,3.0,0.0,0.0,0.0,136.0,64.0,44.0,0.0,0.0,249.0,0.0,0.0
Tulsa,OK,CREEK,2023-08-12,2023,8,12,Summer,1,36.1,-95.9,249.0,196.0,50.0,3.0,0.0,0.0,0.0,136.0,64.0,44.0,0.0,0.0,249.0,0.0,0.0
Tulsa,OK,CREEK,2023-08-13,2023,8,13,Summer,3,36.2,-96.0,249.0,196.0,50.0,3.0,0.0,0.0,0.0,136.0,64.0,44.0,0.0,0.0,249.0,0.0,0.0
Tulsa,OK,CREEK,2023-08-14,2023,8,14,Summer,5,36.0,-95.9,249.0,196.0,50.0,3.0,0.0,0.0,0.0,136.0,64.0,44.0,0.0,0.0,249.0,0.0,0.0
Tulsa,OK,CREEK,2023-08-15,2023,8,15,Summer,7,36.1,-95.9,249.0,196.0,50.0,3.0,0.0,0.0,0.0,136.0,64.0,44.0,0.0,0.0,249.0,0.0,0.0
Tulsa,OK,CREEK,2023-08-16,2023,8,16,Summer,6,36.2,-95.9,249.0,196.0,50.0,3.0,0.0,0.0,0.0,136.0,64.0,44.0,0.0,0.0,249.0,0.0,0.0
Tulsa,OK,CREEK,2023-08-17,2023,8,17,Summer,4,36.1,-95.8,249.0,196.0,50.0,3.0,0.0,0.0,0.0,136.0,64.0,44.0,0.0,0.0,249.0,0.0,0.0
Tulsa,OK,CREEK,2023-08-18,2023,8,18,Summer,3,36.1,-96.0,249.0,196.0,50.0,3.0,0.0,0.0,0.0,136.0,64.0,44.0,0.0,0.0,249.0,0.0,0.0
Tulsa,OK,CREEK,2023-08-21,2023,8,21,Summer,2,36.1,-95.9,249.0,196.0,50.0,3.0,0.0,0.0,0.0,136.0,64.0,44.0,0.0,0.0,249.0,0.0,0.0
Tulsa,OK,CREEK,2023-08-22,2023,8,22,Summer,1,36.1,-96.0,249.0,196.0,50.0,3.0,0.0,0.0,0.0,136.0,64.0,44.0,0.0,0.0,249.0,0.0,0.0
Tulsa,OK,CREEK,2023-08-23,2023,8,23,Summer,1,36.2,-95.9,249.0,196.0,50.0,3.0,0.0,0.0,0.0,136.0,64.0,44.0,0.0,0.0,249.0,0.0,0.0
Tulsa,OK,CREEK,2023-08-24,2023,8,24,Summer,3,36.2,-95.9,249.0,196.0,50.0,3.0,0.0,0.0,0.0,136.0,64.0,44.0,0.0,0.0,249.0,0.0,0.0
Tulsa,OK,CREEK,2023-08-25,2023,8,25,Summer,1,36.2,-95.9,249.0,196.0,50.0,3.0,0.0,0.0,0.0,136.0,64.0,44.0,0.0,0.0,249.0,0.0,0.0
Tulsa,OK,CREEK,2023-08-26,2023,8,26,Summer,11,36.0,-95.9,249.0,196.0,50.0,3.0,0.0,0.0,0.0,136.0,64.0,44.0,0.0,0.0,249.0,0.0,0.0
Tulsa,OK,CREEK,2023-08-28,2023,8,28,Summer,1,36.1,-95.9,249.0,196.0,50.0,3.0,0.0,0.0,0.0,136.0,64.0,44.0,0.0,0.0,249.0,0.0,0.0
Tulsa,OK,CREEK,2023-08-29,2023,8,29,Summer,3,36.1,-95.9,249.0,196.0,50.0,3.0,0.0,0.0,0.0,136.0,64.0,44.0,0.0,0.0,249.0,0.0,0.0
Tulsa,OK,CREEK,2023-08-30,2023,8,30,Summer,3,36.1,-95.9,249.0,196.0,50.0,3.0,0.0,0.0,0.0,136.0,64.0,44.0,0.0,0.0,249.0,0.0,0.0
Tulsa,OK,CREEK,2023-08-31,2023,8,31,Summer,4,36.2,-95.9,249.0,196.0,50.0,3.0,0.0,0.0,0.0,136.0,64.0,44.0,0.0,0.0,249.0,0.0,0.0
Tulsa,OK,CREEK,2023-09-01,2023,9,1,Fall,1,36.1,-95.9,249.0,196.0,50.0,3.0,0.0,0.0,0.0,136.0,64.0,44.0,0.0,0.0,249.0,0.0,0.0
Tulsa,OK,CREEK,2023-09-02,2023,9,2,Fall,2,36.1,-96.0,249.0,196.0,50.0,3.0,0.0,0.0,0.0,136.0,64.0,44.0,0.0,0.0,249.0,0.0,0.0
Tulsa,OK,CREEK,2023-09-03,2023,9,3,Fall,1,36.1,-95.9,249.0,196.0,50.0,3.0,0.0,0.0,0.0,136.0,64.0,44.0,0.0,0.0,249.0,0.0,0.0
Tulsa,OK,CREEK,2023-09-04,2023,9,4,Fall,4,36.2,-95.9,249.0,196.0,50.0,3.0,0.0,0.0,0.0,136.0,64.0,44.0,0.0,0.0,249.0,0.0,0.0
Tulsa,OK,CREEK,2023-09-05,2023,9,5,Fall,2,36.2,-96.0,249.0,196.0,50.0,3.0,0.0,0.0,0.0,136.0,64.0,44.0,0.0,0.0,249.0,0.0,0.0
Tulsa,OK,CREEK,2023-09-06,2023,9,6,Fall,6,36.2,-95.9,249.0,196.0,50.0,3.0,0.0,0.0,0.0,136.0,64.0,44.0,0.0,0.0,249.0,0.0,0.0
Tulsa,OK,CREEK,2023-09-07,2023,9,7,Fall,3,36.2,-95.9,249.0,196.0,50.0,3.0,0.0,0.0,0.0,136.0,64.0,44.0,0.0,0.0,249.0,0.0,0.0
Tulsa,OK,CREEK,2023-09-08,2023,9,8,Fall,4,36.2,-95.9,249.0,196.0,50.0,3.0,0.0,0.0,0.0,136.0,64.0,44.0,0.0,0.0,249.0,0.0,0.0
Tulsa,OK,CREEK,2023-09-09,2023,9,9,Fall,5,36.1,-95.9,249.0,196.0,50.0,3.0,0.0,0.0,0.0,136.0,64.0,44.0,0.0,0.0,249.0,0.0,0.0
Tulsa,OK,CREEK,2023-09-10,2023,9,10,Fall,7,36.1,-95.9,249.0,196.0,50.0,3.0,0.0,0.0,0.0,136.0,64.0,44.0,0.0,0.0,249.0,0.0,0.0
Tulsa,OK,CREEK,2023-09-11,2023,9,11,Fall,3,36.2,-95.9,249.0,196.0,50.0,3.0,0.0,0.0,0.0,136.0,64.0,44.0,0.0,0.0,249.0,0.0,0.0
Tulsa,OK,CREEK,2023-09-12,2023,9,12,Fall,7,36.1,-95.9,249.0,196.0,50.0,3.0,0.0,0.0,0.0,136.0,64.0,44.0,0.0,0.0,249.0,0.0,0.0
Tulsa,OK,CREEK,2023-09-13,2023,9,13,Fall,5,36.2,-96.0,249.0,196.0,50.0,3.0,0.0,0.0,0.0,136.0,64.0,44.0,0.0,0.0,249.0,0.0,0.0
Tulsa,OK,CREEK,2023-09-14,2023,9,14,Fall,7,36.2,-95.9,249.0,196.0,50.0,3.0,0.0,0.0,0.0,136.0,64.0,44.0,0.0,0.0,249.0,0.0,0.0
Tulsa,OK,CREEK,2023-09-15,2023,9,15,Fall,13,36.2,-95.9,249.0,196.0,50.0,3.0,0.0,0.0,0.0,136.0,64.0,44.0,0.0,0.0,249.0,0.0,0.0
Tulsa,OK,CREEK,2023-09-16,2023,9,16,Fall,10,36.1,-95.9,249.0,196.0,50.0,3.0,0.0,0.0,0.0,136.0,64.0,44.0,0.0,0.0,249.0,0.0,0.0
Tulsa,OK,CREEK,2023-09-17,2023,9,17,Fall,9,36.1,-95.9,249.0,196.0,50.0,3.0,0.0,0.0,0.0,136.0,64.0,44.0,0.0,0.0,249.0,0.0,0.0
Tulsa,OK,CREEK,2023-09-18,2023,9,18,Fall,1,36.1,-95.9,249.0,196.0,50.0,3.0,0.0,0.0,0.0,136.0,64.0,44.0,0.0,0.0,249.0,0.0,0.0
Tulsa,OK,CREEK,2023-09-19,2023,9,19,Fall,7,36.2,-95.9,249.0,196.0,50.0,3.0,0.0,0.0,0.0,136.0,64.0,44.0,0.0,0.0,249.0,0.0,0.0
Tulsa,OK,CREEK,2023-09-20,2023,9,20,Fall,8,36.2,-95.9,249.0,196.0,50.0,3.0,0.0,0.0,0.0,136.0,64.0,44.0,0.0,0.0,249.0,0.0,0.0
Tulsa,OK,CREEK,2023-09-21,2023,9,21,Fall,10,36.1,-96.0,249.0,196.0,50.0,3.0,0.0,0.0,0.0,136.0,64.0,44.0,0.0,0.0,249.0,0.0,0.0
Tulsa,OK,CREEK,2023-09-22,2023,9,22,Fall,5,36.1,-96.0,249.0,196.0,50.0,3.0,0.0,0.0,0.0,136.0,64.0,44.0,0.0,0.0,249.0,0.0,0.0
Tulsa,OK,CREEK,2023-09-23,2023,9,23,Fall,1,36.1,-95.9,249.0,196.0,50.0,3.0,0.0,0.0,0.0,136.0,64.0,44.0,0.0,0.0,249.0,0.0,0.0
Tulsa,OK,CREEK,2023-09-24,2023,9,24,Fall,17,36.1,-95.9,249.0,196.0,50.0,3.0,0.0,0.0,0.0,136.0,64.0,44.0,0.0,0.0,249.0,0.0,0.0
Tulsa,OK,CREEK,2023-09-26,2023,9,26,Fall,15,36.2,-95.9,249.0,196.0,50.0,3.0,0.0,0.0,0.0,136.0,64.0,44.0,0.0,0.0,249.0,0.0,0.0
Tulsa,OK,CREEK,2023-09-27,2023,9,27,Fall,7,36.1,-95.9,249.0,196.0,50.0,3.0,0.0,0.0,0.0,136.0,64.0,44.0,0.0,0.0,249.0,0.0,0.0
Tulsa,OK,CREEK,2023-09-28,2023,9,28,Fall,10,36.2,-95.9,249.0,196.0,50.0,3.0,0.0,0.0,0.0,136.0,64.0,44.0,0.0,0.0,249.0,0.0,0.0
Tulsa,OK,CREEK,2023-09-29,2023,9,29,Fall,30,36.1,-95.9,249.0,196.0,50.0,3.0,0.0,0.0,0.0,136.0,64.0,44.0,0.0,0.0,249.0,0.0,0.0
Tulsa,OK,CREEK,2023-09-30,2023,9,30,Fall,3,36.1,-95.9,249.0,196.0,50.0,3.0,0.0,0.0,0.0,136.0,64.0,44.0,0.0,0.0,249.0,0.0,0.0
Tulsa,OK,CREEK,2023-10-01,2023,10,1,Fall,7,36.2,-96.0,249.0,196.0,50.0,3.0,0.0,0.0,0.0,136.0,64.0,44.0,0.0,0.0,249.0,0.0,0.0
Tulsa,OK,CREEK,2023-10-02,2023,10,2,Fall,8,36.1,-96.0,249.0,196.0,50.0,3.0,0.0,0.0,0.0,136.0,64.0,44.0,0.0,0.0,249.0,0.0,0.0
Tulsa,OK,CREEK,2023-10-03,2023,10,3,Fall,2,36.1,-96.0,249.0,196.0,50.0,3.0,0.0,0.0,0.0,136.0,64.0,44.0,0.0,0.0,249.0,0.0,0.0
Tulsa,OK,CREEK,2023-10-04,2023,10,4,Fall,16,36.1,-96.0,249.0,196.0,50.0,3.0,0.0,0.0,0.0,136.0,64.0,44.0,0.0,0.0,249.0,0.0,0.0
Tulsa,OK,CREEK,2023-10-05,2023,10,5,Fall,1,36.1,-96.0,249.0,196.0,50.0,3.0,0.0,0.0,0.0,136.0,64.0,44.0,0.0,0.0,249.0,0.0,0.0
Tulsa,OK,CREEK,2023-10-07,2023,10,7,Fall,1,36.1,-95.9,249.0,196.0,50.0,3.0,0.0,0.0,0.0,136.0,64.0,44.0,0.0,0.0,249.0,0.0,0.0
Tulsa,OK,CREEK,2023-10-08,2023,10,8,Fall,1,36.2,-96.0,249.0,196.0,50.0,3.0,0.0,0.0,0.0,136.0,64.0,44.0,0.0,0.0,249.0,0.0,0.0
Tulsa,OK,CREEK,2023-10-10,2023,10,10,Fall,3,36.0,-95.9,249.0,196.0,50.0,3.0,0.0,0.0,0.0,136.0,64.0,44.0,0.0,0.0,249.0,0.0,0.0
Tulsa,OK,CREEK,2023-10-13,2023,10,13,Fall,1,36.1,-96.0,249.0,196.0,50.0,3.0,0.0,0.0,0.0,136.0,64.0,44.0,0.0,0.0,249.0,0.0,0.0
Tulsa,OK,CREEK,2023-10-16,2023,10,16,Fall,1,36.1,-96.0,249.0,196.0,50.0,3.0,0.0,0.0,0.0,136.0,64.0,44.0,0.0,0.0,249.0,0.0,0.0
Tulsa,OK,CREEK,2023-10-17,2023,10,17,Fall,2,36.1,-96.0,249.0,196.0,50.0,3.0,0.0,0.0,0.0,136.0,64.0,44.0,0.0,0.0,249.0,0.0,0.0
Tulsa,OK,CREEK,2023-10-18,2023,10,18,Fall,1,36.1,-95.9,249.0,196.0,50.0,3.0,0.0,0.0,0.0,136.0,64.0,44.0,0.0,0.0,249.0,0.0,0.0
Tulsa,OK,CREEK,2023-10-23,2023,10,23,Fall,1,36.2,-95.9,249.0,196.0,50.0,3.0,0.0,0.0,0.0,136.0,64.0,44.0,0.0,0.0,249.0,0.0,0.0
Tulsa,OK,CREEK,2023-10-26,2023,10,26,Fall,3,36.2,-95.9,249.0,196.0,50.0,3.0,0.0,0.0,0.0,136.0,64.0,44.0,0.0,0.0,249.0,0.0,0.0
Tulsa,OK,CREEK,2023-11-03,2023,11,3,Fall,2,36.1,-96.0,249.0,196.0,50.0,3.0,0.0,0.0,0.0,136.0,64.0,44.0,0.0,0.0,249.0,0.0,0.0
Tulsa,OK,CREEK,2023-11-04,2023,11,4,Fall,3,36.1,-96.0,249.0,196.0,50.0,3.0,0.0,0.0,0.0,136.0,64.0,44.0,0.0,0.0,249.0,0.0,0.0
Tulsa,OK,CREEK,2023-11-06,2023,11,6,Fall,3,36.1,-96.0,249.0,196.0,50.0,3.0,0.0,0.0,0.0,136.0,64.0,44.0,0.0,0.0,249.0,0.0,0.0
Tulsa,OK,TULSA,2023-04-04,2023,4,4,Spring,16,36.0,-95.9,365.0,142.0,205.0,16.0,2.0,0.0,0.0,197.0,77.0,53.0,0.0,0.0,154.0,204.0,7.0
Tulsa,OK,TULSA,2023-04-06,2023,4,6,Spring,8,36.1,-96.0,365.0,142.0,205.0,16.0,2.0,0.0,0.0,197.0,77.0,53.0,0.0,0.0,154.0,204.0,7.0
Tulsa,OK,TULSA,2023-04-09,2023,4,9,Spring,8,36.1,-95.9,365.0,142.0,205.0,16.0,2.0,0.0,0.0,197.0,77.0,53.0,0.0,0.0,154.0,204.0,7.0
Tulsa,OK,TULSA,2023-04-11,2023,4,11,Spring,32,36.0,-95.9,365.0,142.0,205.0,16.0,2.0,0.0,0.0,197.0,77.0,53.0,0.0,0.0,154.0,204.0,7.0
Tulsa,OK,TULSA,2023-04-13,2023,4,13,Spring,8,36.2,-96.0,365.0,142.0,205.0,16.0,2.0,0.0,0.0,197.0,77.0,53.0,0.0,0.0,154.0,204.0,7.0
Tulsa,OK,TULSA,2023-04-17,2023,4,17,Spring,16,36.2,-96.0,365.0,142.0,205.0,16.0,2.0,0.0,0.0,197.0,77.0,53.0,0.0,0.0,154.0,204.0,7.0
Tulsa,OK,TULSA,2023-04-18,2023,4,18,Spring,16,36.1,-95.9,365.0,142.0,205.0,16.0,2.0,0.0,0.0,197.0,77.0,53.0,0.0,0.0,154.0,204.0,7.0
Tulsa,OK,TULSA,2023-05-05,2023,5,5,Spring,16,36.1,-96.0,365.0,142.0,205.0,16.0,2.0,0.0,0.0,197.0,77.0,53.0,0.0,0.0,154.0,204.0,7.0
Tulsa,OK,TULSA,2023-06-09,2023,6,9,Summer,8,36.1,-95.9,365.0,142.0,205.0,16.0,2.0,0.0,0.0,197.0,77.0,53.0,0.0,0.0,154.0,204.0,7.0
Tulsa,OK,TULSA,2023-07-21,2023,7,21,Summer,8,36.1,-96.0,365.0,142.0,205.0,16.0,2.0,0.0,0.0,197.0,77.0,53.0,0.0,0.0,154.0,204.0,7.0
Tulsa,OK,TULSA,2023-07-23,2023,7,23,Summer,8,36.1,-95.9,365.0,142.0,205.0,16.0,2.0,0.0,0.0,197.0,77.0,53.0,0.0,0.0,154.0,204.0,7.0
Tulsa,OK,TULSA,2023-07-31,2023,7,31,Summer,8,36.2,-95.9,365.0,142.0,205.0,16.0,2.0,0.0,0.0,197.0,77.0,53.0,0.0,0.0,154.0,204.0,7.0
Tulsa,OK,TULSA,2023-08-08,2023,8,8,Summer,24,36.2,-96.0,365.0,142.0,205.0,16.0,2.0,0.0,0.0,197.0,77.0,53.0,0.0,0.0,154.0,204.0,7.0
Tulsa,OK,TULSA,2023-08-10,2023,8,10,Summer,8,36.0,-95.9,365.0,142.0,205.0,16.0,2.0,0.0,0.0,197.0,77.0,53.0,0.0,0.0,154.0,204.0,7.0
Tulsa,OK,TULSA,2023-08-11,2023,8,11,Summer,8,36.1,-95.9,365.0,142.0,205.0,16.0,2.0,0.0,0.0,197.0,77.0,53.0,0.0,0.0,154.0,204.0,7.0
Tulsa,OK,TULSA,2023-08-12,2023,8,12,Summer,8,36.1,-95.9,365.0,142.0,205.0,16.0,2.0,0.0,0.0,197.0,77.0,53.0,0.0,0.0,154.0,204.0,7.0
Tulsa,OK,TULSA,2023-08-13,2023,8,13,Summer,24,36.2,-96.0,365.0,142.0,205.0,16.0,2.0,0.0,0.0,197.0,77.0,53.0,0.0,0.0,154.0,204.0,7.0
Tulsa,OK,TULSA,2023-08-14,2023,8,14,Summer,40,36.0,-95.9,365.0,142.0,205.0,16.0,2.0,0.0,0.0,197.0,77.0,53.0,0.0,0.0,154.0,204.0,7.0
Tulsa,OK,TULSA,2023-08-15,2023,8,15,Summer,56,36.2,-95.9,365.0,142.0,205.0,16.0,2.0,0.0,0.0,197.0,77.0,53.0,0.0,0.0,154.0,204.0,7.0
Tulsa,OK,TULSA,2023-08-16,2023,8,16,Summer,48,36.2,-95.9,365.0,142.0,205.0,16.0,2.0,0.0,0.0,197.0,77.0,53.0,0.0,0.0,154.0,204.0,7.0
Tulsa,OK,TULSA,2023-08-17,2023,8,17,Summer,32,36.1,-95.8,365.0,142.0,205.0,16.0,2.0,0.0,0.0,197.0,77.0,53.0,0.0,0.0,154.0,204.0,7.0
Tulsa,OK,TULSA,2023-08-18,2023,8,18,Summer,24,36.2,-95.9,365.0,142.0,205.0,16.0,2.0,0.0,0.0,197.0,77.0,53.0,0.0,0.0,154.0,204.0,7.0
Tulsa,OK,TULSA,2023-08-21,2023,8,21,Summer,16,36.1,-95.9,365.0,142.0,205.0,16.0,2.0,0.0,0.0,197.0,77.0,53.0,0.0,0.0,154.0,204.0,7.0
Tulsa,OK,TULSA,2023-08-22,2023,8,22,Summer,8,36.1,-96.0,365.0,142.0,205.0,16.0,2.0,0.0,0.0,197.0,77.0,53.0,0.0,0.0,154.0,204.0,7.0
Tulsa,OK,TULSA,2023-08-23,2023,8,23,Summer,8,36.2,-95.9,365.0,142.0,205.0,16.0,2.0,0.0,0.0,197.0,77.0,53.0,0.0,0.0,154.0,204.0,7.0
Tulsa,OK,TULSA,2023-08-24,2023,8,24,Summer,24,36.2,-95.9,365.0,142.0,205.0,16.0,2.0,0.0,0.0,197.0,77.0,53.0,0.0,0.0,154.0,204.0,7.0
Tulsa,OK,TULSA,2023-08-25,2023,8,25,Summer,8,36.2,-95.9,365.0,142.0,205.0,16.0,2.0,0.0,0.0,197.0,77.0,53.0,0.0,0.0,154.0,204.0,7.0
Tulsa,OK,TULSA,2023-08-26,2023,8,26,Summer,88,36.2,-95.9,365.0,142.0,205.0,16.0,2.0,0.0,0.0,197.0,77.0,53.0,0.0,0.0,154.0,204.0,7.0
Tulsa,OK,TULSA,2023-08-28,2023,8,28,Summer,8,36.1,-95.9,365.0,142.0,205.0,16.0,2.0,0.0,0.0,197.0,77.0,53.0,0.0,0.0,154.0,204.0,7.0
Tulsa,OK,TULSA,2023-08-29,2023,8,29,Summer,24,36.1,-95.9,365.0,142.0,205.0,16.0,2.0,0.0,0.0,197.0,77.0,53.0,0.0,0.0,154.0,204.0,7.0
Tulsa,OK,TULSA,2023-08-30,2023,8,30,Summer,24,36.1,-96.0,365.0,142.0,205.0,16.0,2.0,0.0,0.0,197.0,77.0,53.0,0.0,0.0,154.0,204.0,7.0
Tulsa,OK,TULSA,2023-08-31,2023,8,31,Summer,32,36.1,-95.9,365.0,142.0,205.0,16.0,2.0,0.0,0.0,197.0,77.0,53.0,0.0,0.0,154.0,204.0,7.0
Tulsa,OK,TULSA,2023-09-01,2023,9,1,Fall,8,36.1,-95.9,365.0,142.0,205.0,16.0,2.0,0.0,0.0,197.0,77.0,53.0,0.0,0.0,154.0,204.0,7.0
Tulsa,OK,TULSA,2023-09-02,2023,9,2,Fall,16,36.1,-95.9,365.0,142.0,205.0,16.0,2.0,0.0,0.0,197.0,77.0,53.0,0.0,0.0,154.0,204.0,7.0
Tulsa,OK,TULSA,2023-09-03,2023,9,3,Fall,8,36.1,-95.9,365.0,142.0,205.0,16.0,2.0,0.0,0.0,197.0,77.0,53.0,0.0,0.0,154.0,204.0,7.0
Tulsa,OK,TULSA,2023-09-04,2023,9,4,Fall,32,36.1,-95.9,365.0,142.0,205.0,16.0,2.0,0.0,0.0,197.0,77.0,53.0,0.0,0.0,154.0,204.0,7.0
Tulsa,OK,TULSA,2023-09-05,2023,9,5,Fall,16,36.1,-95.9,365.0,142.0,205.0,16.0,2.0,0.0,0.0,197.0,77.0,53.0,0.0,0.0,154.0,204.0,7.0
Tulsa,OK,TULSA,2023-09-06,2023,9,6,Fall,48,36.2,-95.9,365.0,142.0,205.0,16.0,2.0,0.0,0.0,197.0,77.0,53.0,0.0,0.0,154.0,204.0,7.0
Tulsa,OK,TULSA,2023-09-07,2023,9,7,Fall,24,36.2,-95.9,365.0,142.0,205.0,16.0,2.0,0.0,0.0,197.0,77.0,53.0,0.0,0.0,154.0,204.0,7.0
Tulsa,OK,TULSA,2023-09-08,2023,9,8,Fall,32,36.2,-95.9,365.0,142.0,205.0,16.0,2.0,0.0,0.0,197.0,77.0,53.0,0.0,0.0,154.0,204.0,7.0
Tulsa,OK,TULSA,2023-09-09,2023,9,9,Fall,40,36.1,-95.9,365.0,142.0,205.0,16.0,2.0,0.0,0.0,197.0,77.0,53.0,0.0,0.0,154.0,204.0,7.0
Tulsa,OK,TULSA,2023-09-10,2023,9,10,Fall,56,36.2,-95.9,365.0,142.0,205.0,16.0,2.0,0.0,0.0,197.0,77.0,53.0,0.0,0.0,154.0,204.0,7.0
Tulsa,OK,TULSA,2023-09-11,2023,9,11,Fall,24,36.1,-95.9,365.0,142.0,205.0,16.0,2.0,0.0,0.0,197.0,77.0,53.0,0.0,0.0,154.0,204.0,7.0
Tulsa,OK,TULSA,2023-09-12,2023,9,12,Fall,56,36.2,-95.9,365.0,142.0,205.0,16.0,2.0,0.0,0.0,197.0,77.0,53.0,0.0,0.0,154.0,204.0,7.0
Tulsa,OK,TULSA,2023-09-13,2023,9,13,Fall,40,36.2,-95.9,365.0,142.0,205.0,16.0,2.0,0.0,0.0,197.0,77.0,53.0,0.0,0.0,154.0,204.0,7.0
Tulsa,OK,TULSA,2023-09-14,2023,9,14,Fall,56,36.2,-95.9,365.0,142.0,205.0,16.0,2.0,0.0,0.0,197.0,77.0,53.0,0.0,0.0,154.0,204.0,7.0
Tulsa,OK,TULSA,2023-09-15,2023,9,15,Fall,104,36.1,-95.9,365.0,142.0,205.0,16.0,2.0,0.0,0.0,197.0,77.0,53.0,0.0,0.0,154.0,204.0,7.0
Tulsa,OK,TULSA,2023-09-16,2023,9,16,Fall,80,36.1,-95.9,365.0,142.0,205.0,16.0,2.0,0.0,0.0,197.0,77.0,53.0,0.0,0.0,154.0,204.0,7.0
Tulsa,OK,TULSA,2023-09-17,2023,9,17,Fall,72,36.1,-95.9,365.0,142.0,205.0,16.0,2.0,0.0,0.0,197.0,77.0,53.0,0.0,0.0,154.0,204.0,7.0
Tulsa,OK,TULSA,2023-09-18,2023,9,18,Fall,8,36.1,-95.9,365.0,142.0,205.0,16.0,2.0,0.0,0.0,197.0,77.0,53.0,0.0,0.0,154.0,204.0,7.0
Tulsa,OK,TULSA,2023-09-19,2023,9,19,Fall,56,36.2,-95.9,365.0,142.0,205.0,16.0,2.0,0.0,0.0,197.0,77.0,53.0,0.0,0.0,154.0,204.0,7.0
Tulsa,OK,TULSA,2023-09-20,2023,9,20,Fall,64,36.2,-95.9,365.0,142.0,205.0,16.0,2.0,0.0,0.0,197.0,77.0,53.0,0.0,0.0,154.0,204.0,7.0
Tulsa,OK,TULSA,2023-09-21,2023,9,21,Fall,80,36.2,-95.9,365.0,142.0,205.0,16.0,2.0,0.0,0.0,197.0,77.0,53.0,0.0,0.0,154.0,204.0,7.0
Tulsa,OK,TULSA,2023-09-22,2023,9,22,Fall,40,36.1,-96.0,365.0,142.0,205.0,16.0,2.0,0.0,0.0,197.0,77.0,53.0,0.0,0.0,154.0,204.0,7.0
Tulsa,OK,TULSA,2023-09-23,2023,9,23,Fall,8,36.1,-95.9,365.0,142.0,205.0,16.0,2.0,0.0,0.0,197.0,77.0,53.0,0.0,0.0,154.0,204.0,7.0
Tulsa,OK,TULSA,2023-09-24,2023,9,24,Fall,136,36.0,-95.9,365.0,142.0,205.0,16.0,2.0,0.0,0.0,197.0,77.0,53.0,0.0,0.0,154.0,204.0,7.0
Tulsa,OK,TULSA,2023-09-26,2023,9,26,Fall,120,36.1,-96.0,365.0,142.0,205.0,16.0,2.0,0.0,0.0,197.0,77.0,53.0,0.0,0.0,154.0,204.0,7.0
Tulsa,OK,TULSA,2023-09-27,2023,9,27,Fall,56,36.1,-96.0,365.0,142.0,205.0,16.0,2.0,0.0,0.0,197.0,77.0,53.0,0.0,0.0,154.0,204.0,7.0
Tulsa,OK,TULSA,2023-09-28,2023,9,28,Fall,80,36.2,-95.9,365.0,142.0,205.0,16.0,2.0,0.0,0.0,197.0,77.0,53.0,0.0,0.0,154.0,204.0,7.0
Tulsa,OK,TULSA,2023-09-29,2023,9,29,Fall,240,36.2,-95.9,365.0,142.0,205.0,16.0,2.0,0.0,0.0,197.0,77.0,53.0,0.0,0.0,154.0,204.0,7.0
Tulsa,OK,TULSA,2023-09-30,2023,9,30,Fall,24,36.1,-95.9,365.0,142.0,205.0,16.0,2.0,0.0,0.0,197.0,77.0,53.0,0.0,0.0,154.0,204.0,7.0
Tulsa,OK,TULSA,2023-10-01,2023,10,1,Fall,56,36.2,-96.0,365.0,142.0,205.0,16.0,2.0,0.0,0.0,197.0,77.0,53.0,0.0,0.0,154.0,204.0,7.0
Tulsa,OK,TULSA,2023-10-02,2023,10,2,Fall,64,36.1,-96.0,365.0,142.0,205.0,16.0,2.0,0.0,0.0,197.0,77.0,53.0,0.0,0.0,154.0,204.0,7.0
Tulsa,OK,TULSA,2023-10-03,2023,10,3,Fall,16,36.1,-96.0,365.0,142.0,205.0,16.0,2.0,0.0,0.0,197.0,77.0,53.0,0.0,0.0,154.0,204.0,7.0
Tulsa,OK,TULSA,2023-10-04,2023,10,4,Fall,128,36.1,-96.0,365.0,142.0,205.0,16.0,2.0,0.0,0.0,197.0,77.0,53.0,0.0,0.0,154.0,204.0,7.0
Tulsa,OK,TULSA,2023-10-05,2023,10,5,Fall,8,36.1,-96.0,365.0,142.0,205.0,16.0,2.0,0.0,0.0,197.0,77.0,53.0,0.0,0.0,154.0,204.0,7.0
Tulsa,OK,TULSA,2023-10-07,2023,10,7,Fall,8,36.1,-95.9,365.0,142.0,205.0,16.0,2.0,0.0,0.0,197.0,77.0,53.0,0.0,0.0,154.0,204.0,7.0
Tulsa,OK,TULSA,2023-10-08,2023,10,8,Fall,8,36.2,-96.0,365.0,142.0,205.0,16.0,2.0,0.0,0.0,197.0,77.0,53.0,0.0,0.0,154.0,204.0,7.0
Tulsa,OK,TULSA,2023-10-10,2023,10,10,Fall,24,36.0,-95.9,365.0,142.0,205.0,16.0,2.0,0.0,0.0,197.0,77.0,53.0,0.0,0.0,154.0,204.0,7.0
Tulsa,OK,TULSA,2023-10-13,2023,10,13,Fall,8,36.1,-96.0,365.0,142.0,205.0,16.0,2.0,0.0,0.0,197.0,77.0,53.0,0.0,0.0,154.0,204.0,7.0
Tulsa,OK,TULSA,2023-10-16,2023,10,16,Fall,8,36.1,-96.0,365.0,142.0,205.0,16.0,2.0,0.0,0.0,197.0,77.0,53.0,0.0,0.0,154.0,204.0,7.0
Tulsa,OK,TULSA,2023-10-17,2023,10,17,Fall,16,36.2,-96.0,365.0,142.0,205.0,16.0,2.0,0.0,0.0,197.0,77.0,53.0,0.0,0.0,154.0,204.0,7.0
Tulsa,OK,TULSA,2023-10-18,2023,10,18,Fall,8,36.1,-95.9,365.0,142.0,205.0,16.0,2.0,0.0,0.0,197.0,77.0,53.0,0.0,0.0,154.0,204.0,7.0
Tulsa,OK,TULSA,2023-10-23,2023,10,23,Fall,8,36.2,-95.9,365.0,142.0,205.0,16.0,2.0,0.0,0.0,197.0,77.0,53.0,0.0,0.0,154.0,204.0,7.0
Tulsa,OK,TULSA,2023-10-26,2023,10,26,Fall,24,36.2,-95.9,365.0,142.0,205.0,16.0,2.0,0.0,0.0,197.0,77.0,53.0,0.0,0.0,154.0,204.0,7.0
Tulsa,OK,TULSA,2023-11-03,2023,11,3,Fall,16,36.1,-96.0,365.0,142.0,205.0,16.0,2.0,0.0,0.0,197.0,77.0,53.0,0.0,0.0,154.0,204.0,7.0
Tulsa,OK,TULSA,2023-11-04,2023,11,4,Fall,24,36.1,-96.0,365.0,142.0,205.0,16.0,2.0,0.0,0.0,197.0,77.0,53.0,0.0,0.0,154.0,204.0,7.0
Tulsa,OK,TULSA,2023-11-06,2023,11,6,Fall,24,36.0,-95.9,365.0,142.0,205.0,16.0,2.0,0.0,0.0,197.0,77.0,53.0,0.0,0.0,154.0,204.0,7.0
Tunkhannock,PA,WYOMING,2023-08-06,2023,8,6,Summer,7,41.6,-75.9,146.0,123.0,23.0,0.0,0.0,0.0,0.0,68.0,54.0,27.0,0.0,0.0,0.0,146.0,0.0
Tupper Lake,NY,FRANKLIN,2023-09-05,2023,9,5,Fall,3,44.3,-74.3,,,,,,,,,,,,,,,
Tuscaloosa,AL,TUSCALOOSA,2023-08-21,2023,8,21,Summer,10,33.3,-87.5,365.0,255.0,110.0,0.0,0.0,0.0,0.0,87.0,60.0,42.0,0.0,0.0,112.0,253.0,0.0
Tustin,CA,ORANGE,2023-03-13,2023,3,13,Spring,1,33.7,-117.8,365.0,160.0,195.0,9.0,1.0,0.0,0.0,166.0,77.0,52.0,0.0,14.0,142.0,204.0,5.0
Twin Lake,MI,MUSKEGON,2023-09-01,2023,9,1,Fall,10,43.4,-86.2,242.0,187.0,44.0,11.0,0.0,0.0,0.0,147.0,87.0,41.0,0.0,0.0,242.0,0.0,0.0
Two Harbors,MN,LAKE,2023-06-09,2023,6,9,Summer,1,47.0,-91.7,365.0,282.0,81.0,2.0,0.0,0.0,0.0,114.0,61.0,36.0,0.0,0.0,109.0,256.0,0.0
Two Harbors,MN,LAKE,2023-06-12,2023,6,12,Summer,1,47.0,-91.7,365.0,282.0,81.0,2.0,0.0,0.0,0.0,114.0,61.0,36.0,0.0,0.0,109.0,256.0,0.0
Two Harbors,MN,LAKE,2023-06-13,2023,6,13,Summer,1,47.0,-91.7,365.0,282.0,81.0,2.0,0.0,0.0,0.0,114.0,61.0,36.0,0.0,0.0,109.0,256.0,0.0
Two Harbors,MN,LAKE,2023-07-03,2023,7,3,Summer,1,47.0,-91.7,365.0,282.0,81.0,2.0,0.0,0.0,0.0,114.0,61.0,36.0,0.0,0.0,109.0,256.0,0.0
Two Harbors,MN,LAKE,2023-07-04,2023,7,4,Summer,1,47.0,-91.7,365.0,282.0,81.0,2.0,0.0,0.0,0.0,114.0,61.0,36.0,0.0,0.0,109.0,256.0,0.0
Two Harbors,MN,LAKE,2023-07-14,2023,7,14,Summer,1,47.0,-91.7,365.0,282.0,81.0,2.0,0.0,0.0,0.0,114.0,61.0,36.0,0.0,0.0,109.0,256.0,0.0
Two Harbors,MN,LAKE,2023-08-08,2023,8,8,Summer,1,47.0,-91.7,365.0,282.0,81.0,2.0,0.0,0.0,0.0,114.0,61.0,36.0,0.0,0.0,109.0,256.0,0.0
Tybee Island,GA,CHATHAM,2023-02-13,2023,2,13,Winter,2,32.0,-80.8,352.0,197.0,153.0,2.0,0.0,0.0,0.0,108.0,63.0,48.0,0.0,0.0,52.0,300.0,0.0
Tybee Island,GA,CHATHAM,2023-10-11,2023,10,11,Fall,6,32.0,-80.8,352.0,197.0,153.0,2.0,0.0,0.0,0.0,108.0,63.0,48.0,0.0,0.0,52.0,300.0,0.0
Tyler,TX,SMITH,2023-09-02,2023,9,2,Fall,10,32.3,-95.1,364.0,296.0,64.0,4.0,0.0,0.0,0.0,119.0,67.0,38.0,0.0,3.0,361.0,0.0,0.0
Tyler,TX,SMITH,2023-09-24,2023,9,24,Fall,50,32.3,-95.3,364.0,296.0,64.0,4.0,0.0,0.0,0.0,119.0,67.0,38.0,0.0,3.0,361.0,0.0,0.0
Tyler,TX,SMITH,2023-10-12,2023,10,12,Fall,10,32.5,-95.3,364.0,296.0,64.0,4.0,0.0,0.0,0.0,119.0,67.0,38.0,0.0,3.0,361.0,0.0,0.0
Tyler,TX,SMITH,2023-10-21,2023,10,21,Fall,10,32.5,-95.3,364.0,296.0,64.0,4.0,0.0,0.0,0.0,119.0,67.0,38.0,0.0,3.0,361.0,0.0,0.0
Tyler,TX,SMITH,2023-12-16,2023,12,16,Winter,10,32.3,-95.3,364.0,296.0,64.0,4.0,0.0,0.0,0.0,119.0,67.0,38.0,0.0,3.0,361.0,0.0,0.0
Tyrone,GA,FAYETTE,2023-08-28,2023,8,28,Summer,1,33.5,-84.6,,,,,,,,,,,,,,,
Tyrone,GA,FAYETTE,2023-09-07,2023,9,7,Fall,1,33.5,-84.6,,,,,,,,,,,,,,,
Tyrone,PA,BLAIR,2023-08-15,2023,8,15,Summer,2,40.6,-78.2,358.0,229.0,123.0,1.0,4.0,1.0,0.0,213.0,67.0,43.0,0.0,0.0,120.0,238.0,0.0
Ukiah,CA,MENDOCINO,2023-05-27,2023,5,27,Spring,1,39.2,-123.2,365.0,144.0,216.0,5.0,0.0,0.0,0.0,140.0,69.0,53.0,0.0,0.0,29.0,336.0,0.0
Ukiah,CA,MENDOCINO,2023-08-31,2023,8,31,Summer,1,39.2,-123.2,365.0,144.0,216.0,5.0,0.0,0.0,0.0,140.0,69.0,53.0,0.0,0.0,29.0,336.0,0.0
Ukiah,CA,MENDOCINO,2023-09-13,2023,9,13,Fall,1,39.2,-123.2,365.0,144.0,216.0,5.0,0.0,0.0,0.0,140.0,69.0,53.0,0.0,0.0,29.0,336.0,0.0
Ukiah,CA,MENDOCINO,2023-09-18,2023,9,18,Fall,4,39.2,-123.2,365.0,144.0,216.0,5.0,0.0,0.0,0.0,140.0,69.0,53.0,0.0,0.0,29.0,336.0,0.0
Ukiah,CA,MENDOCINO,2023-10-04,2023,10,4,Fall,1,39.2,-123.2,365.0,144.0,216.0,5.0,0.0,0.0,0.0,140.0,69.0,53.0,0.0,0.0,29.0,336.0,0.0
Ullin,IL,PULASKI,2023-10-08,2023,10,8,Fall,8,37.3,-89.2,,,,,,,,,,,,,,,
Umatilla,FL,LAKE,2023-12-31,2023,12,31,Winter,4,29.0,-81.7,364.0,337.0,27.0,0.0,0.0,0.0,0.0,97.0,49.0,37.0,0.0,0.0,364.0,0.0,0.0
Underhill,VT,CHITTENDEN,2023-06-21,2023,6,21,Summer,2,44.5,-72.9,365.0,259.0,100.0,4.0,2.0,0.0,0.0,160.0,59.0,42.0,2.0,0.0,192.0,171.0,0.0
Union,MO,FRANKLIN,2023-09-14,2023,9,14,Fall,4,38.4,-90.9,,,,,,,,,,,,,,,
Union,MO,FRANKLIN,2023-09-19,2023,9,19,Fall,4,38.5,-91.0,,,,,,,,,,,,,,,
Union,MO,FRANKLIN,2023-09-20,2023,9,20,Fall,2,38.4,-91.0,,,,,,,,,,,,,,,
Union,MO,FRANKLIN,2023-09-24,2023,9,24,Fall,8,38.4,-91.0,,,,,,,,,,,,,,,
Union,NE,CASS,2023-07-22,2023,7,22,Summer,1,40.8,-95.9,354.0,344.0,10.0,0.0,0.0,0.0,0.0,66.0,35.0,17.0,0.0,0.0,0.0,0.0,354.0
Union,WV,MONROE,2023-09-24,2023,9,24,Fall,4,37.6,-80.6,,,,,,,,,,,,,,,
Union Grove,WI,RACINE,2023-08-03,2023,8,3,Summer,1,42.7,-88.0,203.0,138.0,49.0,14.0,2.0,0.0,0.0,200.0,97.0,44.0,0.0,0.0,203.0,0.0,0.0
Upper Marlboro,MD,PRINCE GEORGES,2023-08-20,2023,8,20,Summer,8,38.8,-76.8,365.0,253.0,101.0,8.0,3.0,0.0,0.0,192.0,67.0,44.0,0.0,1.0,226.0,138.0,0.0
Urbana,IL,CHAMPAIGN,2023-08-19,2023,8,19,Summer,2,40.1,-88.2,365.0,196.0,156.0,11.0,1.0,1.0,0.0,277.0,70.0,48.0,0.0,0.0,150.0,215.0,0.0
Urbana,IL,CHAMPAIGN,2023-09-10,2023,9,10,Fall,12,40.1,-88.2,365.0,196.0,156.0,11.0,1.0,1.0,0.0,277.0,70.0,48.0,0.0,0.0,150.0,215.0,0.0
Urbana,IL,CHAMPAIGN,2023-09-12,2023,9,12,Fall,1,40.1,-88.2,365.0,196.0,156.0,11.0,1.0,1.0,0.0,277.0,70.0,48.0,0.0,0.0,150.0,215.0,0.0
Urbana,IL,CHAMPAIGN,2023-09-13,2023,9,13,Fall,7,40.1,-88.2,365.0,196.0,156.0,11.0,1.0,1.0,0.0,277.0,70.0,48.0,0.0,0.0,150.0,215.0,0.0
Urbana,IL,CHAMPAIGN,2023-09-15,2023,9,15,Fall,8,40.1,-88.2,365.0,196.0,156.0,11.0,1.0,1.0,0.0,277.0,70.0,48.0,0.0,0.0,150.0,215.0,0.0
Urbana,IL,CHAMPAIGN,2023-09-16,2023,9,16,Fall,11,40.1,-88.2,365.0,196.0,156.0,11.0,1.0,1.0,0.0,277.0,70.0,48.0,0.0,0.0,150.0,215.0,0.0
Urbana,IL,CHAMPAIGN,2023-09-17,2023,9,17,Fall,3,40.1,-88.2,365.0,196.0,156.0,11.0,1.0,1.0,0.0,277.0,70.0,48.0,0.0,0.0,150.0,215.0,0.0
Urbana,IL,CHAMPAIGN,2023-09-18,2023,9,18,Fall,1,40.1,-88.2,365.0,196.0,156.0,11.0,1.0,1.0,0.0,277.0,70.0,48.0,0.0,0.0,150.0,215.0,0.0
Urbana,IL,CHAMPAIGN,2023-09-19,2023,9,19,Fall,4,40.1,-88.2,365.0,196.0,156.0,11.0,1.0,1.0,0.0,277.0,70.0,48.0,0.0,0.0,150.0,215.0,0.0
Urbana,IL,CHAMPAIGN,2023-09-22,2023,9,22,Fall,4,40.1,-88.2,365.0,196.0,156.0,11.0,1.0,1.0,0.0,277.0,70.0,48.0,0.0,0.0,150.0,215.0,0.0
Urbana,IL,CHAMPAIGN,2023-09-23,2023,9,23,Fall,18,40.1,-88.2,365.0,196.0,156.0,11.0,1.0,1.0,0.0,277.0,70.0,48.0,0.0,0.0,150.0,215.0,0.0
Urbana,IL,CHAMPAIGN,2023-09-24,2023,9,24,Fall,5,40.1,-88.2,365.0,196.0,156.0,11.0,1.0,1.0,0.0,277.0,70.0,48.0,0.0,0.0,150.0,215.0,0.0
Urbana,IL,CHAMPAIGN,2023-09-30,2023,9,30,Fall,1,40.1,-88.2,365.0,196.0,156.0,11.0,1.0,1.0,0.0,277.0,70.0,48.0,0.0,0.0,150.0,215.0,0.0
Urbana,IL,CHAMPAIGN,2023-10-01,2023,10,1,Fall,2,40.1,-88.2,365.0,196.0,156.0,11.0,1.0,1.0,0.0,277.0,70.0,48.0,0.0,0.0,150.0,215.0,0.0
Urbana,IL,CHAMPAIGN,2023-10-06,2023,10,6,Fall,2,40.1,-88.2,365.0,196.0,156.0,11.0,1.0,1.0,0.0,277.0,70.0,48.0,0.0,0.0,150.0,215.0,0.0
Urbana,IL,CHAMPAIGN,2023-10-07,2023,10,7,Fall,1,40.1,-88.2,365.0,196.0,156.0,11.0,1.0,1.0,0.0,277.0,70.0,48.0,0.0,0.0,150.0,215.0,0.0
Urbana,IL,CHAMPAIGN,2023-10-12,2023,10,12,Fall,1,40.1,-88.2,365.0,196.0,156.0,11.0,1.0,1.0,0.0,277.0,70.0,48.0,0.0,0.0,150.0,215.0,0.0
Urbandale,IA,POLK,2023-07-29,2023,7,29,Summer,8,41.6,-93.7,365.0,168.0,182.0,12.0,3.0,0.0,0.0,166.0,73.0,52.0,0.0,3.0,81.0,281.0,0.0
Urbandale,IA,POLK,2023-08-11,2023,8,11,Summer,12,41.6,-93.7,365.0,168.0,182.0,12.0,3.0,0.0,0.0,166.0,73.0,52.0,0.0,3.0,81.0,281.0,0.0
Urbandale,IA,POLK,2023-08-16,2023,8,16,Summer,4,41.6,-93.7,365.0,168.0,182.0,12.0,3.0,0.0,0.0,166.0,73.0,52.0,0.0,3.0,81.0,281.0,0.0
Urbandale,IA,POLK,2023-08-17,2023,8,17,Summer,16,41.6,-93.7,365.0,168.0,182.0,12.0,3.0,0.0,0.0,166.0,73.0,52.0,0.0,3.0,81.0,281.0,0.0
Urbandale,IA,POLK,2023-08-21,2023,8,21,Summer,12,41.6,-93.7,365.0,168.0,182.0,12.0,3.0,0.0,0.0,166.0,73.0,52.0,0.0,3.0,81.0,281.0,0.0
Urbandale,IA,POLK,2023-08-22,2023,8,22,Summer,12,41.6,-93.7,365.0,168.0,182.0,12.0,3.0,0.0,0.0,166.0,73.0,52.0,0.0,3.0,81.0,281.0,0.0
Urbandale,IA,POLK,2023-08-23,2023,8,23,Summer,8,41.6,-93.7,365.0,168.0,182.0,12.0,3.0,0.0,0.0,166.0,73.0,52.0,0.0,3.0,81.0,281.0,0.0
Urbandale,IA,POLK,2023-09-05,2023,9,5,Fall,4,41.6,-93.7,365.0,168.0,182.0,12.0,3.0,0.0,0.0,166.0,73.0,52.0,0.0,3.0,81.0,281.0,0.0
Urbandale,IA,POLK,2023-09-13,2023,9,13,Fall,8,41.6,-93.7,365.0,168.0,182.0,12.0,3.0,0.0,0.0,166.0,73.0,52.0,0.0,3.0,81.0,281.0,0.0
Urbandale,IA,POLK,2023-10-09,2023,10,9,Fall,4,41.6,-93.7,365.0,168.0,182.0,12.0,3.0,0.0,0.0,166.0,73.0,52.0,0.0,3.0,81.0,281.0,0.0
Utica,NY,ONEIDA,2023-09-22,2023,9,22,Fall,4,43.1,-75.2,351.0,275.0,70.0,3.0,3.0,0.0,0.0,190.0,56.0,32.0,0.0,0.0,0.0,351.0,0.0
Utica,NY,ONEIDA,2023-09-25,2023,9,25,Fall,4,43.1,-75.2,351.0,275.0,70.0,3.0,3.0,0.0,0.0,190.0,56.0,32.0,0.0,0.0,0.0,351.0,0.0
Vacaville,CA,SOLANO,2023-09-12,2023,9,12,Fall,8,38.4,-121.9,365.0,269.0,95.0,1.0,0.0,0.0,0.0,105.0,57.0,40.0,0.0,1.0,242.0,122.0,0.0
Vacaville,CA,SOLANO,2023-10-25,2023,10,25,Fall,2,38.4,-121.9,365.0,269.0,95.0,1.0,0.0,0.0,0.0,105.0,57.0,40.0,0.0,1.0,242.0,122.0,0.0
Vacherie,LA,SAINT JAMES,2023-03-03,2023,3,3,Spring,1,30.0,-90.7,351.0,314.0,35.0,2.0,0.0,0.0,0.0,115.0,51.0,33.0,0.0,0.0,351.0,0.0,0.0
Vale,NC,LINCOLN,2023-09-02,2023,9,2,Fall,1,35.5,-81.4,244.0,202.0,42.0,0.0,0.0,0.0,0.0,97.0,58.0,43.0,0.0,0.0,244.0,0.0,0.0
Vale,NC,LINCOLN,2023-09-11,2023,9,11,Fall,1,35.5,-81.4,244.0,202.0,42.0,0.0,0.0,0.0,0.0,97.0,58.0,43.0,0.0,0.0,244.0,0.0,0.0
Vallejo,CA,SOLANO,2023-07-24,2023,7,24,Summer,4,38.1,-122.3,365.0,269.0,95.0,1.0,0.0,0.0,0.0,105.0,57.0,40.0,0.0,1.0,242.0,122.0,0.0
Valley Center,KS,SEDGWICK,2023-10-24,2023,10,24,Fall,2,37.8,-97.4,365.0,207.0,153.0,4.0,1.0,0.0,0.0,157.0,67.0,48.0,0.0,6.0,219.0,138.0,2.0
Valley Ford,CA,SONOMA,2023-09-18,2023,9,18,Fall,1,38.4,-122.9,365.0,323.0,40.0,2.0,0.0,0.0,0.0,117.0,51.0,33.0,1.0,0.0,237.0,126.0,1.0
Valley Ford,CA,SONOMA,2023-09-24,2023,9,24,Fall,6,38.4,-122.9,365.0,323.0,40.0,2.0,0.0,0.0,0.0,117.0,51.0,33.0,1.0,0.0,237.0,126.0,1.0
Valley Ford,CA,SONOMA,2023-10-02,2023,10,2,Fall,2,38.4,-122.9,365.0,323.0,40.0,2.0,0.0,0.0,0.0,117.0,51.0,33.0,1.0,0.0,237.0,126.0,1.0
Valley Park,MO,SAINT LOUIS,2023-09-12,2023,9,12,Fall,3,38.5,-90.5,365.0,218.0,130.0,14.0,3.0,0.0,0.0,166.0,74.0,46.0,0.0,13.0,168.0,184.0,0.0
Valmeyer,IL,MONROE,2023-09-25,2023,9,25,Fall,8,38.3,-90.3,,,,,,,,,,,,,,,
Valparaiso,IN,PORTER,2023-08-12,2023,8,12,Summer,2,41.4,-87.2,365.0,206.0,137.0,20.0,2.0,0.0,0.0,180.0,77.0,48.0,0.0,0.0,152.0,204.0,9.0
Van Buren,OH,HANCOCK,2023-10-11,2023,10,11,Fall,1,41.1,-83.6,,,,,,,,,,,,,,,
Vandalia,IL,FAYETTE,2023-09-22,2023,9,22,Fall,4,39.0,-89.2,,,,,,,,,,,,,,,
Venice,FL,SARASOTA,2023-02-21,2023,2,21,Winter,1,27.0,-82.4,365.0,232.0,132.0,1.0,0.0,0.0,0.0,143.0,61.0,47.0,0.0,0.0,141.0,224.0,0.0
Venice,FL,SARASOTA,2023-03-11,2023,3,11,Spring,2,27.1,-82.4,365.0,232.0,132.0,1.0,0.0,0.0,0.0,143.0,61.0,47.0,0.0,0.0,141.0,224.0,0.0
Venice,FL,SARASOTA,2023-03-17,2023,3,17,Spring,2,27.0,-82.4,365.0,232.0,132.0,1.0,0.0,0.0,0.0,143.0,61.0,47.0,0.0,0.0,141.0,224.0,0.0
Venice,FL,SARASOTA,2023-03-24,2023,3,24,Spring,2,27.1,-82.3,365.0,232.0,132.0,1.0,0.0,0.0,0.0,143.0,61.0,47.0,0.0,0.0,141.0,224.0,0.0
Venice,FL,SARASOTA,2023-03-29,2023,3,29,Spring,3,27.0,-82.4,365.0,232.0,132.0,1.0,0.0,0.0,0.0,143.0,61.0,47.0,0.0,0.0,141.0,224.0,0.0
Venice,FL,SARASOTA,2023-03-30,2023,3,30,Spring,1,27.0,-82.4,365.0,232.0,132.0,1.0,0.0,0.0,0.0,143.0,61.0,47.0,0.0,0.0,141.0,224.0,0.0
Venice,FL,SARASOTA,2023-04-07,2023,4,7,Spring,1,27.0,-82.4,365.0,232.0,132.0,1.0,0.0,0.0,0.0,143.0,61.0,47.0,0.0,0.0,141.0,224.0,0.0
Venice,FL,SARASOTA,2023-04-20,2023,4,20,Spring,1,27.0,-82.4,365.0,232.0,132.0,1.0,0.0,0.0,0.0,143.0,61.0,47.0,0.0,0.0,141.0,224.0,0.0
Venice,FL,SARASOTA,2023-04-25,2023,4,25,Spring,1,27.0,-82.4,365.0,232.0,132.0,1.0,0.0,0.0,0.0,143.0,61.0,47.0,0.0,0.0,141.0,224.0,0.0
Ventnor City,NJ,ATLANTIC,2023-08-23,2023,8,23,Summer,9,39.3,-74.5,365.0,270.0,90.0,3.0,1.0,1.0,0.0,265.0,60.0,38.0,0.0,0.0,142.0,223.0,0.0
Ventura,CA,VENTURA,2023-03-12,2023,3,12,Spring,6,34.3,-119.2,365.0,220.0,133.0,12.0,0.0,0.0,0.0,136.0,80.0,46.0,0.0,0.0,239.0,121.0,5.0
Ventura,CA,VENTURA,2023-07-28,2023,7,28,Summer,6,34.4,-119.4,365.0,220.0,133.0,12.0,0.0,0.0,0.0,136.0,80.0,46.0,0.0,0.0,239.0,121.0,5.0
Vero Beach,FL,INDIAN RIVER,2023-01-04,2023,1,4,Winter,5,27.6,-80.4,358.0,350.0,8.0,0.0,0.0,0.0,0.0,74.0,44.0,34.0,0.0,0.0,358.0,0.0,0.0
Vero Beach,FL,INDIAN RIVER,2023-11-17,2023,11,17,Fall,10,27.8,-80.4,358.0,350.0,8.0,0.0,0.0,0.0,0.0,74.0,44.0,34.0,0.0,0.0,358.0,0.0,0.0
Vero Beach,FL,INDIAN RIVER,2023-12-01,2023,12,1,Winter,10,27.7,-80.5,358.0,350.0,8.0,0.0,0.0,0.0,0.0,74.0,44.0,34.0,0.0,0.0,358.0,0.0,0.0
Verona,MO,LAWRENCE,2023-10-05,2023,10,5,Fall,1,37.0,-93.8,,,,,,,,,,,,,,,
Verona,NJ,ESSEX,2023-07-31,2023,7,31,Summer,5,40.8,-74.3,,,,,,,,,,,,,,,
Verona,NJ,ESSEX,2023-09-04,2023,9,4,Fall,2,40.8,-74.2,,,,,,,,,,,,,,,
Verona,WI,DANE,2023-07-25,2023,7,25,Summer,8,43.0,-89.5,365.0,184.0,157.0,20.0,1.0,3.0,0.0,268.0,80.0,50.0,0.0,0.0,105.0,260.0,0.0
Verona,WI,DANE,2023-09-01,2023,9,1,Fall,20,43.0,-89.5,365.0,184.0,157.0,20.0,1.0,3.0,0.0,268.0,80.0,50.0,0.0,0.0,105.0,260.0,0.0
Verona,WI,DANE,2023-09-09,2023,9,9,Fall,6,43.0,-89.5,365.0,184.0,157.0,20.0,1.0,3.0,0.0,268.0,80.0,50.0,0.0,0.0,105.0,260.0,0.0
Verona Beach,NY,ONEIDA,2023-08-06,2023,8,6,Summer,1,43.2,-75.7,351.0,275.0,70.0,3.0,3.0,0.0,0.0,190.0,56.0,32.0,0.0,0.0,0.0,351.0,0.0
Versailles,IL,BROWN,2023-09-13,2023,9,13,Fall,3,39.9,-90.7,,,,,,,,,,,,,,,
Versailles,IL,BROWN,2023-10-04,2023,10,4,Fall,7,39.9,-90.7,,,,,,,,,,,,,,,
Vienna,VA,FAIRFAX,2023-05-25,2023,5,25,Spring,6,38.9,-77.3,365.0,217.0,138.0,7.0,2.0,1.0,0.0,222.0,69.0,46.0,0.0,19.0,130.0,216.0,0.0
Vienna,VA,FAIRFAX,2023-08-01,2023,8,1,Summer,6,38.9,-77.2,365.0,217.0,138.0,7.0,2.0,1.0,0.0,222.0,69.0,46.0,0.0,19.0,130.0,216.0,0.0
Vienna,VA,FAIRFAX,2023-08-04,2023,8,4,Summer,6,38.9,-77.2,365.0,217.0,138.0,7.0,2.0,1.0,0.0,222.0,69.0,46.0,0.0,19.0,130.0,216.0,0.0
Vienna,VA,FAIRFAX,2023-09-18,2023,9,18,Fall,6,38.9,-77.3,365.0,217.0,138.0,7.0,2.0,1.0,0.0,222.0,69.0,46.0,0.0,19.0,130.0,216.0,0.0
Vienna,VA,FAIRFAX,2023-10-03,2023,10,3,Fall,6,38.9,-77.3,365.0,217.0,138.0,7.0,2.0,1.0,0.0,222.0,69.0,46.0,0.0,19.0,130.0,216.0,0.0
Vienna,VA,FAIRFAX,2023-10-05,2023,10,5,Fall,6,38.9,-77.3,365.0,217.0,138.0,7.0,2.0,1.0,0.0,222.0,69.0,46.0,0.0,19.0,130.0,216.0,0.0
Vienna,VA,FAIRFAX,2023-10-29,2023,10,29,Fall,6,38.9,-77.3,365.0,217.0,138.0,7.0,2.0,1.0,0.0,222.0,69.0,46.0,0.0,19.0,130.0,216.0,0.0
Vienna,VA,FAIRFAX,2023-11-07,2023,11,7,Fall,6,38.9,-77.3,365.0,217.0,138.0,7.0,2.0,1.0,0.0,222.0,69.0,46.0,0.0,19.0,130.0,216.0,0.0
Vineland,NJ,CUMBERLAND,2023-08-19,2023,8,19,Summer,3,39.5,-75.0,361.0,262.0,94.0,3.0,1.0,1.0,0.0,203.0,61.0,43.0,0.0,3.0,199.0,159.0,0.0
Virginia Beach,VA,VIRGINIA BEACH CITY,2023-07-25,2023,7,25,Summer,30,36.9,-76.1,364.0,246.0,117.0,0.0,1.0,0.0,0.0,167.0,60.0,41.0,0.0,0.0,0.0,364.0,0.0
Virginia Beach,VA,VIRGINIA BEACH CITY,2023-07-28,2023,7,28,Summer,20,36.7,-76.1,364.0,246.0,117.0,0.0,1.0,0.0,0.0,167.0,60.0,41.0,0.0,0.0,0.0,364.0,0.0
Virginia Beach,VA,VIRGINIA BEACH CITY,2023-08-02,2023,8,2,Summer,40,36.8,-76.1,364.0,246.0,117.0,0.0,1.0,0.0,0.0,167.0,60.0,41.0,0.0,0.0,0.0,364.0,0.0
Virginia Beach,VA,VIRGINIA BEACH CITY,2023-08-20,2023,8,20,Summer,20,36.8,-76.1,364.0,246.0,117.0,0.0,1.0,0.0,0.0,167.0,60.0,41.0,0.0,0.0,0.0,364.0,0.0
Vista,CA,SAN DIEGO,2023-08-06,2023,8,6,Summer,1,33.2,-117.2,365.0,61.0,260.0,44.0,0.0,0.0,0.0,150.0,101.0,67.0,0.0,1.0,185.0,151.0,28.0
Vonore,TN,MONROE,2023-10-20,2023,10,20,Fall,2,35.6,-84.2,,,,,,,,,,,,,,,
Waco,TX,MCLENNAN,2023-03-22,2023,3,22,Spring,13,31.5,-97.3,365.0,169.0,188.0,8.0,0.0,0.0,0.0,129.0,75.0,52.0,4.0,0.0,123.0,238.0,0.0
Waco,TX,MCLENNAN,2023-09-27,2023,9,27,Fall,13,31.6,-97.1,365.0,169.0,188.0,8.0,0.0,0.0,0.0,129.0,75.0,52.0,4.0,0.0,123.0,238.0,0.0
Waco,TX,MCLENNAN,2023-10-08,2023,10,8,Fall,13,31.6,-97.1,365.0,169.0,188.0,8.0,0.0,0.0,0.0,129.0,75.0,52.0,4.0,0.0,123.0,238.0,0.0
Waco,TX,MCLENNAN,2023-10-09,2023,10,9,Fall,13,31.6,-97.2,365.0,169.0,188.0,8.0,0.0,0.0,0.0,129.0,75.0,52.0,4.0,0.0,123.0,238.0,0.0
Wading River,NY,SUFFOLK,2023-09-16,2023,9,16,Fall,36,40.9,-72.8,365.0,278.0,74.0,11.0,2.0,0.0,0.0,195.0,62.0,41.0,0.0,1.0,278.0,86.0,0.0
Wading River,NY,SUFFOLK,2023-10-04,2023,10,4,Fall,3,40.9,-72.8,365.0,278.0,74.0,11.0,2.0,0.0,0.0,195.0,62.0,41.0,0.0,1.0,278.0,86.0,0.0
Wadsworth,OH,MEDINA,2023-07-10,2023,7,10,Summer,1,41.0,-81.7,363.0,228.0,125.0,7.0,2.0,1.0,0.0,285.0,72.0,44.0,0.0,0.0,137.0,226.0,0.0
Wadsworth,OH,MEDINA,2023-08-17,2023,8,17,Summer,1,41.0,-81.8,363.0,228.0,125.0,7.0,2.0,1.0,0.0,285.0,72.0,44.0,0.0,0.0,137.0,226.0,0.0
Wake Forest,NC,WAKE,2023-04-14,2023,4,14,Spring,1,36.0,-78.6,365.0,190.0,170.0,5.0,0.0,0.0,0.0,130.0,66.0,49.0,0.0,1.0,108.0,256.0,0.0
Wake Forest,NC,WAKE,2023-05-07,2023,5,7,Spring,1,36.0,-78.6,365.0,190.0,170.0,5.0,0.0,0.0,0.0,130.0,66.0,49.0,0.0,1.0,108.0,256.0,0.0
Wake Forest,NC,WAKE,2023-06-03,2023,6,3,Summer,1,36.0,-78.6,365.0,190.0,170.0,5.0,0.0,0.0,0.0,130.0,66.0,49.0,0.0,1.0,108.0,256.0,0.0
Wake Forest,NC,WAKE,2023-06-14,2023,6,14,Summer,1,36.0,-78.6,365.0,190.0,170.0,5.0,0.0,0.0,0.0,130.0,66.0,49.0,0.0,1.0,108.0,256.0,0.0
Wake Forest,NC,WAKE,2023-07-01,2023,7,1,Summer,1,36.0,-78.5,365.0,190.0,170.0,5.0,0.0,0.0,0.0,130.0,66.0,49.0,0.0,1.0,108.0,256.0,0.0
Wake Forest,NC,WAKE,2023-07-24,2023,7,24,Summer,2,36.0,-78.6,365.0,190.0,170.0,5.0,0.0,0.0,0.0,130.0,66.0,49.0,0.0,1.0,108.0,256.0,0.0
Wake Forest,NC,WAKE,2023-07-25,2023,7,25,Summer,1,36.0,-78.6,365.0,190.0,170.0,5.0,0.0,0.0,0.0,130.0,66.0,49.0,0.0,1.0,108.0,256.0,0.0
Wake Forest,NC,WAKE,2023-07-27,2023,7,27,Summer,1,36.0,-78.5,365.0,190.0,170.0,5.0,0.0,0.0,0.0,130.0,66.0,49.0,0.0,1.0,108.0,256.0,0.0
Wake Forest,NC,WAKE,2023-08-01,2023,8,1,Summer,1,36.0,-78.6,365.0,190.0,170.0,5.0,0.0,0.0,0.0,130.0,66.0,49.0,0.0,1.0,108.0,256.0,0.0
Wake Forest,NC,WAKE,2023-08-03,2023,8,3,Summer,2,36.0,-78.6,365.0,190.0,170.0,5.0,0.0,0.0,0.0,130.0,66.0,49.0,0.0,1.0,108.0,256.0,0.0
Wake Forest,NC,WAKE,2023-08-11,2023,8,11,Summer,1,36.0,-78.5,365.0,190.0,170.0,5.0,0.0,0.0,0.0,130.0,66.0,49.0,0.0,1.0,108.0,256.0,0.0
Wake Forest,NC,WAKE,2023-08-15,2023,8,15,Summer,2,36.0,-78.6,365.0,190.0,170.0,5.0,0.0,0.0,0.0,130.0,66.0,49.0,0.0,1.0,108.0,256.0,0.0
Wake Forest,NC,WAKE,2023-08-18,2023,8,18,Summer,1,36.0,-78.5,365.0,190.0,170.0,5.0,0.0,0.0,0.0,130.0,66.0,49.0,0.0,1.0,108.0,256.0,0.0
Wake Forest,NC,WAKE,2023-08-27,2023,8,27,Summer,1,36.0,-78.5,365.0,190.0,170.0,5.0,0.0,0.0,0.0,130.0,66.0,49.0,0.0,1.0,108.0,256.0,0.0
Wake Forest,NC,WAKE,2023-08-28,2023,8,28,Summer,1,36.0,-78.5,365.0,190.0,170.0,5.0,0.0,0.0,0.0,130.0,66.0,49.0,0.0,1.0,108.0,256.0,0.0
Wake Forest,NC,WAKE,2023-08-29,2023,8,29,Summer,2,36.0,-78.6,365.0,190.0,170.0,5.0,0.0,0.0,0.0,130.0,66.0,49.0,0.0,1.0,108.0,256.0,0.0
Wake Forest,NC,WAKE,2023-09-10,2023,9,10,Fall,1,36.0,-78.5,365.0,190.0,170.0,5.0,0.0,0.0,0.0,130.0,66.0,49.0,0.0,1.0,108.0,256.0,0.0
Wake Forest,NC,WAKE,2023-09-26,2023,9,26,Fall,1,36.0,-78.5,365.0,190.0,170.0,5.0,0.0,0.0,0.0,130.0,66.0,49.0,0.0,1.0,108.0,256.0,0.0
Wake Forest,NC,WAKE,2023-09-29,2023,9,29,Fall,1,36.0,-78.6,365.0,190.0,170.0,5.0,0.0,0.0,0.0,130.0,66.0,49.0,0.0,1.0,108.0,256.0,0.0
Wake Forest,NC,WAKE,2023-10-06,2023,10,6,Fall,1,36.0,-78.5,365.0,190.0,170.0,5.0,0.0,0.0,0.0,130.0,66.0,49.0,0.0,1.0,108.0,256.0,0.0
Wake Forest,NC,WAKE,2023-10-19,2023,10,19,Fall,3,36.0,-78.5,365.0,190.0,170.0,5.0,0.0,0.0,0.0,130.0,66.0,49.0,0.0,1.0,108.0,256.0,0.0
Wake Forest,NC,WAKE,2023-10-22,2023,10,22,Fall,3,36.0,-78.6,365.0,190.0,170.0,5.0,0.0,0.0,0.0,130.0,66.0,49.0,0.0,1.0,108.0,256.0,0.0
Wake Forest,NC,WAKE,2023-10-23,2023,10,23,Fall,3,36.0,-78.6,365.0,190.0,170.0,5.0,0.0,0.0,0.0,130.0,66.0,49.0,0.0,1.0,108.0,256.0,0.0
Wake Forest,NC,WAKE,2023-10-28,2023,10,28,Fall,1,36.0,-78.6,365.0,190.0,170.0,5.0,0.0,0.0,0.0,130.0,66.0,49.0,0.0,1.0,108.0,256.0,0.0
Wake Forest,NC,WAKE,2023-10-29,2023,10,29,Fall,1,36.0,-78.5,365.0,190.0,170.0,5.0,0.0,0.0,0.0,130.0,66.0,49.0,0.0,1.0,108.0,256.0,0.0
Walcott,IA,SCOTT,2023-08-16,2023,8,16,Summer,12,41.6,-90.7,365.0,142.0,200.0,19.0,3.0,1.0,0.0,219.0,77.0,53.0,0.0,0.0,113.0,225.0,27.0
Walcott,IA,SCOTT,2023-08-24,2023,8,24,Summer,12,41.6,-90.7,365.0,142.0,200.0,19.0,3.0,1.0,0.0,219.0,77.0,53.0,0.0,0.0,113.0,225.0,27.0
Walcott,IA,SCOTT,2023-08-28,2023,8,28,Summer,9,41.6,-90.7,365.0,142.0,200.0,19.0,3.0,1.0,0.0,219.0,77.0,53.0,0.0,0.0,113.0,225.0,27.0
Walcott,IA,SCOTT,2023-09-04,2023,9,4,Fall,6,41.6,-90.7,365.0,142.0,200.0,19.0,3.0,1.0,0.0,219.0,77.0,53.0,0.0,0.0,113.0,225.0,27.0
Walcott,IA,SCOTT,2023-09-06,2023,9,6,Fall,6,41.6,-90.7,365.0,142.0,200.0,19.0,3.0,1.0,0.0,219.0,77.0,53.0,0.0,0.0,113.0,225.0,27.0
Walcott,IA,SCOTT,2023-09-12,2023,9,12,Fall,42,41.6,-90.7,365.0,142.0,200.0,19.0,3.0,1.0,0.0,219.0,77.0,53.0,0.0,0.0,113.0,225.0,27.0
Wales,MA,HAMPDEN,2023-07-26,2023,7,26,Summer,3,42.1,-72.3,365.0,220.0,139.0,4.0,2.0,0.0,0.0,153.0,62.0,46.0,0.0,1.0,130.0,234.0,0.0
Wales,WI,WAUKESHA,2023-08-18,2023,8,18,Summer,2,43.0,-88.4,360.0,171.0,167.0,19.0,1.0,2.0,0.0,270.0,80.0,52.0,0.0,0.0,110.0,250.0,0.0
Walkerton,IN,ST JOSEPH,2023-07-21,2023,7,21,Summer,1,41.4,-86.5,365.0,175.0,177.0,10.0,2.0,1.0,0.0,223.0,73.0,51.0,0.0,0.0,126.0,239.0,0.0
Walland,TN,BLOUNT,2023-10-05,2023,10,5,Fall,2,35.7,-83.8,365.0,224.0,133.0,8.0,0.0,0.0,0.0,137.0,67.0,46.0,0.0,0.0,203.0,162.0,0.0
Walland,TN,BLOUNT,2023-10-14,2023,10,14,Fall,2,35.8,-83.8,365.0,224.0,133.0,8.0,0.0,0.0,0.0,137.0,67.0,46.0,0.0,0.0,203.0,162.0,0.0
Wanaque,NJ,PASSAIC,2023-07-11,2023,7,11,Summer,2,41.0,-74.3,353.0,241.0,104.0,4.0,4.0,0.0,0.0,199.0,63.0,42.0,0.0,0.0,133.0,220.0,0.0
Wanaque,NJ,PASSAIC,2023-07-14,2023,7,14,Summer,2,41.0,-74.3,353.0,241.0,104.0,4.0,4.0,0.0,0.0,199.0,63.0,42.0,0.0,0.0,133.0,220.0,0.0
Wanaque,NJ,PASSAIC,2023-07-28,2023,7,28,Summer,2,41.0,-74.3,353.0,241.0,104.0,4.0,4.0,0.0,0.0,199.0,63.0,42.0,0.0,0.0,133.0,220.0,0.0
Wanaque,NJ,PASSAIC,2023-07-31,2023,7,31,Summer,2,41.0,-74.3,353.0,241.0,104.0,4.0,4.0,0.0,0.0,199.0,63.0,42.0,0.0,0.0,133.0,220.0,0.0
Wanaque,NJ,PASSAIC,2023-08-02,2023,8,2,Summer,4,41.0,-74.3,353.0,241.0,104.0,4.0,4.0,0.0,0.0,199.0,63.0,42.0,0.0,0.0,133.0,220.0,0.0
Wanaque,NJ,PASSAIC,2023-09-09,2023,9,9,Fall,4,41.0,-74.3,353.0,241.0,104.0,4.0,4.0,0.0,0.0,199.0,63.0,42.0,0.0,0.0,133.0,220.0,0.0
Wanaque,NJ,PASSAIC,2023-10-02,2023,10,2,Fall,2,41.0,-74.3,353.0,241.0,104.0,4.0,4.0,0.0,0.0,199.0,63.0,42.0,0.0,0.0,133.0,220.0,0.0
Wanaque,NJ,PASSAIC,2023-10-04,2023,10,4,Fall,2,41.0,-74.3,353.0,241.0,104.0,4.0,4.0,0.0,0.0,199.0,63.0,42.0,0.0,0.0,133.0,220.0,0.0
Wappingers Falls,NY,DUTCHESS,2023-07-17,2023,7,17,Summer,4,41.5,-74.0,347.0,333.0,13.0,1.0,0.0,0.0,0.0,108.0,46.0,33.0,0.0,0.0,347.0,0.0,0.0
Wappingers Falls,NY,DUTCHESS,2023-07-20,2023,7,20,Summer,4,41.6,-73.8,347.0,333.0,13.0,1.0,0.0,0.0,0.0,108.0,46.0,33.0,0.0,0.0,347.0,0.0,0.0
Wappingers Falls,NY,DUTCHESS,2023-07-22,2023,7,22,Summer,12,41.6,-73.8,347.0,333.0,13.0,1.0,0.0,0.0,0.0,108.0,46.0,33.0,0.0,0.0,347.0,0.0,0.0
Wappingers Falls,NY,DUTCHESS,2023-07-26,2023,7,26,Summer,8,41.6,-73.8,347.0,333.0,13.0,1.0,0.0,0.0,0.0,108.0,46.0,33.0,0.0,0.0,347.0,0.0,0.0
Wappingers Falls,NY,DUTCHESS,2023-08-13,2023,8,13,Summer,4,41.6,-73.8,347.0,333.0,13.0,1.0,0.0,0.0,0.0,108.0,46.0,33.0,0.0,0.0,347.0,0.0,0.0
Wappingers Falls,NY,DUTCHESS,2023-08-14,2023,8,14,Summer,8,41.5,-74.0,347.0,333.0,13.0,1.0,0.0,0.0,0.0,108.0,46.0,33.0,0.0,0.0,347.0,0.0,0.0
Wappingers Falls,NY,DUTCHESS,2023-08-16,2023,8,16,Summer,8,41.5,-74.0,347.0,333.0,13.0,1.0,0.0,0.0,0.0,108.0,46.0,33.0,0.0,0.0,347.0,0.0,0.0
Wappingers Falls,NY,DUTCHESS,2023-08-17,2023,8,17,Summer,8,41.5,-74.0,347.0,333.0,13.0,1.0,0.0,0.0,0.0,108.0,46.0,33.0,0.0,0.0,347.0,0.0,0.0
Wappingers Falls,NY,DUTCHESS,2023-08-20,2023,8,20,Summer,40,41.5,-74.0,347.0,333.0,13.0,1.0,0.0,0.0,0.0,108.0,46.0,33.0,0.0,0.0,347.0,0.0,0.0
Wappingers Falls,NY,DUTCHESS,2023-08-21,2023,8,21,Summer,36,41.5,-74.0,347.0,333.0,13.0,1.0,0.0,0.0,0.0,108.0,46.0,33.0,0.0,0.0,347.0,0.0,0.0
Wappingers Falls,NY,DUTCHESS,2023-08-22,2023,8,22,Summer,16,41.5,-74.0,347.0,333.0,13.0,1.0,0.0,0.0,0.0,108.0,46.0,33.0,0.0,0.0,347.0,0.0,0.0
Wappingers Falls,NY,DUTCHESS,2023-08-26,2023,8,26,Summer,12,41.5,-74.0,347.0,333.0,13.0,1.0,0.0,0.0,0.0,108.0,46.0,33.0,0.0,0.0,347.0,0.0,0.0
Wappingers Falls,NY,DUTCHESS,2023-08-28,2023,8,28,Summer,16,41.5,-74.0,347.0,333.0,13.0,1.0,0.0,0.0,0.0,108.0,46.0,33.0,0.0,0.0,347.0,0.0,0.0
Wappingers Falls,NY,DUTCHESS,2023-08-29,2023,8,29,Summer,4,41.5,-74.0,347.0,333.0,13.0,1.0,0.0,0.0,0.0,108.0,46.0,33.0,0.0,0.0,347.0,0.0,0.0
Wappingers Falls,NY,DUTCHESS,2023-08-30,2023,8,30,Summer,20,41.5,-74.0,347.0,333.0,13.0,1.0,0.0,0.0,0.0,108.0,46.0,33.0,0.0,0.0,347.0,0.0,0.0
Wappingers Falls,NY,DUTCHESS,2023-09-01,2023,9,1,Fall,4,41.5,-74.0,347.0,333.0,13.0,1.0,0.0,0.0,0.0,108.0,46.0,33.0,0.0,0.0,347.0,0.0,0.0
Wappingers Falls,NY,DUTCHESS,2023-09-03,2023,9,3,Fall,12,41.5,-74.0,347.0,333.0,13.0,1.0,0.0,0.0,0.0,108.0,46.0,33.0,0.0,0.0,347.0,0.0,0.0
Wappingers Falls,NY,DUTCHESS,2023-09-11,2023,9,11,Fall,8,41.5,-74.0,347.0,333.0,13.0,1.0,0.0,0.0,0.0,108.0,46.0,33.0,0.0,0.0,347.0,0.0,0.0
Wappingers Falls,NY,DUTCHESS,2023-09-27,2023,9,27,Fall,12,41.5,-74.0,347.0,333.0,13.0,1.0,0.0,0.0,0.0,108.0,46.0,33.0,0.0,0.0,347.0,0.0,0.0
Wappingers Falls,NY,DUTCHESS,2023-10-11,2023,10,11,Fall,8,41.5,-74.0,347.0,333.0,13.0,1.0,0.0,0.0,0.0,108.0,46.0,33.0,0.0,0.0,347.0,0.0,0.0
Wareham,MA,PLYMOUTH,2023-07-28,2023,7,28,Summer,2,41.8,-70.7,365.0,278.0,83.0,4.0,0.0,0.0,0.0,114.0,58.0,40.0,0.0,0.0,210.0,155.0,0.0
Wareham,MA,PLYMOUTH,2023-08-02,2023,8,2,Summer,2,41.7,-70.7,365.0,278.0,83.0,4.0,0.0,0.0,0.0,114.0,58.0,40.0,0.0,0.0,210.0,155.0,0.0
Warner Robins,GA,HOUSTON,2023-10-16,2023,10,16,Fall,48,32.5,-83.7,365.0,190.0,174.0,0.0,1.0,0.0,0.0,152.0,66.0,49.0,0.0,0.0,0.0,365.0,0.0
Warner Robins,GA,HOUSTON,2023-12-23,2023,12,23,Winter,12,32.6,-83.6,365.0,190.0,174.0,0.0,1.0,0.0,0.0,152.0,66.0,49.0,0.0,0.0,0.0,365.0,0.0
Warren,MI,MACOMB,2023-06-18,2023,6,18,Summer,2,42.5,-83.0,364.0,182.0,170.0,8.0,4.0,0.0,0.0,195.0,75.0,51.0,0.0,0.0,120.0,244.0,0.0
Warren,MI,MACOMB,2023-09-30,2023,9,30,Fall,2,42.5,-83.1,364.0,182.0,170.0,8.0,4.0,0.0,0.0,195.0,75.0,51.0,0.0,0.0,120.0,244.0,0.0
Warrens,WI,MONROE,2023-07-01,2023,7,1,Summer,3,44.1,-90.5,365.0,252.0,108.0,3.0,2.0,0.0,0.0,173.0,60.0,37.0,0.0,0.0,0.0,365.0,0.0
Warsaw,VA,RICHMOND,2023-07-28,2023,7,28,Summer,3,38.1,-76.9,,,,,,,,,,,,,,,
Warsaw,VA,RICHMOND,2023-08-14,2023,8,14,Summer,3,38.1,-76.9,,,,,,,,,,,,,,,
Warsaw,VA,RICHMOND,2023-09-19,2023,9,19,Fall,3,38.1,-76.9,,,,,,,,,,,,,,,
Warsaw,VA,RICHMOND,2023-10-03,2023,10,3,Fall,3,38.1,-76.9,,,,,,,,,,,,,,,
Warsaw,VA,RICHMOND,2023-10-04,2023,10,4,Fall,3,38.1,-76.9,,,,,,,,,,,,,,,
Warsaw,VA,RICHMOND,2023-10-09,2023,10,9,Fall,3,38.1,-76.9,,,,,,,,,,,,,,,
Warsaw,VA,RICHMOND,2023-10-19,2023,10,19,Fall,6,38.0,-76.8,,,,,,,,,,,,,,,
Warsaw,VA,RICHMOND,2023-10-26,2023,10,26,Fall,3,38.0,-76.9,,,,,,,,,,,,,,,
Warwick,NY,ORANGE,2023-08-31,2023,8,31,Summer,1,41.2,-74.4,357.0,270.0,81.0,3.0,3.0,0.0,0.0,185.0,58.0,34.0,0.0,0.0,0.0,357.0,0.0
Warwick,NY,ORANGE,2023-09-10,2023,9,10,Fall,1,41.2,-74.4,357.0,270.0,81.0,3.0,3.0,0.0,0.0,185.0,58.0,34.0,0.0,0.0,0.0,357.0,0.0
Warwick,NY,ORANGE,2023-09-14,2023,9,14,Fall,1,41.2,-74.4,357.0,270.0,81.0,3.0,3.0,0.0,0.0,185.0,58.0,34.0,0.0,0.0,0.0,357.0,0.0
Warwick,NY,ORANGE,2023-10-28,2023,10,28,Fall,1,41.2,-74.4,357.0,270.0,81.0,3.0,3.0,0.0,0.0,185.0,58.0,34.0,0.0,0.0,0.0,357.0,0.0
Warwick,RI,KENT,2023-08-08,2023,8,8,Summer,2,41.7,-71.4,357.0,287.0,66.0,4.0,0.0,0.0,0.0,126.0,55.0,40.0,0.0,0.0,156.0,201.0,0.0
Washburn,ND,MCLEAN,2023-07-30,2023,7,30,Summer,2,47.3,-101.1,,,,,,,,,,,,,,,
Washington,MI,MACOMB,2023-07-20,2023,7,20,Summer,4,42.7,-83.0,364.0,182.0,170.0,8.0,4.0,0.0,0.0,195.0,75.0,51.0,0.0,0.0,120.0,244.0,0.0
Washington,MI,MACOMB,2023-10-06,2023,10,6,Fall,4,42.7,-83.0,364.0,182.0,170.0,8.0,4.0,0.0,0.0,195.0,75.0,51.0,0.0,0.0,120.0,244.0,0.0
Washington,MO,FRANKLIN,2023-07-29,2023,7,29,Summer,3,38.5,-91.0,,,,,,,,,,,,,,,
Washington,MO,FRANKLIN,2023-09-02,2023,9,2,Fall,3,38.5,-91.0,,,,,,,,,,,,,,,
Washington Court House,OH,FAYETTE,2023-09-30,2023,9,30,Fall,4,39.5,-83.4,,,,,,,,,,,,,,,
Washington Court House,OH,FAYETTE,2023-10-03,2023,10,3,Fall,4,39.5,-83.4,,,,,,,,,,,,,,,
Washington Court House,OH,FAYETTE,2023-10-12,2023,10,12,Fall,4,39.5,-83.4,,,,,,,,,,,,,,,
Washington Court House,OH,FAYETTE,2023-10-23,2023,10,23,Fall,4,39.5,-83.4,,,,,,,,,,,,,,,
Washington Court House,OH,FAYETTE,2023-11-06,2023,11,6,Fall,4,39.5,-83.4,,,,,,,,,,,,,,,
Washougal,WA,CLARK,2023-09-05,2023,9,5,Fall,1,45.6,-122.4,365.0,281.0,82.0,0.0,2.0,0.0,0.0,153.0,59.0,35.0,0.0,0.0,117.0,248.0,0.0
Watertown,CT,LITCHFIELD,2023-09-05,2023,9,5,Fall,2,41.6,-73.1,364.0,285.0,72.0,3.0,4.0,0.0,0.0,183.0,59.0,38.0,6.0,0.0,263.0,95.0,0.0
Watertown,MA,MIDDLESEX,2023-07-28,2023,7,28,Summer,5,42.4,-71.2,365.0,281.0,83.0,1.0,0.0,0.0,0.0,101.0,57.0,39.0,0.0,7.0,193.0,165.0,0.0
Watertown,MA,MIDDLESEX,2023-07-29,2023,7,29,Summer,15,42.4,-71.2,365.0,281.0,83.0,1.0,0.0,0.0,0.0,101.0,57.0,39.0,0.0,7.0,193.0,165.0,0.0
Waterville,ME,KENNEBEC,2023-09-01,2023,9,1,Fall,3,44.6,-69.7,299.0,242.0,57.0,0.0,0.0,0.0,0.0,92.0,59.0,37.0,0.0,0.0,136.0,161.0,2.0
Waterville,ME,KENNEBEC,2023-09-03,2023,9,3,Fall,3,44.5,-69.6,299.0,242.0,57.0,0.0,0.0,0.0,0.0,92.0,59.0,37.0,0.0,0.0,136.0,161.0,2.0
Waterville,ME,KENNEBEC,2023-10-04,2023,10,4,Fall,3,44.5,-69.6,299.0,242.0,57.0,0.0,0.0,0.0,0.0,92.0,59.0,37.0,0.0,0.0,136.0,161.0,2.0
Watervliet,NY,ALBANY,2023-10-12,2023,10,12,Fall,3,42.8,-73.7,365.0,245.0,113.0,4.0,3.0,0.0,0.0,186.0,62.0,42.0,0.0,0.0,115.0,250.0,0.0
Watonga,OK,BLAINE,2023-05-12,2023,5,12,Spring,1,35.8,-98.5,,,,,,,,,,,,,,,
Watsonville,CA,SANTA CRUZ,2023-09-27,2023,9,27,Fall,7,36.9,-121.8,365.0,300.0,64.0,1.0,0.0,0.0,0.0,130.0,53.0,36.0,0.0,0.0,176.0,189.0,0.0
Watsonville,CA,SANTA CRUZ,2023-10-29,2023,10,29,Fall,7,37.0,-121.7,365.0,300.0,64.0,1.0,0.0,0.0,0.0,130.0,53.0,36.0,0.0,0.0,176.0,189.0,0.0
Waukee,IA,DALLAS,2023-10-18,2023,10,18,Fall,1,41.6,-93.9,,,,,,,,,,,,,,,
Waukesha,WI,WAUKESHA,2023-07-18,2023,7,18,Summer,2,43.0,-88.2,360.0,171.0,167.0,19.0,1.0,2.0,0.0,270.0,80.0,52.0,0.0,0.0,110.0,250.0,0.0
Waukesha,WI,WAUKESHA,2023-08-01,2023,8,1,Summer,2,43.0,-88.3,360.0,171.0,167.0,19.0,1.0,2.0,0.0,270.0,80.0,52.0,0.0,0.0,110.0,250.0,0.0
Waukesha,WI,WAUKESHA,2023-08-02,2023,8,2,Summer,4,43.0,-88.3,360.0,171.0,167.0,19.0,1.0,2.0,0.0,270.0,80.0,52.0,0.0,0.0,110.0,250.0,0.0
Waurika,OK,JEFFERSON,2023-08-18,2023,8,18,Summer,2,34.3,-98.0,231.0,152.0,74.0,5.0,0.0,0.0,0.0,133.0,74.0,46.0,0.0,0.0,231.0,0.0,0.0
Wausau,WI,MARATHON,2023-07-30,2023,7,30,Summer,2,45.0,-89.7,216.0,168.0,39.0,8.0,1.0,0.0,0.0,166.0,84.0,41.0,0.0,0.0,205.0,11.0,0.0
Wausau,WI,MARATHON,2023-07-31,2023,7,31,Summer,2,45.0,-89.7,216.0,168.0,39.0,8.0,1.0,0.0,0.0,166.0,84.0,41.0,0.0,0.0,205.0,11.0,0.0
Wausau,WI,MARATHON,2023-08-03,2023,8,3,Summer,2,45.0,-89.6,216.0,168.0,39.0,8.0,1.0,0.0,0.0,166.0,84.0,41.0,0.0,0.0,205.0,11.0,0.0
Wausau,WI,MARATHON,2023-08-04,2023,8,4,Summer,2,45.0,-89.7,216.0,168.0,39.0,8.0,1.0,0.0,0.0,166.0,84.0,41.0,0.0,0.0,205.0,11.0,0.0
Wausau,WI,MARATHON,2023-08-05,2023,8,5,Summer,2,45.0,-89.7,216.0,168.0,39.0,8.0,1.0,0.0,0.0,166.0,84.0,41.0,0.0,0.0,205.0,11.0,0.0
Wausau,WI,MARATHON,2023-09-27,2023,9,27,Fall,2,45.0,-89.6,216.0,168.0,39.0,8.0,1.0,0.0,0.0,166.0,84.0,41.0,0.0,0.0,205.0,11.0,0.0
Waverly,IL,MORGAN,2023-05-10,2023,5,10,Spring,1,39.6,-90.0,,,,,,,,,,,,,,,
Waverly,IL,MORGAN,2023-07-22,2023,7,22,Summer,5,39.6,-90.0,,,,,,,,,,,,,,,
Waverly,IL,MORGAN,2023-08-14,2023,8,14,Summer,7,39.6,-90.0,,,,,,,,,,,,,,,
Waverly,MN,WRIGHT,2023-08-03,2023,8,3,Summer,1,45.1,-93.9,349.0,183.0,145.0,18.0,3.0,0.0,0.0,186.0,87.0,49.0,0.0,0.0,113.0,236.0,0.0
Waverly,MN,WRIGHT,2023-08-19,2023,8,19,Summer,5,45.1,-94.0,349.0,183.0,145.0,18.0,3.0,0.0,0.0,186.0,87.0,49.0,0.0,0.0,113.0,236.0,0.0
Waverly,NE,LANCASTER,2023-09-07,2023,9,7,Fall,2,40.9,-96.5,283.0,197.0,83.0,2.0,1.0,0.0,0.0,160.0,64.0,42.0,0.0,0.0,212.0,71.0,0.0
Waxahachie,TX,ELLIS,2023-09-03,2023,9,3,Fall,1,32.5,-96.9,348.0,286.0,60.0,2.0,0.0,0.0,0.0,112.0,61.0,36.0,0.0,20.0,328.0,0.0,0.0
Waxhaw,NC,UNION,2023-07-31,2023,7,31,Summer,2,34.9,-80.7,245.0,201.0,43.0,1.0,0.0,0.0,0.0,101.0,67.0,43.0,0.0,0.0,245.0,0.0,0.0
Wayland,MA,MIDDLESEX,2023-06-15,2023,6,15,Summer,2,42.4,-71.4,365.0,281.0,83.0,1.0,0.0,0.0,0.0,101.0,57.0,39.0,0.0,7.0,193.0,165.0,0.0
Wayland,NY,STEUBEN,2023-08-06,2023,8,6,Summer,1,42.5,-77.6,365.0,274.0,83.0,3.0,4.0,1.0,0.0,256.0,64.0,40.0,0.0,0.0,212.0,153.0,0.0
Wayne,NJ,PASSAIC,2023-08-27,2023,8,27,Summer,35,41.0,-74.3,353.0,241.0,104.0,4.0,4.0,0.0,0.0,199.0,63.0,42.0,0.0,0.0,133.0,220.0,0.0
Wayne,PA,DELAWARE,2023-08-03,2023,8,3,Summer,10,40.0,-75.4,365.0,187.0,169.0,5.0,2.0,2.0,0.0,271.0,74.0,50.0,0.0,1.0,111.0,253.0,0.0
Waynesboro,PA,FRANKLIN,2023-09-14,2023,9,14,Fall,16,39.8,-77.6,301.0,267.0,32.0,2.0,0.0,0.0,0.0,133.0,51.0,39.0,0.0,0.0,301.0,0.0,0.0
Waynesboro,PA,FRANKLIN,2023-09-18,2023,9,18,Fall,32,39.8,-77.6,301.0,267.0,32.0,2.0,0.0,0.0,0.0,133.0,51.0,39.0,0.0,0.0,301.0,0.0,0.0
Waynesboro,PA,FRANKLIN,2023-09-19,2023,9,19,Fall,16,39.8,-77.6,301.0,267.0,32.0,2.0,0.0,0.0,0.0,133.0,51.0,39.0,0.0,0.0,301.0,0.0,0.0
Waynesboro,PA,FRANKLIN,2023-10-01,2023,10,1,Fall,16,39.8,-77.6,301.0,267.0,32.0,2.0,0.0,0.0,0.0,133.0,51.0,39.0,0.0,0.0,301.0,0.0,0.0
Waynesboro,PA,FRANKLIN,2023-10-02,2023,10,2,Fall,16,39.8,-77.6,301.0,267.0,32.0,2.0,0.0,0.0,0.0,133.0,51.0,39.0,0.0,0.0,301.0,0.0,0.0
Waynesboro,PA,FRANKLIN,2023-10-12,2023,10,12,Fall,16,39.8,-77.6,301.0,267.0,32.0,2.0,0.0,0.0,0.0,133.0,51.0,39.0,0.0,0.0,301.0,0.0,0.0
Waynesville,MO,PULASKI,2023-08-14,2023,8,14,Summer,2,37.9,-92.2,,,,,,,,,,,,,,,
Waynesville,NC,HAYWOOD,2023-09-27,2023,9,27,Fall,50,35.4,-83.1,278.0,204.0,69.0,5.0,0.0,0.0,0.0,112.0,71.0,45.0,0.0,0.0,245.0,33.0,0.0
Waynesville,NC,HAYWOOD,2023-11-19,2023,11,19,Fall,2,35.5,-83.0,278.0,204.0,69.0,5.0,0.0,0.0,0.0,112.0,71.0,45.0,0.0,0.0,245.0,33.0,0.0
Waynesville,OH,WARREN,2023-08-03,2023,8,3,Summer,8,39.5,-84.1,364.0,230.0,127.0,5.0,2.0,0.0,0.0,183.0,72.0,44.0,0.0,0.0,162.0,202.0,0.0
Waynesville,OH,WARREN,2023-09-19,2023,9,19,Fall,24,39.5,-84.1,364.0,230.0,127.0,5.0,2.0,0.0,0.0,183.0,72.0,44.0,0.0,0.0,162.0,202.0,0.0
Waynesville,OH,WARREN,2023-10-02,2023,10,2,Fall,8,39.5,-84.1,364.0,230.0,127.0,5.0,2.0,0.0,0.0,183.0,72.0,44.0,0.0,0.0,162.0,202.0,0.0
Waynesville,OH,WARREN,2023-10-12,2023,10,12,Fall,16,39.5,-84.1,364.0,230.0,127.0,5.0,2.0,0.0,0.0,183.0,72.0,44.0,0.0,0.0,162.0,202.0,0.0
Webb City,MO,JASPER,2023-07-29,2023,7,29,Summer,2,37.1,-94.5,365.0,288.0,73.0,4.0,0.0,0.0,0.0,119.0,65.0,42.0,0.0,0.0,228.0,0.0,137.0
Webb City,MO,JASPER,2023-08-10,2023,8,10,Summer,2,37.1,-94.5,365.0,288.0,73.0,4.0,0.0,0.0,0.0,119.0,65.0,42.0,0.0,0.0,228.0,0.0,137.0
Webb City,MO,JASPER,2023-09-13,2023,9,13,Fall,7,37.2,-94.5,365.0,288.0,73.0,4.0,0.0,0.0,0.0,119.0,65.0,42.0,0.0,0.0,228.0,0.0,137.0
Webb City,MO,JASPER,2023-10-10,2023,10,10,Fall,5,37.2,-94.5,365.0,288.0,73.0,4.0,0.0,0.0,0.0,119.0,65.0,42.0,0.0,0.0,228.0,0.0,137.0
Webster,NY,MONROE,2023-07-01,2023,7,1,Summer,1,43.3,-77.4,365.0,237.0,120.0,3.0,5.0,0.0,0.0,176.0,64.0,42.0,0.0,0.0,128.0,237.0,0.0
Webster,NY,MONROE,2023-07-30,2023,7,30,Summer,2,43.2,-77.5,365.0,237.0,120.0,3.0,5.0,0.0,0.0,176.0,64.0,42.0,0.0,0.0,128.0,237.0,0.0
Webster,NY,MONROE,2023-08-01,2023,8,1,Summer,1,43.2,-77.5,365.0,237.0,120.0,3.0,5.0,0.0,0.0,176.0,64.0,42.0,0.0,0.0,128.0,237.0,0.0
Webster,NY,MONROE,2023-08-03,2023,8,3,Summer,2,43.2,-77.5,365.0,237.0,120.0,3.0,5.0,0.0,0.0,176.0,64.0,42.0,0.0,0.0,128.0,237.0,0.0
Webster,NY,MONROE,2023-08-04,2023,8,4,Summer,6,43.3,-77.5,365.0,237.0,120.0,3.0,5.0,0.0,0.0,176.0,64.0,42.0,0.0,0.0,128.0,237.0,0.0
Webster,NY,MONROE,2023-08-06,2023,8,6,Summer,2,43.2,-77.4,365.0,237.0,120.0,3.0,5.0,0.0,0.0,176.0,64.0,42.0,0.0,0.0,128.0,237.0,0.0
Webster,NY,MONROE,2023-08-14,2023,8,14,Summer,2,43.2,-77.5,365.0,237.0,120.0,3.0,5.0,0.0,0.0,176.0,64.0,42.0,0.0,0.0,128.0,237.0,0.0
Webster,TX,HARRIS,2023-05-24,2023,5,24,Spring,2,29.6,-95.1,365.0,44.0,273.0,38.0,9.0,1.0,0.0,205.0,121.0,64.0,0.0,1.0,102.0,239.0,23.0
Webster,TX,HARRIS,2023-05-30,2023,5,30,Spring,6,29.6,-95.1,365.0,44.0,273.0,38.0,9.0,1.0,0.0,205.0,121.0,64.0,0.0,1.0,102.0,239.0,23.0
Webster,TX,HARRIS,2023-06-07,2023,6,7,Summer,6,29.6,-95.1,365.0,44.0,273.0,38.0,9.0,1.0,0.0,205.0,121.0,64.0,0.0,1.0,102.0,239.0,23.0
Webster,TX,HARRIS,2023-08-04,2023,8,4,Summer,2,29.6,-95.1,365.0,44.0,273.0,38.0,9.0,1.0,0.0,205.0,121.0,64.0,0.0,1.0,102.0,239.0,23.0
Webster,TX,HARRIS,2023-09-11,2023,9,11,Fall,2,29.6,-95.1,365.0,44.0,273.0,38.0,9.0,1.0,0.0,205.0,121.0,64.0,0.0,1.0,102.0,239.0,23.0
Webster,TX,HARRIS,2023-11-07,2023,11,7,Fall,2,29.6,-95.1,365.0,44.0,273.0,38.0,9.0,1.0,0.0,205.0,121.0,64.0,0.0,1.0,102.0,239.0,23.0
Webster,TX,HARRIS,2023-11-17,2023,11,17,Fall,2,29.6,-95.1,365.0,44.0,273.0,38.0,9.0,1.0,0.0,205.0,121.0,64.0,0.0,1.0,102.0,239.0,23.0
Weed,CA,SISKIYOU,2023-07-30,2023,7,30,Summer,6,41.5,-122.4,365.0,270.0,78.0,7.0,6.0,3.0,1.0,320.0,64.0,43.0,0.0,0.0,207.0,158.0,0.0
Wellington,CO,LARIMER,2023-07-29,2023,7,29,Summer,1,40.7,-105.0,365.0,175.0,185.0,4.0,1.0,0.0,0.0,156.0,77.0,51.0,0.0,0.0,304.0,61.0,0.0
Wellington,FL,PALM BEACH,2023-01-06,2023,1,6,Winter,7,26.6,-80.3,365.0,260.0,104.0,1.0,0.0,0.0,0.0,122.0,58.0,43.0,0.0,0.0,123.0,242.0,0.0
Wellington,FL,PALM BEACH,2023-01-08,2023,1,8,Winter,7,26.7,-80.3,365.0,260.0,104.0,1.0,0.0,0.0,0.0,122.0,58.0,43.0,0.0,0.0,123.0,242.0,0.0
Wellington,FL,PALM BEACH,2023-02-12,2023,2,12,Winter,7,26.7,-80.3,365.0,260.0,104.0,1.0,0.0,0.0,0.0,122.0,58.0,43.0,0.0,0.0,123.0,242.0,0.0
Wellington,FL,PALM BEACH,2023-03-16,2023,3,16,Spring,7,26.7,-80.3,365.0,260.0,104.0,1.0,0.0,0.0,0.0,122.0,58.0,43.0,0.0,0.0,123.0,242.0,0.0
Wellington,FL,PALM BEACH,2023-03-23,2023,3,23,Spring,7,26.7,-80.3,365.0,260.0,104.0,1.0,0.0,0.0,0.0,122.0,58.0,43.0,0.0,0.0,123.0,242.0,0.0
Wellington,FL,PALM BEACH,2023-03-25,2023,3,25,Spring,7,26.7,-80.3,365.0,260.0,104.0,1.0,0.0,0.0,0.0,122.0,58.0,43.0,0.0,0.0,123.0,242.0,0.0
Wellington,FL,PALM BEACH,2023-04-03,2023,4,3,Spring,7,26.7,-80.3,365.0,260.0,104.0,1.0,0.0,0.0,0.0,122.0,58.0,43.0,0.0,0.0,123.0,242.0,0.0
Wellington,FL,PALM BEACH,2023-04-12,2023,4,12,Spring,7,26.7,-80.3,365.0,260.0,104.0,1.0,0.0,0.0,0.0,122.0,58.0,43.0,0.0,0.0,123.0,242.0,0.0
Wellington,FL,PALM BEACH,2023-04-25,2023,4,25,Spring,7,26.7,-80.3,365.0,260.0,104.0,1.0,0.0,0.0,0.0,122.0,58.0,43.0,0.0,0.0,123.0,242.0,0.0
Wellington,FL,PALM BEACH,2023-05-07,2023,5,7,Spring,7,26.7,-80.3,365.0,260.0,104.0,1.0,0.0,0.0,0.0,122.0,58.0,43.0,0.0,0.0,123.0,242.0,0.0
Wellington,FL,PALM BEACH,2023-05-08,2023,5,8,Spring,7,26.7,-80.3,365.0,260.0,104.0,1.0,0.0,0.0,0.0,122.0,58.0,43.0,0.0,0.0,123.0,242.0,0.0
Wellington,FL,PALM BEACH,2023-06-04,2023,6,4,Summer,14,26.7,-80.3,365.0,260.0,104.0,1.0,0.0,0.0,0.0,122.0,58.0,43.0,0.0,0.0,123.0,242.0,0.0
Wellington,FL,PALM BEACH,2023-10-20,2023,10,20,Fall,14,26.7,-80.3,365.0,260.0,104.0,1.0,0.0,0.0,0.0,122.0,58.0,43.0,0.0,0.0,123.0,242.0,0.0
Wellington,FL,PALM BEACH,2023-10-28,2023,10,28,Fall,7,26.7,-80.3,365.0,260.0,104.0,1.0,0.0,0.0,0.0,122.0,58.0,43.0,0.0,0.0,123.0,242.0,0.0
Wellington,FL,PALM BEACH,2023-11-09,2023,11,9,Fall,14,26.7,-80.3,365.0,260.0,104.0,1.0,0.0,0.0,0.0,122.0,58.0,43.0,0.0,0.0,123.0,242.0,0.0
Wellington,FL,PALM BEACH,2023-11-27,2023,11,27,Fall,7,26.7,-80.3,365.0,260.0,104.0,1.0,0.0,0.0,0.0,122.0,58.0,43.0,0.0,0.0,123.0,242.0,0.0
Wellington,FL,PALM BEACH,2023-12-10,2023,12,10,Winter,28,26.7,-80.3,365.0,260.0,104.0,1.0,0.0,0.0,0.0,122.0,58.0,43.0,0.0,0.0,123.0,242.0,0.0
Wellington,MO,LAFAYETTE,2023-06-14,2023,6,14,Summer,3,39.1,-94.0,,,,,,,,,,,,,,,
Wellsboro,PA,TIOGA,2023-07-27,2023,7,27,Summer,36,41.8,-77.2,304.0,254.0,50.0,0.0,0.0,0.0,0.0,100.0,59.0,41.0,0.0,0.0,242.0,62.0,0.0
Wellston,OK,LINCOLN,2023-06-27,2023,6,27,Summer,3,35.7,-97.0,,,,,,,,,,,,,,,
Wendell,NC,WAKE,2023-10-29,2023,10,29,Fall,2,35.8,-78.4,365.0,190.0,170.0,5.0,0.0,0.0,0.0,130.0,66.0,49.0,0.0,1.0,108.0,256.0,0.0
Wendell,NC,WAKE,2023-10-30,2023,10,30,Fall,2,35.8,-78.4,365.0,190.0,170.0,5.0,0.0,0.0,0.0,130.0,66.0,49.0,0.0,1.0,108.0,256.0,0.0
Wentzville,MO,SAINT CHARLES,2023-09-25,2023,9,25,Fall,3,38.8,-90.8,245.0,156.0,74.0,15.0,0.0,0.0,0.0,147.0,87.0,45.0,0.0,0.0,245.0,0.0,0.0
Wernersville,PA,BERKS,2023-07-19,2023,7,19,Summer,1,40.3,-76.1,364.0,205.0,147.0,7.0,3.0,2.0,0.0,287.0,72.0,48.0,0.0,0.0,171.0,193.0,0.0
Wernersville,PA,BERKS,2023-08-06,2023,8,6,Summer,2,40.3,-76.1,364.0,205.0,147.0,7.0,3.0,2.0,0.0,287.0,72.0,48.0,0.0,0.0,171.0,193.0,0.0
Wernersville,PA,BERKS,2023-08-27,2023,8,27,Summer,1,40.3,-76.1,364.0,205.0,147.0,7.0,3.0,2.0,0.0,287.0,72.0,48.0,0.0,0.0,171.0,193.0,0.0
Wernersville,PA,BERKS,2023-09-04,2023,9,4,Fall,1,40.3,-76.1,364.0,205.0,147.0,7.0,3.0,2.0,0.0,287.0,72.0,48.0,0.0,0.0,171.0,193.0,0.0
Wernersville,PA,BERKS,2023-09-09,2023,9,9,Fall,2,40.3,-76.1,364.0,205.0,147.0,7.0,3.0,2.0,0.0,287.0,72.0,48.0,0.0,0.0,171.0,193.0,0.0
Wernersville,PA,BERKS,2023-09-13,2023,9,13,Fall,4,40.3,-76.1,364.0,205.0,147.0,7.0,3.0,2.0,0.0,287.0,72.0,48.0,0.0,0.0,171.0,193.0,0.0
Wernersville,PA,BERKS,2023-09-19,2023,9,19,Fall,2,40.3,-76.1,364.0,205.0,147.0,7.0,3.0,2.0,0.0,287.0,72.0,48.0,0.0,0.0,171.0,193.0,0.0
Wernersville,PA,BERKS,2023-09-30,2023,9,30,Fall,1,40.3,-76.1,364.0,205.0,147.0,7.0,3.0,2.0,0.0,287.0,72.0,48.0,0.0,0.0,171.0,193.0,0.0
Wernersville,PA,BERKS,2023-10-04,2023,10,4,Fall,1,40.3,-76.1,364.0,205.0,147.0,7.0,3.0,2.0,0.0,287.0,72.0,48.0,0.0,0.0,171.0,193.0,0.0
Wernersville,PA,BERKS,2023-10-05,2023,10,5,Fall,9,40.3,-76.1,364.0,205.0,147.0,7.0,3.0,2.0,0.0,287.0,72.0,48.0,0.0,0.0,171.0,193.0,0.0
Wernersville,PA,BERKS,2023-10-06,2023,10,6,Fall,1,40.3,-76.1,364.0,205.0,147.0,7.0,3.0,2.0,0.0,287.0,72.0,48.0,0.0,0.0,171.0,193.0,0.0
Wernersville,PA,BERKS,2023-10-10,2023,10,10,Fall,1,40.3,-76.1,364.0,205.0,147.0,7.0,3.0,2.0,0.0,287.0,72.0,48.0,0.0,0.0,171.0,193.0,0.0
Wernersville,PA,BERKS,2023-11-07,2023,11,7,Fall,1,40.3,-76.1,364.0,205.0,147.0,7.0,3.0,2.0,0.0,287.0,72.0,48.0,0.0,0.0,171.0,193.0,0.0
Weslaco,TX,HIDALGO,2023-02-14,2023,2,14,Winter,4,26.1,-98.0,357.0,206.0,151.0,0.0,0.0,0.0,0.0,95.0,68.0,44.0,0.0,0.0,19.0,338.0,0.0
West,TX,MCLENNAN,2023-08-04,2023,8,4,Summer,3,31.8,-97.1,365.0,169.0,188.0,8.0,0.0,0.0,0.0,129.0,75.0,52.0,4.0,0.0,123.0,238.0,0.0
West Bend,WI,WASHINGTON,2023-08-03,2023,8,3,Summer,9,43.4,-88.2,,,,,,,,,,,,,,,
West Boylston,MA,WORCESTER,2023-08-22,2023,8,22,Summer,6,42.4,-71.8,365.0,268.0,93.0,4.0,0.0,0.0,0.0,148.0,58.0,39.0,0.0,5.0,190.0,170.0,0.0
West Chicago,IL,DUPAGE,2023-05-21,2023,5,21,Spring,2,41.9,-88.2,365.0,146.0,202.0,11.0,4.0,2.0,0.0,234.0,77.0,53.0,0.0,0.0,101.0,264.0,0.0
West Des Moines,IA,POLK,2023-08-02,2023,8,2,Summer,6,41.6,-93.8,365.0,168.0,182.0,12.0,3.0,0.0,0.0,166.0,73.0,52.0,0.0,3.0,81.0,281.0,0.0
West Des Moines,IA,POLK,2023-08-03,2023,8,3,Summer,8,41.6,-93.8,365.0,168.0,182.0,12.0,3.0,0.0,0.0,166.0,73.0,52.0,0.0,3.0,81.0,281.0,0.0
West Des Moines,IA,POLK,2023-09-02,2023,9,2,Fall,2,41.6,-93.8,365.0,168.0,182.0,12.0,3.0,0.0,0.0,166.0,73.0,52.0,0.0,3.0,81.0,281.0,0.0
West Greenwich,RI,KENT,2023-07-14,2023,7,14,Summer,2,41.6,-71.6,357.0,287.0,66.0,4.0,0.0,0.0,0.0,126.0,55.0,40.0,0.0,0.0,156.0,201.0,0.0
West Hartford,CT,HARTFORD,2023-08-23,2023,8,23,Summer,10,41.8,-72.8,365.0,226.0,132.0,4.0,3.0,0.0,0.0,166.0,64.0,43.0,0.0,19.0,156.0,190.0,0.0
West Hartford,CT,HARTFORD,2023-08-24,2023,8,24,Summer,10,41.8,-72.7,365.0,226.0,132.0,4.0,3.0,0.0,0.0,166.0,64.0,43.0,0.0,19.0,156.0,190.0,0.0
West Hartford,CT,HARTFORD,2023-09-20,2023,9,20,Fall,10,41.7,-72.8,365.0,226.0,132.0,4.0,3.0,0.0,0.0,166.0,64.0,43.0,0.0,19.0,156.0,190.0,0.0
West Lafayette,IN,TIPPECANOE,2023-06-10,2023,6,10,Summer,4,40.4,-86.9,349.0,237.0,106.0,4.0,1.0,1.0,0.0,206.0,61.0,42.0,0.0,0.0,0.0,349.0,0.0
West Lafayette,IN,TIPPECANOE,2023-10-06,2023,10,6,Fall,4,40.4,-86.9,349.0,237.0,106.0,4.0,1.0,1.0,0.0,206.0,61.0,42.0,0.0,0.0,0.0,349.0,0.0
West Linn,OR,CLACKAMAS,2023-07-21,2023,7,21,Summer,4,45.4,-122.6,365.0,304.0,57.0,4.0,0.0,0.0,0.0,125.0,54.0,34.0,0.0,0.0,134.0,231.0,0.0
West Milford,NJ,PASSAIC,2023-08-07,2023,8,7,Summer,5,41.1,-74.4,353.0,241.0,104.0,4.0,4.0,0.0,0.0,199.0,63.0,42.0,0.0,0.0,133.0,220.0,0.0
West Nyack,NY,ROCKLAND,2023-08-19,2023,8,19,Summer,1,41.1,-74.0,363.0,288.0,66.0,6.0,3.0,0.0,0.0,197.0,58.0,38.0,0.0,0.0,222.0,141.0,0.0
West Palm Beach,FL,PALM BEACH,2023-01-02,2023,1,2,Winter,48,26.8,-80.0,365.0,260.0,104.0,1.0,0.0,0.0,0.0,122.0,58.0,43.0,0.0,0.0,123.0,242.0,0.0
West Palm Beach,FL,PALM BEACH,2023-01-04,2023,1,4,Winter,24,26.8,-80.0,365.0,260.0,104.0,1.0,0.0,0.0,0.0,122.0,58.0,43.0,0.0,0.0,123.0,242.0,0.0
West Palm Beach,FL,PALM BEACH,2023-01-05,2023,1,5,Winter,24,26.8,-80.0,365.0,260.0,104.0,1.0,0.0,0.0,0.0,122.0,58.0,43.0,0.0,0.0,123.0,242.0,0.0
West Palm Beach,FL,PALM BEACH,2023-01-10,2023,1,10,Winter,24,26.8,-80.0,365.0,260.0,104.0,1.0,0.0,0.0,0.0,122.0,58.0,43.0,0.0,0.0,123.0,242.0,0.0
West Palm Beach,FL,PALM BEACH,2023-01-15,2023,1,15,Winter,24,26.8,-80.0,365.0,260.0,104.0,1.0,0.0,0.0,0.0,122.0,58.0,43.0,0.0,0.0,123.0,242.0,0.0
West Palm Beach,FL,PALM BEACH,2023-01-16,2023,1,16,Winter,24,26.8,-80.0,365.0,260.0,104.0,1.0,0.0,0.0,0.0,122.0,58.0,43.0,0.0,0.0,123.0,242.0,0.0
West Palm Beach,FL,PALM BEACH,2023-01-17,2023,1,17,Winter,24,26.8,-80.0,365.0,260.0,104.0,1.0,0.0,0.0,0.0,122.0,58.0,43.0,0.0,0.0,123.0,242.0,0.0
West Palm Beach,FL,PALM BEACH,2023-01-18,2023,1,18,Winter,24,26.8,-80.0,365.0,260.0,104.0,1.0,0.0,0.0,0.0,122.0,58.0,43.0,0.0,0.0,123.0,242.0,0.0
West Palm Beach,FL,PALM BEACH,2023-01-19,2023,1,19,Winter,48,26.8,-80.0,365.0,260.0,104.0,1.0,0.0,0.0,0.0,122.0,58.0,43.0,0.0,0.0,123.0,242.0,0.0
West Palm Beach,FL,PALM BEACH,2023-01-25,2023,1,25,Winter,24,26.8,-80.0,365.0,260.0,104.0,1.0,0.0,0.0,0.0,122.0,58.0,43.0,0.0,0.0,123.0,242.0,0.0
West Palm Beach,FL,PALM BEACH,2023-02-08,2023,2,8,Winter,24,26.8,-80.0,365.0,260.0,104.0,1.0,0.0,0.0,0.0,122.0,58.0,43.0,0.0,0.0,123.0,242.0,0.0
West Palm Beach,FL,PALM BEACH,2023-02-11,2023,2,11,Winter,24,26.8,-80.0,365.0,260.0,104.0,1.0,0.0,0.0,0.0,122.0,58.0,43.0,0.0,0.0,123.0,242.0,0.0
West Palm Beach,FL,PALM BEACH,2023-02-17,2023,2,17,Winter,48,26.8,-80.0,365.0,260.0,104.0,1.0,0.0,0.0,0.0,122.0,58.0,43.0,0.0,0.0,123.0,242.0,0.0
West Palm Beach,FL,PALM BEACH,2023-03-01,2023,3,1,Spring,24,26.8,-80.0,365.0,260.0,104.0,1.0,0.0,0.0,0.0,122.0,58.0,43.0,0.0,0.0,123.0,242.0,0.0
West Palm Beach,FL,PALM BEACH,2023-03-02,2023,3,2,Spring,24,26.8,-80.0,365.0,260.0,104.0,1.0,0.0,0.0,0.0,122.0,58.0,43.0,0.0,0.0,123.0,242.0,0.0
West Palm Beach,FL,PALM BEACH,2023-03-05,2023,3,5,Spring,48,26.8,-80.0,365.0,260.0,104.0,1.0,0.0,0.0,0.0,122.0,58.0,43.0,0.0,0.0,123.0,242.0,0.0
West Palm Beach,FL,PALM BEACH,2023-03-06,2023,3,6,Spring,48,26.8,-80.0,365.0,260.0,104.0,1.0,0.0,0.0,0.0,122.0,58.0,43.0,0.0,0.0,123.0,242.0,0.0
West Palm Beach,FL,PALM BEACH,2023-03-07,2023,3,7,Spring,24,26.8,-80.0,365.0,260.0,104.0,1.0,0.0,0.0,0.0,122.0,58.0,43.0,0.0,0.0,123.0,242.0,0.0
West Palm Beach,FL,PALM BEACH,2023-03-08,2023,3,8,Spring,24,26.8,-80.0,365.0,260.0,104.0,1.0,0.0,0.0,0.0,122.0,58.0,43.0,0.0,0.0,123.0,242.0,0.0
West Palm Beach,FL,PALM BEACH,2023-03-09,2023,3,9,Spring,24,26.8,-80.0,365.0,260.0,104.0,1.0,0.0,0.0,0.0,122.0,58.0,43.0,0.0,0.0,123.0,242.0,0.0
West Palm Beach,FL,PALM BEACH,2023-03-14,2023,3,14,Spring,24,26.8,-80.0,365.0,260.0,104.0,1.0,0.0,0.0,0.0,122.0,58.0,43.0,0.0,0.0,123.0,242.0,0.0
West Palm Beach,FL,PALM BEACH,2023-03-31,2023,3,31,Spring,24,26.8,-80.0,365.0,260.0,104.0,1.0,0.0,0.0,0.0,122.0,58.0,43.0,0.0,0.0,123.0,242.0,0.0
West Palm Beach,FL,PALM BEACH,2023-04-03,2023,4,3,Spring,24,26.8,-80.0,365.0,260.0,104.0,1.0,0.0,0.0,0.0,122.0,58.0,43.0,0.0,0.0,123.0,242.0,0.0
West Palm Beach,FL,PALM BEACH,2023-04-06,2023,4,6,Spring,48,26.8,-80.0,365.0,260.0,104.0,1.0,0.0,0.0,0.0,122.0,58.0,43.0,0.0,0.0,123.0,242.0,0.0
West Palm Beach,FL,PALM BEACH,2023-04-08,2023,4,8,Spring,24,26.8,-80.0,365.0,260.0,104.0,1.0,0.0,0.0,0.0,122.0,58.0,43.0,0.0,0.0,123.0,242.0,0.0
West Palm Beach,FL,PALM BEACH,2023-04-11,2023,4,11,Spring,24,26.8,-80.0,365.0,260.0,104.0,1.0,0.0,0.0,0.0,122.0,58.0,43.0,0.0,0.0,123.0,242.0,0.0
West Palm Beach,FL,PALM BEACH,2023-04-14,2023,4,14,Spring,48,26.8,-80.0,365.0,260.0,104.0,1.0,0.0,0.0,0.0,122.0,58.0,43.0,0.0,0.0,123.0,242.0,0.0
West Palm Beach,FL,PALM BEACH,2023-04-16,2023,4,16,Spring,24,26.8,-80.0,365.0,260.0,104.0,1.0,0.0,0.0,0.0,122.0,58.0,43.0,0.0,0.0,123.0,242.0,0.0
West Palm Beach,FL,PALM BEACH,2023-04-19,2023,4,19,Spring,24,26.8,-80.0,365.0,260.0,104.0,1.0,0.0,0.0,0.0,122.0,58.0,43.0,0.0,0.0,123.0,242.0,0.0
West Palm Beach,FL,PALM BEACH,2023-04-20,2023,4,20,Spring,24,26.8,-80.0,365.0,260.0,104.0,1.0,0.0,0.0,0.0,122.0,58.0,43.0,0.0,0.0,123.0,242.0,0.0
West Palm Beach,FL,PALM BEACH,2023-04-21,2023,4,21,Spring,24,26.8,-80.0,365.0,260.0,104.0,1.0,0.0,0.0,0.0,122.0,58.0,43.0,0.0,0.0,123.0,242.0,0.0
West Palm Beach,FL,PALM BEACH,2023-04-22,2023,4,22,Spring,24,26.8,-80.0,365.0,260.0,104.0,1.0,0.0,0.0,0.0,122.0,58.0,43.0,0.0,0.0,123.0,242.0,0.0
West Palm Beach,FL,PALM BEACH,2023-04-23,2023,4,23,Spring,24,26.8,-80.0,365.0,260.0,104.0,1.0,0.0,0.0,0.0,122.0,58.0,43.0,0.0,0.0,123.0,242.0,0.0
West Palm Beach,FL,PALM BEACH,2023-04-24,2023,4,24,Spring,48,26.7,-80.3,365.0,260.0,104.0,1.0,0.0,0.0,0.0,122.0,58.0,43.0,0.0,0.0,123.0,242.0,0.0
West Palm Beach,FL,PALM BEACH,2023-05-04,2023,5,4,Spring,48,26.8,-80.0,365.0,260.0,104.0,1.0,0.0,0.0,0.0,122.0,58.0,43.0,0.0,0.0,123.0,242.0,0.0
West Palm Beach,FL,PALM BEACH,2023-05-05,2023,5,5,Spring,72,26.8,-80.0,365.0,260.0,104.0,1.0,0.0,0.0,0.0,122.0,58.0,43.0,0.0,0.0,123.0,242.0,0.0
West Palm Beach,FL,PALM BEACH,2023-05-06,2023,5,6,Spring,48,26.8,-80.0,365.0,260.0,104.0,1.0,0.0,0.0,0.0,122.0,58.0,43.0,0.0,0.0,123.0,242.0,0.0
West Palm Beach,FL,PALM BEACH,2023-05-07,2023,5,7,Spring,48,26.8,-80.0,365.0,260.0,104.0,1.0,0.0,0.0,0.0,122.0,58.0,43.0,0.0,0.0,123.0,242.0,0.0
West Palm Beach,FL,PALM BEACH,2023-05-08,2023,5,8,Spring,48,26.8,-80.0,365.0,260.0,104.0,1.0,0.0,0.0,0.0,122.0,58.0,43.0,0.0,0.0,123.0,242.0,0.0
West Palm Beach,FL,PALM BEACH,2023-05-09,2023,5,9,Spring,48,26.8,-80.0,365.0,260.0,104.0,1.0,0.0,0.0,0.0,122.0,58.0,43.0,0.0,0.0,123.0,242.0,0.0
West Palm Beach,FL,PALM BEACH,2023-05-10,2023,5,10,Spring,48,26.8,-80.0,365.0,260.0,104.0,1.0,0.0,0.0,0.0,122.0,58.0,43.0,0.0,0.0,123.0,242.0,0.0
West Palm Beach,FL,PALM BEACH,2023-05-11,2023,5,11,Spring,48,26.8,-80.0,365.0,260.0,104.0,1.0,0.0,0.0,0.0,122.0,58.0,43.0,0.0,0.0,123.0,242.0,0.0
West Palm Beach,FL,PALM BEACH,2023-05-15,2023,5,15,Spring,24,26.8,-80.0,365.0,260.0,104.0,1.0,0.0,0.0,0.0,122.0,58.0,43.0,0.0,0.0,123.0,242.0,0.0
West Palm Beach,FL,PALM BEACH,2023-05-16,2023,5,16,Spring,24,26.8,-80.0,365.0,260.0,104.0,1.0,0.0,0.0,0.0,122.0,58.0,43.0,0.0,0.0,123.0,242.0,0.0
West Palm Beach,FL,PALM BEACH,2023-05-18,2023,5,18,Spring,24,26.8,-80.0,365.0,260.0,104.0,1.0,0.0,0.0,0.0,122.0,58.0,43.0,0.0,0.0,123.0,242.0,0.0
West Palm Beach,FL,PALM BEACH,2023-05-21,2023,5,21,Spring,24,26.8,-80.0,365.0,260.0,104.0,1.0,0.0,0.0,0.0,122.0,58.0,43.0,0.0,0.0,123.0,242.0,0.0
West Palm Beach,FL,PALM BEACH,2023-05-22,2023,5,22,Spring,24,26.8,-80.0,365.0,260.0,104.0,1.0,0.0,0.0,0.0,122.0,58.0,43.0,0.0,0.0,123.0,242.0,0.0
West Palm Beach,FL,PALM BEACH,2023-05-23,2023,5,23,Spring,24,26.8,-80.0,365.0,260.0,104.0,1.0,0.0,0.0,0.0,122.0,58.0,43.0,0.0,0.0,123.0,242.0,0.0
West Palm Beach,FL,PALM BEACH,2023-05-24,2023,5,24,Spring,24,26.8,-80.0,365.0,260.0,104.0,1.0,0.0,0.0,0.0,122.0,58.0,43.0,0.0,0.0,123.0,242.0,0.0
West Palm Beach,FL,PALM BEACH,2023-05-25,2023,5,25,Spring,48,26.7,-80.3,365.0,260.0,104.0,1.0,0.0,0.0,0.0,122.0,58.0,43.0,0.0,0.0,123.0,242.0,0.0
West Palm Beach,FL,PALM BEACH,2023-05-26,2023,5,26,Spring,24,26.8,-80.0,365.0,260.0,104.0,1.0,0.0,0.0,0.0,122.0,58.0,43.0,0.0,0.0,123.0,242.0,0.0
West Palm Beach,FL,PALM BEACH,2023-05-28,2023,5,28,Spring,24,26.8,-80.0,365.0,260.0,104.0,1.0,0.0,0.0,0.0,122.0,58.0,43.0,0.0,0.0,123.0,242.0,0.0
West Palm Beach,FL,PALM BEACH,2023-05-29,2023,5,29,Spring,24,26.8,-80.0,365.0,260.0,104.0,1.0,0.0,0.0,0.0,122.0,58.0,43.0,0.0,0.0,123.0,242.0,0.0
West Palm Beach,FL,PALM BEACH,2023-05-30,2023,5,30,Spring,48,26.8,-80.0,365.0,260.0,104.0,1.0,0.0,0.0,0.0,122.0,58.0,43.0,0.0,0.0,123.0,242.0,0.0
West Palm Beach,FL,PALM BEACH,2023-05-31,2023,5,31,Spring,24,26.8,-80.0,365.0,260.0,104.0,1.0,0.0,0.0,0.0,122.0,58.0,43.0,0.0,0.0,123.0,242.0,0.0
West Palm Beach,FL,PALM BEACH,2023-06-01,2023,6,1,Summer,24,26.8,-80.0,365.0,260.0,104.0,1.0,0.0,0.0,0.0,122.0,58.0,43.0,0.0,0.0,123.0,242.0,0.0
West Palm Beach,FL,PALM BEACH,2023-06-05,2023,6,5,Summer,24,26.8,-80.0,365.0,260.0,104.0,1.0,0.0,0.0,0.0,122.0,58.0,43.0,0.0,0.0,123.0,242.0,0.0
West Palm Beach,FL,PALM BEACH,2023-06-08,2023,6,8,Summer,24,26.8,-80.0,365.0,260.0,104.0,1.0,0.0,0.0,0.0,122.0,58.0,43.0,0.0,0.0,123.0,242.0,0.0
West Palm Beach,FL,PALM BEACH,2023-06-09,2023,6,9,Summer,24,26.8,-80.0,365.0,260.0,104.0,1.0,0.0,0.0,0.0,122.0,58.0,43.0,0.0,0.0,123.0,242.0,0.0
West Palm Beach,FL,PALM BEACH,2023-06-12,2023,6,12,Summer,24,26.8,-80.0,365.0,260.0,104.0,1.0,0.0,0.0,0.0,122.0,58.0,43.0,0.0,0.0,123.0,242.0,0.0
West Palm Beach,FL,PALM BEACH,2023-06-13,2023,6,13,Summer,48,26.8,-80.0,365.0,260.0,104.0,1.0,0.0,0.0,0.0,122.0,58.0,43.0,0.0,0.0,123.0,242.0,0.0
West Palm Beach,FL,PALM BEACH,2023-06-14,2023,6,14,Summer,48,26.8,-80.0,365.0,260.0,104.0,1.0,0.0,0.0,0.0,122.0,58.0,43.0,0.0,0.0,123.0,242.0,0.0
West Palm Beach,FL,PALM BEACH,2023-06-15,2023,6,15,Summer,24,26.8,-80.0,365.0,260.0,104.0,1.0,0.0,0.0,0.0,122.0,58.0,43.0,0.0,0.0,123.0,242.0,0.0
West Palm Beach,FL,PALM BEACH,2023-06-16,2023,6,16,Summer,24,26.8,-80.0,365.0,260.0,104.0,1.0,0.0,0.0,0.0,122.0,58.0,43.0,0.0,0.0,123.0,242.0,0.0
West Palm Beach,FL,PALM BEACH,2023-06-19,2023,6,19,Summer,24,26.8,-80.0,365.0,260.0,104.0,1.0,0.0,0.0,0.0,122.0,58.0,43.0,0.0,0.0,123.0,242.0,0.0
West Palm Beach,FL,PALM BEACH,2023-06-26,2023,6,26,Summer,24,26.8,-80.0,365.0,260.0,104.0,1.0,0.0,0.0,0.0,122.0,58.0,43.0,0.0,0.0,123.0,242.0,0.0
West Palm Beach,FL,PALM BEACH,2023-06-27,2023,6,27,Summer,24,26.8,-80.0,365.0,260.0,104.0,1.0,0.0,0.0,0.0,122.0,58.0,43.0,0.0,0.0,123.0,242.0,0.0
West Palm Beach,FL,PALM BEACH,2023-06-28,2023,6,28,Summer,24,26.8,-80.0,365.0,260.0,104.0,1.0,0.0,0.0,0.0,122.0,58.0,43.0,0.0,0.0,123.0,242.0,0.0
West Palm Beach,FL,PALM BEACH,2023-06-29,2023,6,29,Summer,24,26.8,-80.0,365.0,260.0,104.0,1.0,0.0,0.0,0.0,122.0,58.0,43.0,0.0,0.0,123.0,242.0,0.0
West Palm Beach,FL,PALM BEACH,2023-06-30,2023,6,30,Summer,24,26.8,-80.0,365.0,260.0,104.0,1.0,0.0,0.0,0.0,122.0,58.0,43.0,0.0,0.0,123.0,242.0,0.0
West Palm Beach,FL,PALM BEACH,2023-07-01,2023,7,1,Summer,48,26.8,-80.0,365.0,260.0,104.0,1.0,0.0,0.0,0.0,122.0,58.0,43.0,0.0,0.0,123.0,242.0,0.0
West Palm Beach,FL,PALM BEACH,2023-07-02,2023,7,2,Summer,24,26.8,-80.0,365.0,260.0,104.0,1.0,0.0,0.0,0.0,122.0,58.0,43.0,0.0,0.0,123.0,242.0,0.0
West Palm Beach,FL,PALM BEACH,2023-07-04,2023,7,4,Summer,48,26.8,-80.0,365.0,260.0,104.0,1.0,0.0,0.0,0.0,122.0,58.0,43.0,0.0,0.0,123.0,242.0,0.0
West Palm Beach,FL,PALM BEACH,2023-07-05,2023,7,5,Summer,48,26.8,-80.0,365.0,260.0,104.0,1.0,0.0,0.0,0.0,122.0,58.0,43.0,0.0,0.0,123.0,242.0,0.0
West Palm Beach,FL,PALM BEACH,2023-07-07,2023,7,7,Summer,48,26.8,-80.0,365.0,260.0,104.0,1.0,0.0,0.0,0.0,122.0,58.0,43.0,0.0,0.0,123.0,242.0,0.0
West Palm Beach,FL,PALM BEACH,2023-07-08,2023,7,8,Summer,48,26.8,-80.0,365.0,260.0,104.0,1.0,0.0,0.0,0.0,122.0,58.0,43.0,0.0,0.0,123.0,242.0,0.0
West Palm Beach,FL,PALM BEACH,2023-07-10,2023,7,10,Summer,48,26.8,-80.0,365.0,260.0,104.0,1.0,0.0,0.0,0.0,122.0,58.0,43.0,0.0,0.0,123.0,242.0,0.0
West Palm Beach,FL,PALM BEACH,2023-07-11,2023,7,11,Summer,48,26.8,-80.0,365.0,260.0,104.0,1.0,0.0,0.0,0.0,122.0,58.0,43.0,0.0,0.0,123.0,242.0,0.0
West Palm Beach,FL,PALM BEACH,2023-07-12,2023,7,12,Summer,48,26.8,-80.0,365.0,260.0,104.0,1.0,0.0,0.0,0.0,122.0,58.0,43.0,0.0,0.0,123.0,242.0,0.0
West Palm Beach,FL,PALM BEACH,2023-07-13,2023,7,13,Summer,48,26.8,-80.0,365.0,260.0,104.0,1.0,0.0,0.0,0.0,122.0,58.0,43.0,0.0,0.0,123.0,242.0,0.0
West Palm Beach,FL,PALM BEACH,2023-07-14,2023,7,14,Summer,48,26.8,-80.0,365.0,260.0,104.0,1.0,0.0,0.0,0.0,122.0,58.0,43.0,0.0,0.0,123.0,242.0,0.0
West Palm Beach,FL,PALM BEACH,2023-07-15,2023,7,15,Summer,72,26.8,-80.0,365.0,260.0,104.0,1.0,0.0,0.0,0.0,122.0,58.0,43.0,0.0,0.0,123.0,242.0,0.0
West Palm Beach,FL,PALM BEACH,2023-07-16,2023,7,16,Summer,48,26.8,-80.0,365.0,260.0,104.0,1.0,0.0,0.0,0.0,122.0,58.0,43.0,0.0,0.0,123.0,242.0,0.0
West Palm Beach,FL,PALM BEACH,2023-07-18,2023,7,18,Summer,48,26.8,-80.0,365.0,260.0,104.0,1.0,0.0,0.0,0.0,122.0,58.0,43.0,0.0,0.0,123.0,242.0,0.0
West Palm Beach,FL,PALM BEACH,2023-07-19,2023,7,19,Summer,48,26.8,-80.0,365.0,260.0,104.0,1.0,0.0,0.0,0.0,122.0,58.0,43.0,0.0,0.0,123.0,242.0,0.0
West Palm Beach,FL,PALM BEACH,2023-07-20,2023,7,20,Summer,24,26.8,-80.0,365.0,260.0,104.0,1.0,0.0,0.0,0.0,122.0,58.0,43.0,0.0,0.0,123.0,242.0,0.0
West Palm Beach,FL,PALM BEACH,2023-07-21,2023,7,21,Summer,48,26.8,-80.0,365.0,260.0,104.0,1.0,0.0,0.0,0.0,122.0,58.0,43.0,0.0,0.0,123.0,242.0,0.0
West Palm Beach,FL,PALM BEACH,2023-07-22,2023,7,22,Summer,48,26.8,-80.0,365.0,260.0,104.0,1.0,0.0,0.0,0.0,122.0,58.0,43.0,0.0,0.0,123.0,242.0,0.0
West Palm Beach,FL,PALM BEACH,2023-07-23,2023,7,23,Summer,24,26.8,-80.0,365.0,260.0,104.0,1.0,0.0,0.0,0.0,122.0,58.0,43.0,0.0,0.0,123.0,242.0,0.0
West Palm Beach,FL,PALM BEACH,2023-07-24,2023,7,24,Summer,48,26.8,-80.0,365.0,260.0,104.0,1.0,0.0,0.0,0.0,122.0,58.0,43.0,0.0,0.0,123.0,242.0,0.0
West Palm Beach,FL,PALM BEACH,2023-07-25,2023,7,25,Summer,24,26.8,-80.0,365.0,260.0,104.0,1.0,0.0,0.0,0.0,122.0,58.0,43.0,0.0,0.0,123.0,242.0,0.0
West Palm Beach,FL,PALM BEACH,2023-07-26,2023,7,26,Summer,24,26.8,-80.0,365.0,260.0,104.0,1.0,0.0,0.0,0.0,122.0,58.0,43.0,0.0,0.0,123.0,242.0,0.0
West Palm Beach,FL,PALM BEACH,2023-07-27,2023,7,27,Summer,48,26.8,-80.0,365.0,260.0,104.0,1.0,0.0,0.0,0.0,122.0,58.0,43.0,0.0,0.0,123.0,242.0,0.0
West Palm Beach,FL,PALM BEACH,2023-07-28,2023,7,28,Summer,72,26.8,-80.0,365.0,260.0,104.0,1.0,0.0,0.0,0.0,122.0,58.0,43.0,0.0,0.0,123.0,242.0,0.0
West Palm Beach,FL,PALM BEACH,2023-07-29,2023,7,29,Summer,48,26.8,-80.0,365.0,260.0,104.0,1.0,0.0,0.0,0.0,122.0,58.0,43.0,0.0,0.0,123.0,242.0,0.0
West Palm Beach,FL,PALM BEACH,2023-07-30,2023,7,30,Summer,24,26.8,-80.0,365.0,260.0,104.0,1.0,0.0,0.0,0.0,122.0,58.0,43.0,0.0,0.0,123.0,242.0,0.0
West Palm Beach,FL,PALM BEACH,2023-07-31,2023,7,31,Summer,48,26.8,-80.0,365.0,260.0,104.0,1.0,0.0,0.0,0.0,122.0,58.0,43.0,0.0,0.0,123.0,242.0,0.0
West Palm Beach,FL,PALM BEACH,2023-08-01,2023,8,1,Summer,48,26.8,-80.0,365.0,260.0,104.0,1.0,0.0,0.0,0.0,122.0,58.0,43.0,0.0,0.0,123.0,242.0,0.0
West Palm Beach,FL,PALM BEACH,2023-08-02,2023,8,2,Summer,24,26.8,-80.0,365.0,260.0,104.0,1.0,0.0,0.0,0.0,122.0,58.0,43.0,0.0,0.0,123.0,242.0,0.0
West Palm Beach,FL,PALM BEACH,2023-08-03,2023,8,3,Summer,24,26.7,-80.3,365.0,260.0,104.0,1.0,0.0,0.0,0.0,122.0,58.0,43.0,0.0,0.0,123.0,242.0,0.0
West Palm Beach,FL,PALM BEACH,2023-08-13,2023,8,13,Summer,24,26.8,-80.0,365.0,260.0,104.0,1.0,0.0,0.0,0.0,122.0,58.0,43.0,0.0,0.0,123.0,242.0,0.0
West Palm Beach,FL,PALM BEACH,2023-08-19,2023,8,19,Summer,24,26.8,-80.0,365.0,260.0,104.0,1.0,0.0,0.0,0.0,122.0,58.0,43.0,0.0,0.0,123.0,242.0,0.0
West Palm Beach,FL,PALM BEACH,2023-08-20,2023,8,20,Summer,24,26.8,-80.0,365.0,260.0,104.0,1.0,0.0,0.0,0.0,122.0,58.0,43.0,0.0,0.0,123.0,242.0,0.0
West Palm Beach,FL,PALM BEACH,2023-08-23,2023,8,23,Summer,24,26.8,-80.0,365.0,260.0,104.0,1.0,0.0,0.0,0.0,122.0,58.0,43.0,0.0,0.0,123.0,242.0,0.0
West Palm Beach,FL,PALM BEACH,2023-08-24,2023,8,24,Summer,24,26.8,-80.0,365.0,260.0,104.0,1.0,0.0,0.0,0.0,122.0,58.0,43.0,0.0,0.0,123.0,242.0,0.0
West Palm Beach,FL,PALM BEACH,2023-08-25,2023,8,25,Summer,24,26.8,-80.0,365.0,260.0,104.0,1.0,0.0,0.0,0.0,122.0,58.0,43.0,0.0,0.0,123.0,242.0,0.0
West Palm Beach,FL,PALM BEACH,2023-08-26,2023,8,26,Summer,24,26.8,-80.0,365.0,260.0,104.0,1.0,0.0,0.0,0.0,122.0,58.0,43.0,0.0,0.0,123.0,242.0,0.0
West Palm Beach,FL,PALM BEACH,2023-08-27,2023,8,27,Summer,24,26.8,-80.0,365.0,260.0,104.0,1.0,0.0,0.0,0.0,122.0,58.0,43.0,0.0,0.0,123.0,242.0,0.0
West Palm Beach,FL,PALM BEACH,2023-08-30,2023,8,30,Summer,24,26.8,-80.0,365.0,260.0,104.0,1.0,0.0,0.0,0.0,122.0,58.0,43.0,0.0,0.0,123.0,242.0,0.0
West Palm Beach,FL,PALM BEACH,2023-08-31,2023,8,31,Summer,24,26.8,-80.0,365.0,260.0,104.0,1.0,0.0,0.0,0.0,122.0,58.0,43.0,0.0,0.0,123.0,242.0,0.0
West Palm Beach,FL,PALM BEACH,2023-09-01,2023,9,1,Fall,24,26.8,-80.0,365.0,260.0,104.0,1.0,0.0,0.0,0.0,122.0,58.0,43.0,0.0,0.0,123.0,242.0,0.0
West Palm Beach,FL,PALM BEACH,2023-09-02,2023,9,2,Fall,48,26.8,-80.0,365.0,260.0,104.0,1.0,0.0,0.0,0.0,122.0,58.0,43.0,0.0,0.0,123.0,242.0,0.0
West Palm Beach,FL,PALM BEACH,2023-09-03,2023,9,3,Fall,24,26.8,-80.0,365.0,260.0,104.0,1.0,0.0,0.0,0.0,122.0,58.0,43.0,0.0,0.0,123.0,242.0,0.0
West Palm Beach,FL,PALM BEACH,2023-09-04,2023,9,4,Fall,24,26.8,-80.0,365.0,260.0,104.0,1.0,0.0,0.0,0.0,122.0,58.0,43.0,0.0,0.0,123.0,242.0,0.0
West Palm Beach,FL,PALM BEACH,2023-09-05,2023,9,5,Fall,24,26.8,-80.0,365.0,260.0,104.0,1.0,0.0,0.0,0.0,122.0,58.0,43.0,0.0,0.0,123.0,242.0,0.0
West Palm Beach,FL,PALM BEACH,2023-09-06,2023,9,6,Fall,24,26.8,-80.0,365.0,260.0,104.0,1.0,0.0,0.0,0.0,122.0,58.0,43.0,0.0,0.0,123.0,242.0,0.0
West Palm Beach,FL,PALM BEACH,2023-09-07,2023,9,7,Fall,48,26.8,-80.0,365.0,260.0,104.0,1.0,0.0,0.0,0.0,122.0,58.0,43.0,0.0,0.0,123.0,242.0,0.0
West Palm Beach,FL,PALM BEACH,2023-09-08,2023,9,8,Fall,24,26.8,-80.0,365.0,260.0,104.0,1.0,0.0,0.0,0.0,122.0,58.0,43.0,0.0,0.0,123.0,242.0,0.0
West Palm Beach,FL,PALM BEACH,2023-09-09,2023,9,9,Fall,24,26.8,-80.0,365.0,260.0,104.0,1.0,0.0,0.0,0.0,122.0,58.0,43.0,0.0,0.0,123.0,242.0,0.0
West Palm Beach,FL,PALM BEACH,2023-09-10,2023,9,10,Fall,24,26.8,-80.0,365.0,260.0,104.0,1.0,0.0,0.0,0.0,122.0,58.0,43.0,0.0,0.0,123.0,242.0,0.0
West Palm Beach,FL,PALM BEACH,2023-09-11,2023,9,11,Fall,24,26.8,-80.0,365.0,260.0,104.0,1.0,0.0,0.0,0.0,122.0,58.0,43.0,0.0,0.0,123.0,242.0,0.0
West Palm Beach,FL,PALM BEACH,2023-09-20,2023,9,20,Fall,24,26.8,-80.0,365.0,260.0,104.0,1.0,0.0,0.0,0.0,122.0,58.0,43.0,0.0,0.0,123.0,242.0,0.0
West Palm Beach,FL,PALM BEACH,2023-09-22,2023,9,22,Fall,24,26.7,-80.3,365.0,260.0,104.0,1.0,0.0,0.0,0.0,122.0,58.0,43.0,0.0,0.0,123.0,242.0,0.0
West Palm Beach,FL,PALM BEACH,2023-09-23,2023,9,23,Fall,24,26.8,-80.0,365.0,260.0,104.0,1.0,0.0,0.0,0.0,122.0,58.0,43.0,0.0,0.0,123.0,242.0,0.0
West Palm Beach,FL,PALM BEACH,2023-09-25,2023,9,25,Fall,24,26.8,-80.0,365.0,260.0,104.0,1.0,0.0,0.0,0.0,122.0,58.0,43.0,0.0,0.0,123.0,242.0,0.0
West Palm Beach,FL,PALM BEACH,2023-09-26,2023,9,26,Fall,24,26.8,-80.0,365.0,260.0,104.0,1.0,0.0,0.0,0.0,122.0,58.0,43.0,0.0,0.0,123.0,242.0,0.0
West Palm Beach,FL,PALM BEACH,2023-10-10,2023,10,10,Fall,24,26.8,-80.0,365.0,260.0,104.0,1.0,0.0,0.0,0.0,122.0,58.0,43.0,0.0,0.0,123.0,242.0,0.0
West Palm Beach,FL,PALM BEACH,2023-10-11,2023,10,11,Fall,24,26.8,-80.0,365.0,260.0,104.0,1.0,0.0,0.0,0.0,122.0,58.0,43.0,0.0,0.0,123.0,242.0,0.0
West Palm Beach,FL,PALM BEACH,2023-10-12,2023,10,12,Fall,48,26.8,-80.0,365.0,260.0,104.0,1.0,0.0,0.0,0.0,122.0,58.0,43.0,0.0,0.0,123.0,242.0,0.0
West Palm Beach,FL,PALM BEACH,2023-10-20,2023,10,20,Fall,24,26.8,-80.0,365.0,260.0,104.0,1.0,0.0,0.0,0.0,122.0,58.0,43.0,0.0,0.0,123.0,242.0,0.0
West Palm Beach,FL,PALM BEACH,2023-10-31,2023,10,31,Fall,24,26.7,-80.3,365.0,260.0,104.0,1.0,0.0,0.0,0.0,122.0,58.0,43.0,0.0,0.0,123.0,242.0,0.0
West Palm Beach,FL,PALM BEACH,2023-11-04,2023,11,4,Fall,24,26.8,-80.0,365.0,260.0,104.0,1.0,0.0,0.0,0.0,122.0,58.0,43.0,0.0,0.0,123.0,242.0,0.0
West Palm Beach,FL,PALM BEACH,2023-11-05,2023,11,5,Fall,24,26.8,-80.0,365.0,260.0,104.0,1.0,0.0,0.0,0.0,122.0,58.0,43.0,0.0,0.0,123.0,242.0,0.0
West Palm Beach,FL,PALM BEACH,2023-11-06,2023,11,6,Fall,24,26.7,-80.3,365.0,260.0,104.0,1.0,0.0,0.0,0.0,122.0,58.0,43.0,0.0,0.0,123.0,242.0,0.0
West Palm Beach,FL,PALM BEACH,2023-11-10,2023,11,10,Fall,24,26.8,-80.0,365.0,260.0,104.0,1.0,0.0,0.0,0.0,122.0,58.0,43.0,0.0,0.0,123.0,242.0,0.0
West Palm Beach,FL,PALM BEACH,2023-11-17,2023,11,17,Fall,24,26.8,-80.0,365.0,260.0,104.0,1.0,0.0,0.0,0.0,122.0,58.0,43.0,0.0,0.0,123.0,242.0,0.0
West Palm Beach,FL,PALM BEACH,2023-11-20,2023,11,20,Fall,24,26.8,-80.0,365.0,260.0,104.0,1.0,0.0,0.0,0.0,122.0,58.0,43.0,0.0,0.0,123.0,242.0,0.0
West Palm Beach,FL,PALM BEACH,2023-12-03,2023,12,3,Winter,24,26.8,-80.0,365.0,260.0,104.0,1.0,0.0,0.0,0.0,122.0,58.0,43.0,0.0,0.0,123.0,242.0,0.0
West Palm Beach,FL,PALM BEACH,2023-12-08,2023,12,8,Winter,24,26.8,-80.0,365.0,260.0,104.0,1.0,0.0,0.0,0.0,122.0,58.0,43.0,0.0,0.0,123.0,242.0,0.0
West Tisbury,MA,DUKES,2023-08-03,2023,8,3,Summer,2,41.4,-70.7,363.0,332.0,25.0,6.0,0.0,0.0,0.0,133.0,48.0,38.0,0.0,0.0,342.0,21.0,0.0
Westbrook,CT,MIDDLESEX,2023-10-03,2023,10,3,Fall,2,41.3,-72.4,209.0,170.0,35.0,4.0,0.0,0.0,0.0,140.0,64.0,43.0,0.0,0.0,209.0,0.0,0.0
Westerly,RI,WASHINGTON,2023-09-15,2023,9,15,Fall,15,41.3,-71.8,355.0,287.0,58.0,10.0,0.0,0.0,0.0,140.0,58.0,40.0,0.0,0.0,166.0,189.0,0.0
Westfield,IN,HAMILTON,2023-09-13,2023,9,13,Fall,20,40.0,-86.2,364.0,220.0,134.0,8.0,2.0,0.0,0.0,190.0,69.0,46.0,0.0,0.0,168.0,196.0,0.0
Westfield,PA,TIOGA,2023-07-30,2023,7,30,Summer,64,41.9,-77.6,304.0,254.0,50.0,0.0,0.0,0.0,0.0,100.0,59.0,41.0,0.0,0.0,242.0,62.0,0.0
Westfield,PA,TIOGA,2023-08-03,2023,8,3,Summer,48,41.9,-77.6,304.0,254.0,50.0,0.0,0.0,0.0,0.0,100.0,59.0,41.0,0.0,0.0,242.0,62.0,0.0
Westfield,PA,TIOGA,2023-08-05,2023,8,5,Summer,64,41.9,-77.6,304.0,254.0,50.0,0.0,0.0,0.0,0.0,100.0,59.0,41.0,0.0,0.0,242.0,62.0,0.0
Westfield,PA,TIOGA,2023-10-04,2023,10,4,Fall,8,41.9,-77.6,304.0,254.0,50.0,0.0,0.0,0.0,0.0,100.0,59.0,41.0,0.0,0.0,242.0,62.0,0.0
Westfield Center,OH,MEDINA,2023-09-05,2023,9,5,Fall,2,41.0,-81.9,363.0,228.0,125.0,7.0,2.0,1.0,0.0,285.0,72.0,44.0,0.0,0.0,137.0,226.0,0.0
Westford,MA,MIDDLESEX,2023-06-10,2023,6,10,Summer,6,42.6,-71.5,365.0,281.0,83.0,1.0,0.0,0.0,0.0,101.0,57.0,39.0,0.0,7.0,193.0,165.0,0.0
Westford,MA,MIDDLESEX,2023-07-12,2023,7,12,Summer,0,42.6,-71.5,365.0,281.0,83.0,1.0,0.0,0.0,0.0,101.0,57.0,39.0,0.0,7.0,193.0,165.0,0.0
Westford,MA,MIDDLESEX,2023-08-17,2023,8,17,Summer,0,42.6,-71.5,365.0,281.0,83.0,1.0,0.0,0.0,0.0,101.0,57.0,39.0,0.0,7.0,193.0,165.0,0.0
Westhampton Beach,NY,SUFFOLK,2023-08-06,2023,8,6,Summer,7,40.8,-72.6,365.0,278.0,74.0,11.0,2.0,0.0,0.0,195.0,62.0,41.0,0.0,1.0,278.0,86.0,0.0
Westhampton Beach,NY,SUFFOLK,2023-08-10,2023,8,10,Summer,14,40.8,-72.6,365.0,278.0,74.0,11.0,2.0,0.0,0.0,195.0,62.0,41.0,0.0,1.0,278.0,86.0,0.0
Westhampton Beach,NY,SUFFOLK,2023-08-20,2023,8,20,Summer,21,40.8,-72.6,365.0,278.0,74.0,11.0,2.0,0.0,0.0,195.0,62.0,41.0,0.0,1.0,278.0,86.0,0.0
Westhampton Beach,NY,SUFFOLK,2023-09-09,2023,9,9,Fall,7,40.8,-72.6,365.0,278.0,74.0,11.0,2.0,0.0,0.0,195.0,62.0,41.0,0.0,1.0,278.0,86.0,0.0
Westhampton Beach,NY,SUFFOLK,2023-09-20,2023,9,20,Fall,28,40.8,-72.6,365.0,278.0,74.0,11.0,2.0,0.0,0.0,195.0,62.0,41.0,0.0,1.0,278.0,86.0,0.0
Westhampton Beach,NY,SUFFOLK,2023-10-05,2023,10,5,Fall,7,40.8,-72.6,365.0,278.0,74.0,11.0,2.0,0.0,0.0,195.0,62.0,41.0,0.0,1.0,278.0,86.0,0.0
Westhampton Beach,NY,SUFFOLK,2023-10-27,2023,10,27,Fall,7,40.8,-72.6,365.0,278.0,74.0,11.0,2.0,0.0,0.0,195.0,62.0,41.0,0.0,1.0,278.0,86.0,0.0
Westlake,OH,CUYAHOGA,2023-07-25,2023,7,25,Summer,2,41.4,-81.9,365.0,117.0,235.0,9.0,3.0,1.0,0.0,234.0,83.0,57.0,2.0,0.0,83.0,276.0,4.0
Westland,MI,WAYNE,2023-08-09,2023,8,9,Summer,1,42.3,-83.3,365.0,70.0,272.0,19.0,3.0,1.0,0.0,226.0,89.0,61.0,0.0,2.0,33.0,329.0,1.0
Westland,MI,WAYNE,2023-09-07,2023,9,7,Fall,1,42.3,-83.4,365.0,70.0,272.0,19.0,3.0,1.0,0.0,226.0,89.0,61.0,0.0,2.0,33.0,329.0,1.0
Westminster,CO,ADAMS,2023-07-01,2023,7,1,Summer,1,39.9,-105.0,365.0,179.0,181.0,3.0,2.0,0.0,0.0,174.0,71.0,51.0,0.0,34.0,180.0,112.0,39.0
Westminster,CO,ADAMS,2023-07-28,2023,7,28,Summer,1,39.9,-105.0,365.0,179.0,181.0,3.0,2.0,0.0,0.0,174.0,71.0,51.0,0.0,34.0,180.0,112.0,39.0
Westminster,CO,ADAMS,2023-08-03,2023,8,3,Summer,2,39.9,-105.1,365.0,179.0,181.0,3.0,2.0,0.0,0.0,174.0,71.0,51.0,0.0,34.0,180.0,112.0,39.0
Westminster,CO,ADAMS,2023-08-04,2023,8,4,Summer,1,39.9,-105.0,365.0,179.0,181.0,3.0,2.0,0.0,0.0,174.0,71.0,51.0,0.0,34.0,180.0,112.0,39.0
Westminster,CO,ADAMS,2023-08-11,2023,8,11,Summer,1,39.9,-105.0,365.0,179.0,181.0,3.0,2.0,0.0,0.0,174.0,71.0,51.0,0.0,34.0,180.0,112.0,39.0
Westminster,CO,ADAMS,2023-09-30,2023,9,30,Fall,1,39.9,-105.0,365.0,179.0,181.0,3.0,2.0,0.0,0.0,174.0,71.0,51.0,0.0,34.0,180.0,112.0,39.0
Westminster,CO,ADAMS,2023-10-02,2023,10,2,Fall,2,39.9,-105.1,365.0,179.0,181.0,3.0,2.0,0.0,0.0,174.0,71.0,51.0,0.0,34.0,180.0,112.0,39.0
Westminster,VT,WINDHAM,2023-07-02,2023,7,2,Summer,2,43.1,-72.5,119.0,112.0,7.0,0.0,0.0,0.0,0.0,95.0,38.0,14.0,0.0,0.0,0.0,119.0,0.0
Westmont,IL,DUPAGE,2023-07-09,2023,7,9,Summer,1,41.8,-88.0,365.0,146.0,202.0,11.0,4.0,2.0,0.0,234.0,77.0,53.0,0.0,0.0,101.0,264.0,0.0
Westmont,IL,DUPAGE,2023-07-10,2023,7,10,Summer,1,41.8,-88.0,365.0,146.0,202.0,11.0,4.0,2.0,0.0,234.0,77.0,53.0,0.0,0.0,101.0,264.0,0.0
Westmont,IL,DUPAGE,2023-09-03,2023,9,3,Fall,1,41.8,-88.0,365.0,146.0,202.0,11.0,4.0,2.0,0.0,234.0,77.0,53.0,0.0,0.0,101.0,264.0,0.0
Westport,CT,FAIRFIELD,2023-07-12,2023,7,12,Summer,4,41.1,-73.4,365.0,210.0,135.0,12.0,7.0,1.0,0.0,242.0,79.0,46.0,0.0,12.0,146.0,206.0,1.0
Westport,CT,FAIRFIELD,2023-07-16,2023,7,16,Summer,8,41.1,-73.4,365.0,210.0,135.0,12.0,7.0,1.0,0.0,242.0,79.0,46.0,0.0,12.0,146.0,206.0,1.0
Westport,CT,FAIRFIELD,2023-07-31,2023,7,31,Summer,4,41.1,-73.4,365.0,210.0,135.0,12.0,7.0,1.0,0.0,242.0,79.0,46.0,0.0,12.0,146.0,206.0,1.0
Westport,CT,FAIRFIELD,2023-10-01,2023,10,1,Fall,20,41.1,-73.3,365.0,210.0,135.0,12.0,7.0,1.0,0.0,242.0,79.0,46.0,0.0,12.0,146.0,206.0,1.0
Westport,MA,BRISTOL,2023-07-06,2023,7,6,Summer,6,41.6,-71.1,365.0,269.0,87.0,9.0,0.0,0.0,0.0,137.0,61.0,42.0,0.0,0.0,244.0,121.0,0.0
Westport,MA,BRISTOL,2023-07-19,2023,7,19,Summer,2,41.6,-71.1,365.0,269.0,87.0,9.0,0.0,0.0,0.0,137.0,61.0,42.0,0.0,0.0,244.0,121.0,0.0
Westport,MA,BRISTOL,2023-08-03,2023,8,3,Summer,2,41.6,-71.1,365.0,269.0,87.0,9.0,0.0,0.0,0.0,137.0,61.0,42.0,0.0,0.0,244.0,121.0,0.0
Westport,MA,BRISTOL,2023-09-16,2023,9,16,Fall,2,41.7,-71.1,365.0,269.0,87.0,9.0,0.0,0.0,0.0,137.0,61.0,42.0,0.0,0.0,244.0,121.0,0.0
Westport,MA,BRISTOL,2023-10-15,2023,10,15,Fall,2,41.5,-71.0,365.0,269.0,87.0,9.0,0.0,0.0,0.0,137.0,61.0,42.0,0.0,0.0,244.0,121.0,0.0
Westwego,LA,JEFFERSON,2023-10-25,2023,10,25,Fall,18,30.0,-90.3,364.0,181.0,179.0,4.0,0.0,0.0,0.0,126.0,69.0,51.0,0.0,2.0,147.0,215.0,0.0
Westwood,NJ,BERGEN,2023-08-06,2023,8,6,Summer,4,41.0,-74.1,365.0,204.0,152.0,5.0,4.0,0.0,0.0,197.0,69.0,48.0,0.0,29.0,91.0,245.0,0.0
Wethersfield,CT,HARTFORD,2023-08-11,2023,8,11,Summer,7,41.7,-72.7,365.0,226.0,132.0,4.0,3.0,0.0,0.0,166.0,64.0,43.0,0.0,19.0,156.0,190.0,0.0
Wetumpka,AL,ELMORE,2023-03-28,2023,3,28,Spring,1,32.5,-86.2,238.0,221.0,17.0,0.0,0.0,0.0,0.0,90.0,49.0,38.0,0.0,0.0,238.0,0.0,0.0
Wexford,PA,ALLEGHENY,2023-08-29,2023,8,29,Summer,2,40.6,-80.1,365.0,121.0,227.0,15.0,1.0,1.0,0.0,237.0,84.0,56.0,0.0,0.0,71.0,294.0,0.0
Wexford,PA,ALLEGHENY,2023-08-30,2023,8,30,Summer,1,40.6,-80.1,365.0,121.0,227.0,15.0,1.0,1.0,0.0,237.0,84.0,56.0,0.0,0.0,71.0,294.0,0.0
Wexford,PA,ALLEGHENY,2023-10-05,2023,10,5,Fall,1,40.6,-80.1,365.0,121.0,227.0,15.0,1.0,1.0,0.0,237.0,84.0,56.0,0.0,0.0,71.0,294.0,0.0
Wheatfield,IN,JASPER,2023-08-02,2023,8,2,Summer,1,41.2,-87.0,,,,,,,,,,,,,,,
Wheeling,IL,COOK,2023-07-27,2023,7,27,Summer,1,42.1,-87.9,365.0,104.0,227.0,27.0,5.0,2.0,0.0,223.0,93.0,57.0,0.0,8.0,97.0,252.0,8.0
Wheeling,WV,OHIO,2023-08-11,2023,8,11,Summer,6,40.0,-80.7,280.0,224.0,52.0,3.0,1.0,0.0,0.0,184.0,61.0,41.0,0.0,0.0,207.0,73.0,0.0
Wheeling,WV,OHIO,2023-08-15,2023,8,15,Summer,6,40.0,-80.7,280.0,224.0,52.0,3.0,1.0,0.0,0.0,184.0,61.0,41.0,0.0,0.0,207.0,73.0,0.0
Wheeling,WV,OHIO,2023-08-17,2023,8,17,Summer,6,40.0,-80.7,280.0,224.0,52.0,3.0,1.0,0.0,0.0,184.0,61.0,41.0,0.0,0.0,207.0,73.0,0.0
Wheeling,WV,OHIO,2023-09-07,2023,9,7,Fall,6,40.0,-80.7,280.0,224.0,52.0,3.0,1.0,0.0,0.0,184.0,61.0,41.0,0.0,0.0,207.0,73.0,0.0
Wheeling,WV,OHIO,2023-10-05,2023,10,5,Fall,6,40.0,-80.7,280.0,224.0,52.0,3.0,1.0,0.0,0.0,184.0,61.0,41.0,0.0,0.0,207.0,73.0,0.0
Wheeling,WV,OHIO,2023-10-10,2023,10,10,Fall,6,40.0,-80.7,280.0,224.0,52.0,3.0,1.0,0.0,0.0,184.0,61.0,41.0,0.0,0.0,207.0,73.0,0.0
Wheeling,WV,OHIO,2023-10-25,2023,10,25,Fall,6,40.0,-80.7,280.0,224.0,52.0,3.0,1.0,0.0,0.0,184.0,61.0,41.0,0.0,0.0,207.0,73.0,0.0
White City,OR,JACKSON,2023-08-01,2023,8,1,Summer,6,42.4,-122.8,365.0,216.0,135.0,2.0,7.0,5.0,0.0,237.0,69.0,45.0,0.0,0.0,98.0,267.0,0.0
White Plains,NY,WESTCHESTER,2023-08-01,2023,8,1,Summer,6,41.0,-73.8,365.0,287.0,71.0,4.0,3.0,0.0,0.0,198.0,58.0,39.0,0.0,0.0,221.0,144.0,0.0
White Plains,NY,WESTCHESTER,2023-08-31,2023,8,31,Summer,6,41.0,-73.8,365.0,287.0,71.0,4.0,3.0,0.0,0.0,198.0,58.0,39.0,0.0,0.0,221.0,144.0,0.0
White Plains,NY,WESTCHESTER,2023-09-06,2023,9,6,Fall,6,41.0,-73.8,365.0,287.0,71.0,4.0,3.0,0.0,0.0,198.0,58.0,39.0,0.0,0.0,221.0,144.0,0.0
White Plains,NY,WESTCHESTER,2023-09-19,2023,9,19,Fall,6,41.0,-73.8,365.0,287.0,71.0,4.0,3.0,0.0,0.0,198.0,58.0,39.0,0.0,0.0,221.0,144.0,0.0
White Stone,VA,LANCASTER,2023-09-02,2023,9,2,Fall,6,37.7,-76.4,,,,,,,,,,,,,,,
Whitesburg,GA,CARROLL,2023-04-05,2023,4,5,Spring,1,33.5,-84.9,,,,,,,,,,,,,,,
Whitewater,WI,WALWORTH,2023-08-04,2023,8,4,Summer,1,42.9,-88.8,203.0,138.0,48.0,17.0,0.0,0.0,0.0,143.0,93.0,44.0,0.0,0.0,203.0,0.0,0.0
Whitmore Lake,MI,WASHTENAW,2023-07-29,2023,7,29,Summer,3,42.4,-83.8,365.0,168.0,184.0,9.0,2.0,2.0,0.0,218.0,76.0,52.0,0.0,0.0,121.0,244.0,0.0
Whitney,TX,HILL,2023-09-13,2023,9,13,Fall,1,31.9,-97.4,,,,,,,,,,,,,,,
Whitney,TX,HILL,2023-10-13,2023,10,13,Fall,2,31.9,-97.3,,,,,,,,,,,,,,,
Whitsett,NC,GUILFORD,2023-09-24,2023,9,24,Fall,2,36.1,-79.6,365.0,183.0,178.0,4.0,0.0,0.0,0.0,131.0,67.0,50.0,0.0,0.0,112.0,248.0,5.0
Whitsett,NC,GUILFORD,2023-09-25,2023,9,25,Fall,2,36.1,-79.6,365.0,183.0,178.0,4.0,0.0,0.0,0.0,131.0,67.0,50.0,0.0,0.0,112.0,248.0,5.0
Whittier,CA,LOS ANGELES,2023-02-16,2023,2,16,Winter,5,33.9,-118.0,365.0,41.0,237.0,52.0,32.0,3.0,0.0,210.0,147.0,67.0,0.0,5.0,150.0,203.0,7.0
Whittier,CA,LOS ANGELES,2023-06-28,2023,6,28,Summer,5,34.0,-118.0,365.0,41.0,237.0,52.0,32.0,3.0,0.0,210.0,147.0,67.0,0.0,5.0,150.0,203.0,7.0
Whittier,CA,LOS ANGELES,2023-07-01,2023,7,1,Summer,10,34.0,-118.0,365.0,41.0,237.0,52.0,32.0,3.0,0.0,210.0,147.0,67.0,0.0,5.0,150.0,203.0,7.0
Whittier,CA,LOS ANGELES,2023-07-02,2023,7,2,Summer,5,34.0,-118.0,365.0,41.0,237.0,52.0,32.0,3.0,0.0,210.0,147.0,67.0,0.0,5.0,150.0,203.0,7.0
Wichita,KS,SEDGWICK,2023-04-18,2023,4,18,Spring,12,37.7,-97.3,365.0,207.0,153.0,4.0,1.0,0.0,0.0,157.0,67.0,48.0,0.0,6.0,219.0,138.0,2.0
Wichita,KS,SEDGWICK,2023-04-19,2023,4,19,Spring,12,37.7,-97.3,365.0,207.0,153.0,4.0,1.0,0.0,0.0,157.0,67.0,48.0,0.0,6.0,219.0,138.0,2.0
Wichita,KS,SEDGWICK,2023-04-20,2023,4,20,Spring,84,37.7,-97.3,365.0,207.0,153.0,4.0,1.0,0.0,0.0,157.0,67.0,48.0,0.0,6.0,219.0,138.0,2.0
Wichita,KS,SEDGWICK,2023-04-21,2023,4,21,Spring,60,37.7,-97.3,365.0,207.0,153.0,4.0,1.0,0.0,0.0,157.0,67.0,48.0,0.0,6.0,219.0,138.0,2.0
Wichita,KS,SEDGWICK,2023-04-22,2023,4,22,Spring,72,37.7,-97.5,365.0,207.0,153.0,4.0,1.0,0.0,0.0,157.0,67.0,48.0,0.0,6.0,219.0,138.0,2.0
Wichita,KS,SEDGWICK,2023-04-27,2023,4,27,Spring,60,37.7,-97.3,365.0,207.0,153.0,4.0,1.0,0.0,0.0,157.0,67.0,48.0,0.0,6.0,219.0,138.0,2.0
Wichita,KS,SEDGWICK,2023-05-06,2023,5,6,Spring,72,37.7,-97.4,365.0,207.0,153.0,4.0,1.0,0.0,0.0,157.0,67.0,48.0,0.0,6.0,219.0,138.0,2.0
Wichita,KS,SEDGWICK,2023-05-22,2023,5,22,Spring,12,37.7,-97.3,365.0,207.0,153.0,4.0,1.0,0.0,0.0,157.0,67.0,48.0,0.0,6.0,219.0,138.0,2.0
Wichita,KS,SEDGWICK,2023-08-07,2023,8,7,Summer,12,37.7,-97.3,365.0,207.0,153.0,4.0,1.0,0.0,0.0,157.0,67.0,48.0,0.0,6.0,219.0,138.0,2.0
Wichita,KS,SEDGWICK,2023-08-11,2023,8,11,Summer,24,37.7,-97.4,365.0,207.0,153.0,4.0,1.0,0.0,0.0,157.0,67.0,48.0,0.0,6.0,219.0,138.0,2.0
Wichita,KS,SEDGWICK,2023-08-12,2023,8,12,Summer,24,37.7,-97.3,365.0,207.0,153.0,4.0,1.0,0.0,0.0,157.0,67.0,48.0,0.0,6.0,219.0,138.0,2.0
Wichita,KS,SEDGWICK,2023-08-14,2023,8,14,Summer,12,37.7,-97.4,365.0,207.0,153.0,4.0,1.0,0.0,0.0,157.0,67.0,48.0,0.0,6.0,219.0,138.0,2.0
Wichita,KS,SEDGWICK,2023-08-15,2023,8,15,Summer,24,37.7,-97.3,365.0,207.0,153.0,4.0,1.0,0.0,0.0,157.0,67.0,48.0,0.0,6.0,219.0,138.0,2.0
Wichita,KS,SEDGWICK,2023-08-17,2023,8,17,Summer,36,37.7,-97.3,365.0,207.0,153.0,4.0,1.0,0.0,0.0,157.0,67.0,48.0,0.0,6.0,219.0,138.0,2.0
Wichita,KS,SEDGWICK,2023-08-18,2023,8,18,Summer,96,37.6,-97.3,365.0,207.0,153.0,4.0,1.0,0.0,0.0,157.0,67.0,48.0,0.0,6.0,219.0,138.0,2.0
Wichita,KS,SEDGWICK,2023-08-26,2023,8,26,Summer,96,37.7,-97.4,365.0,207.0,153.0,4.0,1.0,0.0,0.0,157.0,67.0,48.0,0.0,6.0,219.0,138.0,2.0
Wichita,KS,SEDGWICK,2023-08-29,2023,8,29,Summer,24,37.7,-97.2,365.0,207.0,153.0,4.0,1.0,0.0,0.0,157.0,67.0,48.0,0.0,6.0,219.0,138.0,2.0
Wichita,KS,SEDGWICK,2023-08-31,2023,8,31,Summer,360,37.7,-97.3,365.0,207.0,153.0,4.0,1.0,0.0,0.0,157.0,67.0,48.0,0.0,6.0,219.0,138.0,2.0
Wichita,KS,SEDGWICK,2023-09-07,2023,9,7,Fall,24,37.7,-97.3,365.0,207.0,153.0,4.0,1.0,0.0,0.0,157.0,67.0,48.0,0.0,6.0,219.0,138.0,2.0
Wichita,KS,SEDGWICK,2023-09-14,2023,9,14,Fall,60,37.7,-97.3,365.0,207.0,153.0,4.0,1.0,0.0,0.0,157.0,67.0,48.0,0.0,6.0,219.0,138.0,2.0
Wichita,KS,SEDGWICK,2023-09-17,2023,9,17,Fall,144,37.7,-97.3,365.0,207.0,153.0,4.0,1.0,0.0,0.0,157.0,67.0,48.0,0.0,6.0,219.0,138.0,2.0
Wichita,KS,SEDGWICK,2023-10-01,2023,10,1,Fall,120,37.6,-97.3,365.0,207.0,153.0,4.0,1.0,0.0,0.0,157.0,67.0,48.0,0.0,6.0,219.0,138.0,2.0
Wichita,KS,SEDGWICK,2023-10-05,2023,10,5,Fall,84,37.7,-97.3,365.0,207.0,153.0,4.0,1.0,0.0,0.0,157.0,67.0,48.0,0.0,6.0,219.0,138.0,2.0
Wichita,KS,SEDGWICK,2023-10-07,2023,10,7,Fall,36,37.7,-97.3,365.0,207.0,153.0,4.0,1.0,0.0,0.0,157.0,67.0,48.0,0.0,6.0,219.0,138.0,2.0
Wichita,KS,SEDGWICK,2023-10-23,2023,10,23,Fall,60,37.7,-97.4,365.0,207.0,153.0,4.0,1.0,0.0,0.0,157.0,67.0,48.0,0.0,6.0,219.0,138.0,2.0
Wichita,KS,SEDGWICK,2023-10-26,2023,10,26,Fall,12,37.7,-97.3,365.0,207.0,153.0,4.0,1.0,0.0,0.0,157.0,67.0,48.0,0.0,6.0,219.0,138.0,2.0
Willard,MO,GREENE,2023-10-18,2023,10,18,Fall,3,37.4,-93.4,365.0,188.0,171.0,6.0,0.0,0.0,0.0,122.0,68.0,49.0,0.0,0.0,111.0,254.0,0.0
Willard,MO,GREENE,2023-10-25,2023,10,25,Fall,2,37.4,-93.4,365.0,188.0,171.0,6.0,0.0,0.0,0.0,122.0,68.0,49.0,0.0,0.0,111.0,254.0,0.0
Williamsburg,KS,FRANKLIN,2023-08-31,2023,8,31,Summer,1,38.5,-95.5,,,,,,,,,,,,,,,
Williamsport,PA,LYCOMING,2023-08-06,2023,8,6,Summer,27,41.2,-77.1,283.0,242.0,38.0,3.0,0.0,0.0,0.0,119.0,58.0,38.0,0.0,0.0,214.0,69.0,0.0
Williamsport,PA,LYCOMING,2023-08-20,2023,8,20,Summer,27,41.3,-77.0,283.0,242.0,38.0,3.0,0.0,0.0,0.0,119.0,58.0,38.0,0.0,0.0,214.0,69.0,0.0
Williamsport,PA,LYCOMING,2023-10-08,2023,10,8,Fall,27,41.2,-77.1,283.0,242.0,38.0,3.0,0.0,0.0,0.0,119.0,58.0,38.0,0.0,0.0,214.0,69.0,0.0
Williamston,MI,INGHAM,2023-08-01,2023,8,1,Summer,1,42.7,-84.3,363.0,229.0,123.0,7.0,4.0,0.0,0.0,194.0,73.0,43.0,0.0,2.0,178.0,183.0,0.0
Williamston,SC,ANDERSON,2023-10-02,2023,10,2,Fall,4,34.7,-82.6,270.0,233.0,37.0,0.0,0.0,0.0,0.0,97.0,58.0,42.0,0.0,0.0,270.0,0.0,0.0
Williamstown,MA,BERKSHIRE,2023-08-09,2023,8,9,Summer,6,42.7,-73.2,365.0,257.0,101.0,4.0,3.0,0.0,0.0,170.0,59.0,41.0,0.0,0.0,168.0,197.0,0.0
Williamstown,MA,BERKSHIRE,2023-08-28,2023,8,28,Summer,18,42.7,-73.2,365.0,257.0,101.0,4.0,3.0,0.0,0.0,170.0,59.0,41.0,0.0,0.0,168.0,197.0,0.0
Williamstown,MA,BERKSHIRE,2023-08-29,2023,8,29,Summer,21,42.7,-73.2,365.0,257.0,101.0,4.0,3.0,0.0,0.0,170.0,59.0,41.0,0.0,0.0,168.0,197.0,0.0
Williamstown,MA,BERKSHIRE,2023-09-20,2023,9,20,Fall,3,42.7,-73.2,365.0,257.0,101.0,4.0,3.0,0.0,0.0,170.0,59.0,41.0,0.0,0.0,168.0,197.0,0.0
Williamstown,MA,BERKSHIRE,2023-09-26,2023,9,26,Fall,6,42.7,-73.2,365.0,257.0,101.0,4.0,3.0,0.0,0.0,170.0,59.0,41.0,0.0,0.0,168.0,197.0,0.0
Williamstown,MA,BERKSHIRE,2023-10-25,2023,10,25,Fall,3,42.7,-73.2,365.0,257.0,101.0,4.0,3.0,0.0,0.0,170.0,59.0,41.0,0.0,0.0,168.0,197.0,0.0
Willis,TX,MONTGOMERY,2023-03-05,2023,3,5,Spring,2,30.4,-95.6,364.0,151.0,204.0,9.0,0.0,0.0,0.0,122.0,75.0,53.0,0.0,0.0,148.0,216.0,0.0
Willis,TX,MONTGOMERY,2023-11-06,2023,11,6,Fall,12,30.4,-95.6,364.0,151.0,204.0,9.0,0.0,0.0,0.0,122.0,75.0,53.0,0.0,0.0,148.0,216.0,0.0
Williston,VT,CHITTENDEN,2023-08-26,2023,8,26,Summer,3,44.5,-73.0,365.0,259.0,100.0,4.0,2.0,0.0,0.0,160.0,59.0,42.0,2.0,0.0,192.0,171.0,0.0
Willoughby,OH,LAKE,2023-07-18,2023,7,18,Summer,24,41.6,-81.4,365.0,259.0,96.0,7.0,3.0,0.0,0.0,170.0,77.0,42.0,0.0,0.0,180.0,185.0,0.0
Willoughby,OH,LAKE,2023-07-19,2023,7,19,Summer,30,41.6,-81.4,365.0,259.0,96.0,7.0,3.0,0.0,0.0,170.0,77.0,42.0,0.0,0.0,180.0,185.0,0.0
Willoughby,OH,LAKE,2023-07-24,2023,7,24,Summer,18,41.6,-81.4,365.0,259.0,96.0,7.0,3.0,0.0,0.0,170.0,77.0,42.0,0.0,0.0,180.0,185.0,0.0
Willoughby,OH,LAKE,2023-07-28,2023,7,28,Summer,30,41.6,-81.4,365.0,259.0,96.0,7.0,3.0,0.0,0.0,170.0,77.0,42.0,0.0,0.0,180.0,185.0,0.0
Willoughby,OH,LAKE,2023-08-03,2023,8,3,Summer,54,41.6,-81.4,365.0,259.0,96.0,7.0,3.0,0.0,0.0,170.0,77.0,42.0,0.0,0.0,180.0,185.0,0.0
Willoughby,OH,LAKE,2023-08-08,2023,8,8,Summer,84,41.6,-81.4,365.0,259.0,96.0,7.0,3.0,0.0,0.0,170.0,77.0,42.0,0.0,0.0,180.0,185.0,0.0
Willoughby,OH,LAKE,2023-08-12,2023,8,12,Summer,18,41.6,-81.4,365.0,259.0,96.0,7.0,3.0,0.0,0.0,170.0,77.0,42.0,0.0,0.0,180.0,185.0,0.0
Willoughby,OH,LAKE,2023-08-16,2023,8,16,Summer,12,41.6,-81.4,365.0,259.0,96.0,7.0,3.0,0.0,0.0,170.0,77.0,42.0,0.0,0.0,180.0,185.0,0.0
Willoughby,OH,LAKE,2023-08-19,2023,8,19,Summer,12,41.6,-81.4,365.0,259.0,96.0,7.0,3.0,0.0,0.0,170.0,77.0,42.0,0.0,0.0,180.0,185.0,0.0
Willoughby,OH,LAKE,2023-09-02,2023,9,2,Fall,30,41.7,-81.4,365.0,259.0,96.0,7.0,3.0,0.0,0.0,170.0,77.0,42.0,0.0,0.0,180.0,185.0,0.0
Willoughby,OH,LAKE,2023-09-09,2023,9,9,Fall,6,41.7,-81.4,365.0,259.0,96.0,7.0,3.0,0.0,0.0,170.0,77.0,42.0,0.0,0.0,180.0,185.0,0.0
Willoughby,OH,LAKE,2023-09-13,2023,9,13,Fall,6,41.6,-81.4,365.0,259.0,96.0,7.0,3.0,0.0,0.0,170.0,77.0,42.0,0.0,0.0,180.0,185.0,0.0
Willow Grove,PA,MONTGOMERY,2023-08-19,2023,8,19,Summer,1,40.1,-75.1,365.0,232.0,127.0,1.0,3.0,2.0,0.0,284.0,67.0,44.0,0.0,0.0,144.0,221.0,0.0
Willowbrook,IL,DUPAGE,2023-07-28,2023,7,28,Summer,8,41.8,-87.9,365.0,146.0,202.0,11.0,4.0,2.0,0.0,234.0,77.0,53.0,0.0,0.0,101.0,264.0,0.0
Willowbrook,IL,DUPAGE,2023-09-01,2023,9,1,Fall,4,41.8,-87.9,365.0,146.0,202.0,11.0,4.0,2.0,0.0,234.0,77.0,53.0,0.0,0.0,101.0,264.0,0.0
Willowbrook,IL,DUPAGE,2023-09-02,2023,9,2,Fall,12,41.8,-87.9,365.0,146.0,202.0,11.0,4.0,2.0,0.0,234.0,77.0,53.0,0.0,0.0,101.0,264.0,0.0
Willowbrook,IL,DUPAGE,2023-09-18,2023,9,18,Fall,4,41.8,-87.9,365.0,146.0,202.0,11.0,4.0,2.0,0.0,234.0,77.0,53.0,0.0,0.0,101.0,264.0,0.0
Willowbrook,IL,DUPAGE,2023-10-01,2023,10,1,Fall,4,41.8,-87.9,365.0,146.0,202.0,11.0,4.0,2.0,0.0,234.0,77.0,53.0,0.0,0.0,101.0,264.0,0.0
Willowbrook,IL,DUPAGE,2023-10-03,2023,10,3,Fall,4,41.8,-87.9,365.0,146.0,202.0,11.0,4.0,2.0,0.0,234.0,77.0,53.0,0.0,0.0,101.0,264.0,0.0
Willowbrook,IL,DUPAGE,2023-10-21,2023,10,21,Fall,4,41.8,-87.9,365.0,146.0,202.0,11.0,4.0,2.0,0.0,234.0,77.0,53.0,0.0,0.0,101.0,264.0,0.0
Wilmette,IL,COOK,2023-06-09,2023,6,9,Summer,2,42.1,-87.7,365.0,104.0,227.0,27.0,5.0,2.0,0.0,223.0,93.0,57.0,0.0,8.0,97.0,252.0,8.0
Wilmette,IL,COOK,2023-07-10,2023,7,10,Summer,1,42.1,-87.7,365.0,104.0,227.0,27.0,5.0,2.0,0.0,223.0,93.0,57.0,0.0,8.0,97.0,252.0,8.0
Wilmington,DE,NEW CASTLE,2023-07-08,2023,7,8,Summer,60,39.7,-75.7,365.0,162.0,193.0,6.0,2.0,2.0,0.0,282.0,74.0,52.0,0.0,2.0,113.0,250.0,0.0
Wilmington,MA,MIDDLESEX,2023-09-16,2023,9,16,Fall,1,42.5,-71.2,365.0,281.0,83.0,1.0,0.0,0.0,0.0,101.0,57.0,39.0,0.0,7.0,193.0,165.0,0.0
Wilmington,NC,NEW HANOVER,2023-07-25,2023,7,25,Summer,7,34.2,-77.9,362.0,237.0,124.0,1.0,0.0,0.0,0.0,142.0,62.0,44.0,0.0,0.0,91.0,271.0,0.0
Wilmington,NC,NEW HANOVER,2023-07-31,2023,7,31,Summer,7,34.2,-77.9,362.0,237.0,124.0,1.0,0.0,0.0,0.0,142.0,62.0,44.0,0.0,0.0,91.0,271.0,0.0
Wilmington,NC,NEW HANOVER,2023-08-01,2023,8,1,Summer,7,34.2,-77.9,362.0,237.0,124.0,1.0,0.0,0.0,0.0,142.0,62.0,44.0,0.0,0.0,91.0,271.0,0.0
Wilmington,NC,NEW HANOVER,2023-12-02,2023,12,2,Winter,7,34.1,-77.9,362.0,237.0,124.0,1.0,0.0,0.0,0.0,142.0,62.0,44.0,0.0,0.0,91.0,271.0,0.0
Wilmington,NY,ESSEX,2023-09-02,2023,9,2,Fall,3,44.5,-73.8,365.0,296.0,59.0,8.0,2.0,0.0,0.0,161.0,60.0,42.0,0.0,0.0,316.0,49.0,0.0
Wilson,NC,WILSON,2023-09-29,2023,9,29,Fall,2,35.7,-77.9,,,,,,,,,,,,,,,
Wilson,NY,NIAGARA,2023-08-05,2023,8,5,Summer,3,43.3,-78.8,356.0,335.0,21.0,0.0,0.0,0.0,0.0,97.0,46.0,33.0,0.0,0.0,356.0,0.0,0.0
Winchendon,MA,WORCESTER,2023-06-30,2023,6,30,Summer,1,42.7,-72.0,365.0,268.0,93.0,4.0,0.0,0.0,0.0,148.0,58.0,39.0,0.0,5.0,190.0,170.0,0.0
Winchendon,MA,WORCESTER,2023-07-03,2023,7,3,Summer,1,42.7,-72.0,365.0,268.0,93.0,4.0,0.0,0.0,0.0,148.0,58.0,39.0,0.0,5.0,190.0,170.0,0.0
Winchendon,MA,WORCESTER,2023-07-15,2023,7,15,Summer,1,42.7,-72.0,365.0,268.0,93.0,4.0,0.0,0.0,0.0,148.0,58.0,39.0,0.0,5.0,190.0,170.0,0.0
Winchendon,MA,WORCESTER,2023-07-29,2023,7,29,Summer,1,42.7,-72.0,365.0,268.0,93.0,4.0,0.0,0.0,0.0,148.0,58.0,39.0,0.0,5.0,190.0,170.0,0.0
Winchendon,MA,WORCESTER,2023-08-09,2023,8,9,Summer,3,42.7,-72.0,365.0,268.0,93.0,4.0,0.0,0.0,0.0,148.0,58.0,39.0,0.0,5.0,190.0,170.0,0.0
Winchendon,MA,WORCESTER,2023-10-04,2023,10,4,Fall,1,42.7,-72.0,365.0,268.0,93.0,4.0,0.0,0.0,0.0,148.0,58.0,39.0,0.0,5.0,190.0,170.0,0.0
Winchendon,MA,WORCESTER,2023-10-24,2023,10,24,Fall,1,42.7,-72.0,365.0,268.0,93.0,4.0,0.0,0.0,0.0,148.0,58.0,39.0,0.0,5.0,190.0,170.0,0.0
Winchester,KY,CLARK,2023-08-12,2023,8,12,Summer,6,38.0,-84.2,,,,,,,,,,,,,,,
Winchester,KY,CLARK,2023-10-12,2023,10,12,Fall,2,38.0,-84.2,,,,,,,,,,,,,,,
Winchester,MA,MIDDLESEX,2023-07-10,2023,7,10,Summer,1,42.5,-71.1,365.0,281.0,83.0,1.0,0.0,0.0,0.0,101.0,57.0,39.0,0.0,7.0,193.0,165.0,0.0
Winchester,MA,MIDDLESEX,2023-07-11,2023,7,11,Summer,1,42.5,-71.1,365.0,281.0,83.0,1.0,0.0,0.0,0.0,101.0,57.0,39.0,0.0,7.0,193.0,165.0,0.0
Winchester,VA,FREDERICK,2023-08-02,2023,8,2,Summer,4,39.2,-78.1,363.0,240.0,114.0,5.0,4.0,0.0,0.0,185.0,66.0,44.0,0.0,0.0,125.0,238.0,0.0
Winchester,VA,FREDERICK,2023-08-25,2023,8,25,Summer,2,39.2,-78.2,363.0,240.0,114.0,5.0,4.0,0.0,0.0,185.0,66.0,44.0,0.0,0.0,125.0,238.0,0.0
Winchester,VA,FREDERICK,2023-10-01,2023,10,1,Fall,12,39.2,-78.2,363.0,240.0,114.0,5.0,4.0,0.0,0.0,185.0,66.0,44.0,0.0,0.0,125.0,238.0,0.0
Windham,NY,GREENE,2023-09-09,2023,9,9,Fall,1,42.3,-74.2,,,,,,,,,,,,,,,
Windsor Heights,IA,POLK,2023-05-08,2023,5,8,Spring,4,41.6,-93.7,365.0,168.0,182.0,12.0,3.0,0.0,0.0,166.0,73.0,52.0,0.0,3.0,81.0,281.0,0.0
Windsor Heights,IA,POLK,2023-10-02,2023,10,2,Fall,8,41.6,-93.7,365.0,168.0,182.0,12.0,3.0,0.0,0.0,166.0,73.0,52.0,0.0,3.0,81.0,281.0,0.0
Windsor Locks,CT,HARTFORD,2023-10-08,2023,10,8,Fall,2,41.9,-72.6,365.0,226.0,132.0,4.0,3.0,0.0,0.0,166.0,64.0,43.0,0.0,19.0,156.0,190.0,0.0
Winfield,PA,UNION,2023-08-03,2023,8,3,Summer,2,40.9,-77.0,,,,,,,,,,,,,,,
Winnetka,IL,COOK,2023-07-13,2023,7,13,Summer,2,42.1,-87.8,365.0,104.0,227.0,27.0,5.0,2.0,0.0,223.0,93.0,57.0,0.0,8.0,97.0,252.0,8.0
Winnetka,IL,COOK,2023-07-16,2023,7,16,Summer,10,42.1,-87.8,365.0,104.0,227.0,27.0,5.0,2.0,0.0,223.0,93.0,57.0,0.0,8.0,97.0,252.0,8.0
Winnetka,IL,COOK,2023-07-17,2023,7,17,Summer,8,42.1,-87.8,365.0,104.0,227.0,27.0,5.0,2.0,0.0,223.0,93.0,57.0,0.0,8.0,97.0,252.0,8.0
Winnetka,IL,COOK,2023-07-23,2023,7,23,Summer,6,42.1,-87.8,365.0,104.0,227.0,27.0,5.0,2.0,0.0,223.0,93.0,57.0,0.0,8.0,97.0,252.0,8.0
Winnetka,IL,COOK,2023-07-25,2023,7,25,Summer,4,42.1,-87.8,365.0,104.0,227.0,27.0,5.0,2.0,0.0,223.0,93.0,57.0,0.0,8.0,97.0,252.0,8.0
Winnetka,IL,COOK,2023-07-29,2023,7,29,Summer,2,42.1,-87.8,365.0,104.0,227.0,27.0,5.0,2.0,0.0,223.0,93.0,57.0,0.0,8.0,97.0,252.0,8.0
Winnetka,IL,COOK,2023-08-02,2023,8,2,Summer,4,42.1,-87.8,365.0,104.0,227.0,27.0,5.0,2.0,0.0,223.0,93.0,57.0,0.0,8.0,97.0,252.0,8.0
Winnetka,IL,COOK,2023-08-04,2023,8,4,Summer,2,42.1,-87.8,365.0,104.0,227.0,27.0,5.0,2.0,0.0,223.0,93.0,57.0,0.0,8.0,97.0,252.0,8.0
Winnetka,IL,COOK,2023-08-05,2023,8,5,Summer,4,42.1,-87.8,365.0,104.0,227.0,27.0,5.0,2.0,0.0,223.0,93.0,57.0,0.0,8.0,97.0,252.0,8.0
Winnetka,IL,COOK,2023-08-15,2023,8,15,Summer,2,42.1,-87.8,365.0,104.0,227.0,27.0,5.0,2.0,0.0,223.0,93.0,57.0,0.0,8.0,97.0,252.0,8.0
Winnetka,IL,COOK,2023-08-16,2023,8,16,Summer,2,42.1,-87.8,365.0,104.0,227.0,27.0,5.0,2.0,0.0,223.0,93.0,57.0,0.0,8.0,97.0,252.0,8.0
Winnetka,IL,COOK,2023-08-17,2023,8,17,Summer,4,42.1,-87.8,365.0,104.0,227.0,27.0,5.0,2.0,0.0,223.0,93.0,57.0,0.0,8.0,97.0,252.0,8.0
Winnetka,IL,COOK,2023-08-26,2023,8,26,Summer,2,42.1,-87.8,365.0,104.0,227.0,27.0,5.0,2.0,0.0,223.0,93.0,57.0,0.0,8.0,97.0,252.0,8.0
Winnetka,IL,COOK,2023-09-02,2023,9,2,Fall,2,42.1,-87.8,365.0,104.0,227.0,27.0,5.0,2.0,0.0,223.0,93.0,57.0,0.0,8.0,97.0,252.0,8.0
Winnetka,IL,COOK,2023-09-03,2023,9,3,Fall,2,42.1,-87.8,365.0,104.0,227.0,27.0,5.0,2.0,0.0,223.0,93.0,57.0,0.0,8.0,97.0,252.0,8.0
Winnetka,IL,COOK,2023-09-06,2023,9,6,Fall,4,42.1,-87.8,365.0,104.0,227.0,27.0,5.0,2.0,0.0,223.0,93.0,57.0,0.0,8.0,97.0,252.0,8.0
Winnetka,IL,COOK,2023-09-08,2023,9,8,Fall,2,42.1,-87.8,365.0,104.0,227.0,27.0,5.0,2.0,0.0,223.0,93.0,57.0,0.0,8.0,97.0,252.0,8.0
Winter Harbor,ME,HANCOCK,2023-07-21,2023,7,21,Summer,1,44.3,-68.1,365.0,314.0,51.0,0.0,0.0,0.0,0.0,93.0,54.0,38.0,0.0,0.0,321.0,44.0,0.0
Winter Harbor,ME,HANCOCK,2023-08-22,2023,8,22,Summer,2,44.3,-68.1,365.0,314.0,51.0,0.0,0.0,0.0,0.0,93.0,54.0,38.0,0.0,0.0,321.0,44.0,0.0
Winter Harbor,ME,HANCOCK,2023-08-31,2023,8,31,Summer,7,44.3,-68.1,365.0,314.0,51.0,0.0,0.0,0.0,0.0,93.0,54.0,38.0,0.0,0.0,321.0,44.0,0.0
Winter Harbor,ME,HANCOCK,2023-10-01,2023,10,1,Fall,3,44.3,-68.1,365.0,314.0,51.0,0.0,0.0,0.0,0.0,93.0,54.0,38.0,0.0,0.0,321.0,44.0,0.0
Winter Haven,FL,POLK,2023-02-01,2023,2,1,Winter,108,28.1,-81.7,365.0,275.0,89.0,1.0,0.0,0.0,0.0,101.0,58.0,42.0,0.0,0.0,220.0,145.0,0.0
Winter Haven,FL,POLK,2023-02-23,2023,2,23,Winter,108,28.1,-81.7,365.0,275.0,89.0,1.0,0.0,0.0,0.0,101.0,58.0,42.0,0.0,0.0,220.0,145.0,0.0
Winter Haven,FL,POLK,2023-03-31,2023,3,31,Spring,18,28.1,-81.7,365.0,275.0,89.0,1.0,0.0,0.0,0.0,101.0,58.0,42.0,0.0,0.0,220.0,145.0,0.0
Winter Haven,FL,POLK,2023-04-04,2023,4,4,Spring,9,28.1,-81.7,365.0,275.0,89.0,1.0,0.0,0.0,0.0,101.0,58.0,42.0,0.0,0.0,220.0,145.0,0.0
Winterset,IA,MADISON,2023-07-30,2023,7,30,Summer,5,41.4,-94.0,,,,,,,,,,,,,,,
Winthrop,MA,SUFFOLK,2023-10-12,2023,10,12,Fall,4,42.4,-71.0,365.0,231.0,134.0,0.0,0.0,0.0,0.0,99.0,62.0,44.0,0.0,17.0,94.0,254.0,0.0
Wolfeboro,NH,CARROLL,2023-08-24,2023,8,24,Summer,2,43.7,-71.1,,,,,,,,,,,,,,,
Wood River,NE,HALL,2023-09-25,2023,9,25,Fall,20,40.8,-98.5,342.0,251.0,88.0,0.0,3.0,0.0,0.0,190.0,58.0,35.0,0.0,0.0,0.0,342.0,0.0
Woodbine,MD,HOWARD,2023-10-28,2023,10,28,Fall,1,39.3,-77.1,365.0,268.0,93.0,1.0,3.0,0.0,0.0,188.0,59.0,38.0,0.0,64.0,0.0,301.0,0.0
Woodbridge,CT,NEW HAVEN,2023-07-22,2023,7,22,Summer,2,41.3,-73.0,365.0,205.0,148.0,9.0,2.0,1.0,0.0,208.0,74.0,47.0,0.0,9.0,158.0,198.0,0.0
Woodbridge,CT,NEW HAVEN,2023-09-03,2023,9,3,Fall,2,41.3,-73.0,365.0,205.0,148.0,9.0,2.0,1.0,0.0,208.0,74.0,47.0,0.0,9.0,158.0,198.0,0.0
Woodbridge,VA,PRINCE WILLIAM,2023-09-05,2023,9,5,Fall,18,38.7,-77.3,365.0,329.0,33.0,3.0,0.0,0.0,0.0,129.0,50.0,37.0,0.0,4.0,361.0,0.0,0.0
Woodland,AL,RANDOLPH,2023-10-04,2023,10,4,Fall,3,33.4,-85.3,,,,,,,,,,,,,,,
Woodland,CA,YOLO,2023-08-23,2023,8,23,Summer,2,38.7,-121.8,365.0,246.0,117.0,2.0,0.0,0.0,0.0,108.0,65.0,43.0,0.0,0.0,225.0,140.0,0.0
Woodland,CA,YOLO,2023-08-25,2023,8,25,Summer,2,38.7,-121.8,365.0,246.0,117.0,2.0,0.0,0.0,0.0,108.0,65.0,43.0,0.0,0.0,225.0,140.0,0.0
Woodland,CA,YOLO,2023-09-04,2023,9,4,Fall,4,38.7,-121.8,365.0,246.0,117.0,2.0,0.0,0.0,0.0,108.0,65.0,43.0,0.0,0.0,225.0,140.0,0.0
Woodland,CA,YOLO,2023-09-19,2023,9,19,Fall,1,38.7,-121.8,365.0,246.0,117.0,2.0,0.0,0.0,0.0,108.0,65.0,43.0,0.0,0.0,225.0,140.0,0.0
Woodland,CA,YOLO,2023-10-11,2023,10,11,Fall,1,38.7,-121.8,365.0,246.0,117.0,2.0,0.0,0.0,0.0,108.0,65.0,43.0,0.0,0.0,225.0,140.0,0.0
Woodland,CA,YOLO,2023-10-26,2023,10,26,Fall,1,38.7,-121.8,365.0,246.0,117.0,2.0,0.0,0.0,0.0,108.0,65.0,43.0,0.0,0.0,225.0,140.0,0.0
Woodland,CA,YOLO,2023-10-27,2023,10,27,Fall,1,38.7,-121.8,365.0,246.0,117.0,2.0,0.0,0.0,0.0,108.0,65.0,43.0,0.0,0.0,225.0,140.0,0.0
Woodridge,IL,DUPAGE,2023-08-01,2023,8,1,Summer,2,41.8,-88.0,365.0,146.0,202.0,11.0,4.0,2.0,0.0,234.0,77.0,53.0,0.0,0.0,101.0,264.0,0.0
Woodstock,MD,HOWARD,2023-07-31,2023,7,31,Summer,4,39.3,-76.9,365.0,268.0,93.0,1.0,3.0,0.0,0.0,188.0,59.0,38.0,0.0,64.0,0.0,301.0,0.0
Woonsocket,RI,PROVIDENCE,2023-10-08,2023,10,8,Fall,1,42.0,-71.5,365.0,217.0,144.0,4.0,0.0,0.0,0.0,125.0,63.0,46.0,0.0,2.0,123.0,240.0,0.0
Wooster,OH,WAYNE,2023-09-30,2023,9,30,Fall,1,40.8,-82.0,,,,,,,,,,,,,,,
Worcester,MA,WORCESTER,2023-07-05,2023,7,5,Summer,6,42.3,-71.8,365.0,268.0,93.0,4.0,0.0,0.0,0.0,148.0,58.0,39.0,0.0,5.0,190.0,170.0,0.0
Worcester,MA,WORCESTER,2023-07-12,2023,7,12,Summer,6,42.3,-71.9,365.0,268.0,93.0,4.0,0.0,0.0,0.0,148.0,58.0,39.0,0.0,5.0,190.0,170.0,0.0
Worcester,MA,WORCESTER,2023-07-18,2023,7,18,Summer,6,42.3,-71.8,365.0,268.0,93.0,4.0,0.0,0.0,0.0,148.0,58.0,39.0,0.0,5.0,190.0,170.0,0.0
Worcester,MA,WORCESTER,2023-07-23,2023,7,23,Summer,6,42.3,-71.8,365.0,268.0,93.0,4.0,0.0,0.0,0.0,148.0,58.0,39.0,0.0,5.0,190.0,170.0,0.0
Worcester,MA,WORCESTER,2023-08-03,2023,8,3,Summer,6,42.3,-71.8,365.0,268.0,93.0,4.0,0.0,0.0,0.0,148.0,58.0,39.0,0.0,5.0,190.0,170.0,0.0
Worcester,MA,WORCESTER,2023-10-04,2023,10,4,Fall,6,42.3,-71.8,365.0,268.0,93.0,4.0,0.0,0.0,0.0,148.0,58.0,39.0,0.0,5.0,190.0,170.0,0.0
Wyandotte,MI,WAYNE,2023-07-30,2023,7,30,Summer,2,42.2,-83.1,365.0,70.0,272.0,19.0,3.0,1.0,0.0,226.0,89.0,61.0,0.0,2.0,33.0,329.0,1.0
Wyandotte,MI,WAYNE,2023-08-02,2023,8,2,Summer,2,42.2,-83.1,365.0,70.0,272.0,19.0,3.0,1.0,0.0,226.0,89.0,61.0,0.0,2.0,33.0,329.0,1.0
Wyandotte,MI,WAYNE,2023-08-18,2023,8,18,Summer,2,42.2,-83.2,365.0,70.0,272.0,19.0,3.0,1.0,0.0,226.0,89.0,61.0,0.0,2.0,33.0,329.0,1.0
Wylie,TX,COLLIN,2023-10-06,2023,10,6,Fall,6,33.0,-96.6,356.0,261.0,74.0,19.0,2.0,0.0,0.0,154.0,80.0,41.0,0.0,0.0,356.0,0.0,0.0
Wynnewood,PA,MONTGOMERY,2023-08-15,2023,8,15,Summer,3,40.0,-75.3,365.0,232.0,127.0,1.0,3.0,2.0,0.0,284.0,67.0,44.0,0.0,0.0,144.0,221.0,0.0
Wynnewood,PA,MONTGOMERY,2023-09-21,2023,9,21,Fall,3,40.0,-75.3,365.0,232.0,127.0,1.0,3.0,2.0,0.0,284.0,67.0,44.0,0.0,0.0,144.0,221.0,0.0
Wyocena,WI,COLUMBIA,2023-08-09,2023,8,9,Summer,7,43.5,-89.3,203.0,133.0,52.0,16.0,2.0,0.0,0.0,159.0,93.0,44.0,0.0,0.0,203.0,0.0,0.0
Wyoming,IL,STARK,2023-07-17,2023,7,17,Summer,2,41.1,-89.8,,,,,,,,,,,,,,,
Wyoming,IL,STARK,2023-07-23,2023,7,23,Summer,2,41.1,-89.8,,,,,,,,,,,,,,,
Wyoming,IL,STARK,2023-08-31,2023,8,31,Summer,2,41.1,-89.8,,,,,,,,,,,,,,,
Wyoming,IL,STARK,2023-10-02,2023,10,2,Fall,4,41.1,-89.8,,,,,,,,,,,,,,,
Wyoming,MI,KENT,2023-10-02,2023,10,2,Fall,4,42.9,-85.7,365.0,188.0,165.0,9.0,2.0,1.0,0.0,220.0,80.0,49.0,1.0,13.0,153.0,198.0,0.0
Wyoming,MI,KENT,2023-10-03,2023,10,3,Fall,2,42.9,-85.7,365.0,188.0,165.0,9.0,2.0,1.0,0.0,220.0,80.0,49.0,1.0,13.0,153.0,198.0,0.0
Xenia,OH,GREENE,2023-09-03,2023,9,3,Fall,16,39.7,-83.8,244.0,187.0,53.0,4.0,0.0,0.0,0.0,126.0,67.0,44.0,0.0,0.0,244.0,0.0,0.0
Yakima,WA,YAKIMA,2023-06-04,2023,6,4,Summer,15,46.6,-120.5,365.0,203.0,158.0,1.0,1.0,2.0,0.0,233.0,69.0,46.0,0.0,0.0,0.0,363.0,2.0
Yakima,WA,YAKIMA,2023-06-24,2023,6,24,Summer,15,46.6,-120.6,365.0,203.0,158.0,1.0,1.0,2.0,0.0,233.0,69.0,46.0,0.0,0.0,0.0,363.0,2.0
Yellow Springs,OH,GREENE,2023-07-03,2023,7,3,Summer,2,39.8,-83.9,244.0,187.0,53.0,4.0,0.0,0.0,0.0,126.0,67.0,44.0,0.0,0.0,244.0,0.0,0.0
Yellow Springs,OH,GREENE,2023-10-09,2023,10,9,Fall,4,39.8,-83.9,244.0,187.0,53.0,4.0,0.0,0.0,0.0,126.0,67.0,44.0,0.0,0.0,244.0,0.0,0.0
Yonkers,NY,WESTCHESTER,2023-07-06,2023,7,6,Summer,2,40.9,-73.9,365.0,287.0,71.0,4.0,3.0,0.0,0.0,198.0,58.0,39.0,0.0,0.0,221.0,144.0,0.0
Yonkers,NY,WESTCHESTER,2023-07-14,2023,7,14,Summer,2,40.9,-73.9,365.0,287.0,71.0,4.0,3.0,0.0,0.0,198.0,58.0,39.0,0.0,0.0,221.0,144.0,0.0
Yonkers,NY,WESTCHESTER,2023-07-23,2023,7,23,Summer,2,40.9,-73.9,365.0,287.0,71.0,4.0,3.0,0.0,0.0,198.0,58.0,39.0,0.0,0.0,221.0,144.0,0.0
Yonkers,NY,WESTCHESTER,2023-07-30,2023,7,30,Summer,2,40.9,-73.9,365.0,287.0,71.0,4.0,3.0,0.0,0.0,198.0,58.0,39.0,0.0,0.0,221.0,144.0,0.0
Yonkers,NY,WESTCHESTER,2023-08-06,2023,8,6,Summer,2,40.9,-73.9,365.0,287.0,71.0,4.0,3.0,0.0,0.0,198.0,58.0,39.0,0.0,0.0,221.0,144.0,0.0
Yonkers,NY,WESTCHESTER,2023-08-13,2023,8,13,Summer,4,40.9,-73.9,365.0,287.0,71.0,4.0,3.0,0.0,0.0,198.0,58.0,39.0,0.0,0.0,221.0,144.0,0.0
Yonkers,NY,WESTCHESTER,2023-08-21,2023,8,21,Summer,2,40.9,-73.9,365.0,287.0,71.0,4.0,3.0,0.0,0.0,198.0,58.0,39.0,0.0,0.0,221.0,144.0,0.0
Yonkers,NY,WESTCHESTER,2023-09-03,2023,9,3,Fall,2,40.9,-73.9,365.0,287.0,71.0,4.0,3.0,0.0,0.0,198.0,58.0,39.0,0.0,0.0,221.0,144.0,0.0
Yonkers,NY,WESTCHESTER,2023-09-12,2023,9,12,Fall,2,40.9,-73.9,365.0,287.0,71.0,4.0,3.0,0.0,0.0,198.0,58.0,39.0,0.0,0.0,221.0,144.0,0.0
Yonkers,NY,WESTCHESTER,2023-09-16,2023,9,16,Fall,8,40.9,-73.9,365.0,287.0,71.0,4.0,3.0,0.0,0.0,198.0,58.0,39.0,0.0,0.0,221.0,144.0,0.0
Yonkers,NY,WESTCHESTER,2023-09-19,2023,9,19,Fall,10,40.9,-73.9,365.0,287.0,71.0,4.0,3.0,0.0,0.0,198.0,58.0,39.0,0.0,0.0,221.0,144.0,0.0
Yonkers,NY,WESTCHESTER,2023-09-20,2023,9,20,Fall,6,40.9,-73.9,365.0,287.0,71.0,4.0,3.0,0.0,0.0,198.0,58.0,39.0,0.0,0.0,221.0,144.0,0.0
Yonkers,NY,WESTCHESTER,2023-10-01,2023,10,1,Fall,2,40.9,-73.9,365.0,287.0,71.0,4.0,3.0,0.0,0.0,198.0,58.0,39.0,0.0,0.0,221.0,144.0,0.0
Yonkers,NY,WESTCHESTER,2023-10-02,2023,10,2,Fall,4,40.9,-73.9,365.0,287.0,71.0,4.0,3.0,0.0,0.0,198.0,58.0,39.0,0.0,0.0,221.0,144.0,0.0
Yonkers,NY,WESTCHESTER,2023-10-04,2023,10,4,Fall,8,40.9,-73.9,365.0,287.0,71.0,4.0,3.0,0.0,0.0,198.0,58.0,39.0,0.0,0.0,221.0,144.0,0.0
Yonkers,NY,WESTCHESTER,2023-10-10,2023,10,10,Fall,2,40.9,-73.9,365.0,287.0,71.0,4.0,3.0,0.0,0.0,198.0,58.0,39.0,0.0,0.0,221.0,144.0,0.0
Yonkers,NY,WESTCHESTER,2023-10-11,2023,10,11,Fall,4,40.9,-73.9,365.0,287.0,71.0,4.0,3.0,0.0,0.0,198.0,58.0,39.0,0.0,0.0,221.0,144.0,0.0
Yorba Linda,CA,ORANGE,2023-08-01,2023,8,1,Summer,5,33.9,-117.8,365.0,160.0,195.0,9.0,1.0,0.0,0.0,166.0,77.0,52.0,0.0,14.0,142.0,204.0,5.0
York,PA,YORK,2023-05-12,2023,5,12,Spring,31,39.9,-76.7,356.0,198.0,150.0,4.0,3.0,1.0,0.0,256.0,72.0,48.0,0.0,1.0,147.0,208.0,0.0
York,PA,YORK,2023-06-19,2023,6,19,Summer,31,39.9,-76.7,356.0,198.0,150.0,4.0,3.0,1.0,0.0,256.0,72.0,48.0,0.0,1.0,147.0,208.0,0.0
York,PA,YORK,2023-07-02,2023,7,2,Summer,93,39.9,-76.7,356.0,198.0,150.0,4.0,3.0,1.0,0.0,256.0,72.0,48.0,0.0,1.0,147.0,208.0,0.0
York,PA,YORK,2023-07-03,2023,7,3,Summer,124,39.9,-76.7,356.0,198.0,150.0,4.0,3.0,1.0,0.0,256.0,72.0,48.0,0.0,1.0,147.0,208.0,0.0
York,PA,YORK,2023-07-11,2023,7,11,Summer,31,39.9,-76.7,356.0,198.0,150.0,4.0,3.0,1.0,0.0,256.0,72.0,48.0,0.0,1.0,147.0,208.0,0.0
York,PA,YORK,2023-07-16,2023,7,16,Summer,31,39.9,-76.7,356.0,198.0,150.0,4.0,3.0,1.0,0.0,256.0,72.0,48.0,0.0,1.0,147.0,208.0,0.0
York,PA,YORK,2023-08-02,2023,8,2,Summer,155,39.9,-76.7,356.0,198.0,150.0,4.0,3.0,1.0,0.0,256.0,72.0,48.0,0.0,1.0,147.0,208.0,0.0
York,PA,YORK,2023-08-03,2023,8,3,Summer,93,39.9,-76.7,356.0,198.0,150.0,4.0,3.0,1.0,0.0,256.0,72.0,48.0,0.0,1.0,147.0,208.0,0.0
York,PA,YORK,2023-08-04,2023,8,4,Summer,62,39.9,-76.7,356.0,198.0,150.0,4.0,3.0,1.0,0.0,256.0,72.0,48.0,0.0,1.0,147.0,208.0,0.0
York,PA,YORK,2023-08-05,2023,8,5,Summer,31,39.9,-76.7,356.0,198.0,150.0,4.0,3.0,1.0,0.0,256.0,72.0,48.0,0.0,1.0,147.0,208.0,0.0
York,PA,YORK,2023-08-06,2023,8,6,Summer,31,39.9,-76.7,356.0,198.0,150.0,4.0,3.0,1.0,0.0,256.0,72.0,48.0,0.0,1.0,147.0,208.0,0.0
York,PA,YORK,2023-08-09,2023,8,9,Summer,31,39.9,-76.7,356.0,198.0,150.0,4.0,3.0,1.0,0.0,256.0,72.0,48.0,0.0,1.0,147.0,208.0,0.0
York,PA,YORK,2023-08-11,2023,8,11,Summer,93,39.9,-76.7,356.0,198.0,150.0,4.0,3.0,1.0,0.0,256.0,72.0,48.0,0.0,1.0,147.0,208.0,0.0
York,PA,YORK,2023-08-12,2023,8,12,Summer,124,39.9,-76.7,356.0,198.0,150.0,4.0,3.0,1.0,0.0,256.0,72.0,48.0,0.0,1.0,147.0,208.0,0.0
York,PA,YORK,2023-08-13,2023,8,13,Summer,217,40.0,-76.7,356.0,198.0,150.0,4.0,3.0,1.0,0.0,256.0,72.0,48.0,0.0,1.0,147.0,208.0,0.0
York,PA,YORK,2023-08-14,2023,8,14,Summer,496,39.9,-76.7,356.0,198.0,150.0,4.0,3.0,1.0,0.0,256.0,72.0,48.0,0.0,1.0,147.0,208.0,0.0
York,PA,YORK,2023-08-15,2023,8,15,Summer,248,39.9,-76.7,356.0,198.0,150.0,4.0,3.0,1.0,0.0,256.0,72.0,48.0,0.0,1.0,147.0,208.0,0.0
York,PA,YORK,2023-08-16,2023,8,16,Summer,434,39.9,-76.7,356.0,198.0,150.0,4.0,3.0,1.0,0.0,256.0,72.0,48.0,0.0,1.0,147.0,208.0,0.0
York,PA,YORK,2023-08-17,2023,8,17,Summer,341,39.9,-76.7,356.0,198.0,150.0,4.0,3.0,1.0,0.0,256.0,72.0,48.0,0.0,1.0,147.0,208.0,0.0
York,PA,YORK,2023-08-18,2023,8,18,Summer,93,39.9,-76.7,356.0,198.0,150.0,4.0,3.0,1.0,0.0,256.0,72.0,48.0,0.0,1.0,147.0,208.0,0.0
York,PA,YORK,2023-08-19,2023,8,19,Summer,62,39.9,-76.7,356.0,198.0,150.0,4.0,3.0,1.0,0.0,256.0,72.0,48.0,0.0,1.0,147.0,208.0,0.0
York,PA,YORK,2023-08-20,2023,8,20,Summer,124,39.9,-76.7,356.0,198.0,150.0,4.0,3.0,1.0,0.0,256.0,72.0,48.0,0.0,1.0,147.0,208.0,0.0
York,PA,YORK,2023-08-21,2023,8,21,Summer,31,40.0,-76.7,356.0,198.0,150.0,4.0,3.0,1.0,0.0,256.0,72.0,48.0,0.0,1.0,147.0,208.0,0.0
York,PA,YORK,2023-08-22,2023,8,22,Summer,93,39.9,-76.7,356.0,198.0,150.0,4.0,3.0,1.0,0.0,256.0,72.0,48.0,0.0,1.0,147.0,208.0,0.0
York,PA,YORK,2023-08-24,2023,8,24,Summer,155,39.9,-76.7,356.0,198.0,150.0,4.0,3.0,1.0,0.0,256.0,72.0,48.0,0.0,1.0,147.0,208.0,0.0
York,PA,YORK,2023-08-25,2023,8,25,Summer,62,39.9,-76.7,356.0,198.0,150.0,4.0,3.0,1.0,0.0,256.0,72.0,48.0,0.0,1.0,147.0,208.0,0.0
York,PA,YORK,2023-08-27,2023,8,27,Summer,31,39.9,-76.7,356.0,198.0,150.0,4.0,3.0,1.0,0.0,256.0,72.0,48.0,0.0,1.0,147.0,208.0,0.0
York,PA,YORK,2023-09-06,2023,9,6,Fall,31,39.9,-76.7,356.0,198.0,150.0,4.0,3.0,1.0,0.0,256.0,72.0,48.0,0.0,1.0,147.0,208.0,0.0
York,PA,YORK,2023-09-09,2023,9,9,Fall,93,39.9,-76.7,356.0,198.0,150.0,4.0,3.0,1.0,0.0,256.0,72.0,48.0,0.0,1.0,147.0,208.0,0.0
York,PA,YORK,2023-09-10,2023,9,10,Fall,62,39.9,-76.7,356.0,198.0,150.0,4.0,3.0,1.0,0.0,256.0,72.0,48.0,0.0,1.0,147.0,208.0,0.0
York,PA,YORK,2023-09-12,2023,9,12,Fall,31,39.9,-76.7,356.0,198.0,150.0,4.0,3.0,1.0,0.0,256.0,72.0,48.0,0.0,1.0,147.0,208.0,0.0
York,PA,YORK,2023-10-05,2023,10,5,Fall,310,39.9,-76.7,356.0,198.0,150.0,4.0,3.0,1.0,0.0,256.0,72.0,48.0,0.0,1.0,147.0,208.0,0.0
York,PA,YORK,2023-10-10,2023,10,10,Fall,62,39.9,-76.7,356.0,198.0,150.0,4.0,3.0,1.0,0.0,256.0,72.0,48.0,0.0,1.0,147.0,208.0,0.0
Youngstown,OH,MAHONING,2023-07-20,2023,7,20,Summer,6,41.1,-80.6,365.0,187.0,172.0,3.0,2.0,1.0,0.0,226.0,73.0,49.0,0.0,0.0,115.0,250.0,0.0
Youngstown,OH,MAHONING,2023-07-29,2023,7,29,Summer,12,41.1,-80.7,365.0,187.0,172.0,3.0,2.0,1.0,0.0,226.0,73.0,49.0,0.0,0.0,115.0,250.0,0.0
Youngstown,OH,MAHONING,2023-08-04,2023,8,4,Summer,6,41.1,-80.7,365.0,187.0,172.0,3.0,2.0,1.0,0.0,226.0,73.0,49.0,0.0,0.0,115.0,250.0,0.0
Youngstown,OH,MAHONING,2023-08-06,2023,8,6,Summer,18,41.1,-80.7,365.0,187.0,172.0,3.0,2.0,1.0,0.0,226.0,73.0,49.0,0.0,0.0,115.0,250.0,0.0
Youngsville,NC,FRANKLIN,2023-04-15,2023,4,15,Spring,6,36.0,-78.4,,,,,,,,,,,,,,,
Ypsilanti,MI,WASHTENAW,2023-07-22,2023,7,22,Summer,10,42.3,-83.6,365.0,168.0,184.0,9.0,2.0,2.0,0.0,218.0,76.0,52.0,0.0,0.0,121.0,244.0,0.0
Ypsilanti,MI,WASHTENAW,2023-07-26,2023,7,26,Summer,5,42.2,-83.6,365.0,168.0,184.0,9.0,2.0,2.0,0.0,218.0,76.0,52.0,0.0,0.0,121.0,244.0,0.0
Ypsilanti,MI,WASHTENAW,2023-07-29,2023,7,29,Summer,20,42.2,-83.7,365.0,168.0,184.0,9.0,2.0,2.0,0.0,218.0,76.0,52.0,0.0,0.0,121.0,244.0,0.0
Ypsilanti,MI,WASHTENAW,2023-07-30,2023,7,30,Summer,60,42.2,-83.7,365.0,168.0,184.0,9.0,2.0,2.0,0.0,218.0,76.0,52.0,0.0,0.0,121.0,244.0,0.0
Ypsilanti,MI,WASHTENAW,2023-08-01,2023,8,1,Summer,15,42.2,-83.7,365.0,168.0,184.0,9.0,2.0,2.0,0.0,218.0,76.0,52.0,0.0,0.0,121.0,244.0,0.0
Ypsilanti,MI,WASHTENAW,2023-08-03,2023,8,3,Summer,5,42.2,-83.6,365.0,168.0,184.0,9.0,2.0,2.0,0.0,218.0,76.0,52.0,0.0,0.0,121.0,244.0,0.0
Ypsilanti,MI,WASHTENAW,2023-08-07,2023,8,7,Summer,5,42.2,-83.6,365.0,168.0,184.0,9.0,2.0,2.0,0.0,218.0,76.0,52.0,0.0,0.0,121.0,244.0,0.0
Ypsilanti,MI,WASHTENAW,2023-08-13,2023,8,13,Summer,5,42.2,-83.6,365.0,168.0,184.0,9.0,2.0,2.0,0.0,218.0,76.0,52.0,0.0,0.0,121.0,244.0,0.0
Ypsilanti,MI,WASHTENAW,2023-08-20,2023,8,20,Summer,10,42.2,-83.6,365.0,168.0,184.0,9.0,2.0,2.0,0.0,218.0,76.0,52.0,0.0,0.0,121.0,244.0,0.0
Ypsilanti,MI,WASHTENAW,2023-08-30,2023,8,30,Summer,10,42.2,-83.6,365.0,168.0,184.0,9.0,2.0,2.0,0.0,218.0,76.0,52.0,0.0,0.0,121.0,244.0,0.0
Yukon,OK,CANADIAN,2023-06-16,2023,6,16,Summer,1,35.5,-97.7,278.0,195.0,77.0,6.0,0.0,0.0,0.0,133.0,77.0,45.0,0.0,0.0,278.0,0.0,0.0
Yukon,OK,CANADIAN,2023-08-05,2023,8,5,Summer,2,35.5,-97.8,278.0,195.0,77.0,6.0,0.0,0.0,0.0,133.0,77.0,45.0,0.0,0.0,278.0,0.0,0.0
Yukon,OK,CANADIAN,2023-08-14,2023,8,14,Summer,1,35.5,-97.7,278.0,195.0,77.0,6.0,0.0,0.0,0.0,133.0,77.0,45.0,0.0,0.0,278.0,0.0,0.0
Yukon,OK,CANADIAN,2023-09-02,2023,9,2,Fall,2,35.5,-97.7,278.0,195.0,77.0,6.0,0.0,0.0,0.0,133.0,77.0,45.0,0.0,0.0,278.0,0.0,0.0
Yukon,OK,CANADIAN,2023-09-06,2023,9,6,Fall,1,35.5,-97.7,278.0,195.0,77.0,6.0,0.0,0.0,0.0,133.0,77.0,45.0,0.0,0.0,278.0,0.0,0.0
Yukon,OK,CANADIAN,2023-09-26,2023,9,26,Fall,1,35.5,-97.7,278.0,195.0,77.0,6.0,0.0,0.0,0.0,133.0,77.0,45.0,0.0,0.0,278.0,0.0,0.0
Yukon,OK,CANADIAN,2023-09-27,2023,9,27,Fall,1,35.6,-97.7,278.0,195.0,77.0,6.0,0.0,0.0,0.0,133.0,77.0,45.0,0.0,0.0,278.0,0.0,0.0
Yukon,OK,CANADIAN,2023-09-29,2023,9,29,Fall,2,35.5,-97.7,278.0,195.0,77.0,6.0,0.0,0.0,0.0,133.0,77.0,45.0,0.0,0.0,278.0,0.0,0.0
Yukon,OK,CANADIAN,2023-10-01,2023,10,1,Fall,15,35.6,-97.7,278.0,195.0,77.0,6.0,0.0,0.0,0.0,133.0,77.0,45.0,0.0,0.0,278.0,0.0,0.0
Yukon,OK,CANADIAN,2023-10-04,2023,10,4,Fall,2,35.5,-97.7,278.0,195.0,77.0,6.0,0.0,0.0,0.0,133.0,77.0,45.0,0.0,0.0,278.0,0.0,0.0
Yukon,OK,CANADIAN,2023-10-05,2023,10,5,Fall,1,35.5,-97.8,278.0,195.0,77.0,6.0,0.0,0.0,0.0,133.0,77.0,45.0,0.0,0.0,278.0,0.0,0.0
Yulee,FL,NASSAU,2023-08-12,2023,8,12,Summer,1,30.6,-81.6,,,,,,,,,,,,,,,
Yulee,FL,NASSAU,2023-08-19,2023,8,19,Summer,1,30.6,-81.6,,,,,,,,,,,,,,,
Zeeland,MI,OTTAWA,2023-07-14,2023,7,14,Summer,2,42.8,-86.0,356.0,176.0,172.0,5.0,2.0,1.0,0.0,227.0,74.0,51.0,0.0,0.0,105.0,251.0,0.0
Zephyrhills,FL,PASCO,2023-03-02,2023,3,2,Spring,3,28.2,-82.2,365.0,323.0,42.0,0.0,0.0,0.0,0.0,97.0,51.0,39.0,0.0,0.0,365.0,0.0,0.0
Zillah,WA,YAKIMA,2023-06-19,2023,6,19,Summer,1,46.4,-120.2,365.0,203.0,158.0,1.0,1.0,2.0,0.0,233.0,69.0,46.0,0.0,0.0,0.0,363.0,2.0
Zillah,WA,YAKIMA,2023-07-03,2023,7,3,Summer,1,46.4,-120.2,365.0,203.0,158.0,1.0,1.0,2.0,0.0,233.0,69.0,46.0,0.0,0.0,0.0,363.0,2.0
Zionsville,IN,BOONE,2023-08-16,2023,8,16,Summer,1,40.0,-86.3,362.0,307.0,46.0,8.0,1.0,0.0,0.0,185.0,61.0,37.0,0.0,0.0,362.0,0.0,0.0
Zionsville,IN,BOONE,2023-08-19,2023,8,19,Summer,1,40.0,-86.3,362.0,307.0,46.0,8.0,1.0,0.0,0.0,185.0,61.0,37.0,0.0,0.0,362.0,0.0,0.0
